10.000000000000000        4.1689394727717515E-015   4.1701939481707296E-014   4.5870878954479050E-014   6.8875653281197663E-029   7.3108666615290053E-013   5.3080330516936684E-011   5.3811417183089582E-011   5.4760084668756555E-011   1.8273184049799778E-016   8.9870993012170457E-017   2.7260283351016825E-016   1.0731625726535602E-029
11.547819846894582        3.1431626494706395E-015   3.1124103479867639E-014   3.4267266129338279E-014   3.3851228314842354E-029   4.2114520113441857E-013   3.2399247704487282E-011   3.2820392905621701E-011   3.3300654172136945E-011   1.7855833118098383E-016   7.9426840158305555E-017   2.5798517133928940E-016   9.0989886006204304E-030
13.335214321633240        2.3620592552632118E-015   2.3092741098200149E-014   2.5454800353463361E-014   1.6045487742343440E-029   2.4183697754458011E-013   1.9613588969348032E-011   1.9855425946892613E-011   2.0089983406277511E-011   1.7343497986188565E-016   7.0014362343894959E-017   2.4344934220578058E-016   7.4292297285611486E-030
15.399265260594920        1.7690673489656194E-015   1.7025711260101444E-014   1.8794778609067065E-014   7.3250114690921874E-030   1.3847829662978894E-013   1.1772732058509548E-011   1.1911210355139338E-011   1.2021252893542904E-011   1.6726630654462654E-016   6.1546732122900975E-017   2.2881303866752751E-016   5.8193118641625999E-030
17.782794100389228        1.3203150565297441E-015   1.2467227952956941E-014   1.3787543009486685E-014   3.2232043840395603E-030   7.9092079894787499E-014   7.0039472038334295E-012   7.0830392837282172E-012   7.1324957611261731E-012   1.6000917405454058E-016   5.3939302174070984E-017   2.1394847622861155E-016   4.3649421211095425E-030
20.535250264571459        9.8187971327499642E-016   9.0620703770061033E-015   1.0043950090281101E-014   1.3715021376706495E-030   4.5069784822287654E-014   4.1282814241603126E-012   4.1733512089825999E-012   4.1947422054046653E-012   1.5169662044853179E-016   4.7113746233446629E-017   1.9881036668197841E-016   3.1371589434983771E-030
23.713737056616552        7.2758837611707088E-016   6.5344459979446350E-015   7.2620343740617062E-015   5.6728915984435350E-031   2.5629141746367812E-014   2.4095596349140540E-012   2.4351887766604216E-012   2.4443413252074854E-012   1.4245177592008114E-016   4.0996680809819652E-017   1.8344845672990081E-016   2.1661223456356628E-030
27.384196342643612        5.3727606506790558E-016   4.6712155576042880E-015   5.2084916226721938E-015   2.2943852474021993E-031   1.4546573467112108E-014   1.3918591797072573E-012   1.4064057531743694E-012   1.4105987961312019E-012   1.3248251176859225E-016   3.5522031500446112E-017   1.6800454326903837E-016   1.4407352616632674E-030
31.622776601683793        3.9542613475650305E-016   3.3082259925054534E-015   3.7036521272619566E-015   9.1161549678755898E-032   8.2420528725879664E-015   7.9515787279054394E-013   8.0339992566313192E-013   8.0573296465539805E-013   1.2205366819684907E-016   3.0632829043825752E-017   1.5268649724067481E-016   9.2335230070160332E-031
36.517412725483773        2.9012229056123258E-016   2.3195799015208537E-015   2.6097021920820865E-015   3.5670658952608280E-032   4.6624774779392796E-015   4.4894252595508917E-013   4.5360500343302847E-013   4.5525623235110671E-013   1.1144570946347137E-016   2.6277467204126601E-017   1.3772317666759796E-016   5.6896552868636144E-031
42.169650342858226        2.1224512705313905E-016   1.6091443116180560E-015   1.8213894386711953E-015   1.3761997908393888E-032   2.6336150031416150E-015   2.5029924859289850E-013   2.5293286359604011E-013   2.5427369982707669E-013   1.0091794715483099E-016   2.2411596478374187E-017   1.2332954363320518E-016   3.3668511244867418E-031
48.696752516586308        1.5485170367250169E-016   1.1038580303404216E-015   1.2587097340129233E-015   5.2428076000021940E-033   1.4855202608622280E-015   1.3768815732019366E-013   1.3917367758105587E-013   1.4028460868390485E-013   9.0689719798051314E-017   1.8996122967451494E-017   1.0968584276550281E-016   1.9175675417834586E-031
56.234132519034908        1.1268847718183991E-016   7.4849720217425768E-016   8.6118567935609760E-016   1.9763369783860542E-033   8.3679926296053319E-016   7.4669231582484232E-014   7.5506030845444768E-014   7.6393056763259701E-014   8.0936895881744033E-017   1.5996192457871801E-017   9.6933088339615837E-017   1.0552045102853305E-031
64.938163157621133        8.1804199595436433E-017   5.0158964542088766E-016   5.8339384501632409E-016   7.3878992095983221E-034   4.7075538686731484E-016   3.9890143371005538E-014   4.0360898757872853E-014   4.1030825923026089E-014   7.1792622689824265E-017   1.3379490294569001E-017   8.5172112984393260E-017   5.6343734175533860E-032
74.989420933245583        5.9242894754966144E-017   3.3222638262355971E-016   3.9146927737852583E-016   2.7440011708681293E-034   2.6448729483220887E-016   2.0980318699715599E-014   2.1244805994547809E-014   2.1721329874037062E-014   6.3347097045681756E-017   1.1114654681930531E-017   7.4461751727612284E-017   2.9338551250719129E-032
86.596432336006529        4.2803372949097420E-017   2.1758703820408073E-016   2.6039041115317817E-016   1.0142295363064981E-034   1.4840324914873752E-016   1.0860628904582202E-014   1.1009032153730939E-014   1.1328058338837541E-014   5.5648819995820275E-017   9.1704553867581650E-018   6.4819275382578440E-017   1.4975528691673969E-032
100.00000000000000        3.0853260117414128E-017   1.4101334182522168E-016   1.7186660194263582E-016   3.7351284819245007E-035   8.3156069154371958E-017   5.5343825654993175E-015   5.6175386346536897E-015   5.8184498915007753E-015   4.8709394617365217E-017   7.5150850203891923E-018   5.6224479637754406E-017   7.5316755811099147E-033
115.47819846894582        2.2186517812866381E-017   9.0510994426809077E-017   1.1269751223967545E-016   1.3717106320746603E-035   4.6529504342867820E-017   2.7784421096134233E-015   2.8249716139562912E-015   2.9438217386878019E-015   4.2510782445821613E-017   6.1162912036995960E-018   4.8627073649521206E-017   3.7490699099117553E-033
133.35214321633239        1.5915091662029617E-017   5.7584022442436974E-017   7.3499114104466585E-017   5.0261248953422741E-036   2.5996066773194070E-017   1.3762907190709502E-015   1.4022867858441442E-015   1.4682009019062833E-015   3.7013514369059383E-017   4.9422554918578335E-018   4.1955769860917215E-017   1.8537841034258239E-033
153.99265260594919        1.1387050992127257E-017   3.6326042129322082E-017   4.7713093121449338E-017   1.8378967553660040E-036   1.4500429122614832E-017   6.7409549750513417E-016   6.8859592662774903E-016   7.2283770759261232E-016   3.2164572652362257E-017   3.9627898427859323E-018   3.6127362495148186E-017   9.1299385491991766E-034
177.82794100389228        8.1251096111116031E-018   2.2713539402642439E-017   3.0838649013754043E-017   6.7069939281284194E-037   8.0739356376934094E-018   3.2721410916593425E-016   3.3528804480362765E-016   3.5201178332301646E-016   2.7904102536812535E-017   3.1506159119797198E-018   3.1054718448792256E-017   4.4868599858878014E-034
205.35250264571459        5.7807006147479817E-018   1.4060377195001926E-017   1.9841077809749907E-017   2.4421473896207109E-037   4.4868918679928901E-018   1.5766681671924271E-016   1.6215370858723559E-016   1.6994840464770214E-016   2.4170554419760564E-017   2.4820899983322016E-018   2.6652644418092766E-017   2.2028140955830793E-034
237.13737056616552        4.0998344632274974E-018   8.6036508460967895E-018   1.2703485309324286E-017   8.8695154489256141E-038   2.4881318639396115E-018   7.5404066149716141E-017   7.7892198013655752E-017   8.1478407346423435E-017   2.0904232078525723E-017   1.9371170898579463E-018   2.2841349168383668E-017   1.0810792924866877E-034
273.84196342643611        2.8978236652259839E-018   5.1983602079851771E-018   8.0961838732111601E-018   3.2114064323927576E-038   1.3764695087016148E-018   3.5705965124437666E-017   3.7082434633139283E-017   3.8791755634059558E-017   1.8049457443867676E-017   1.4981603547809147E-018   1.9547617798648591E-017   5.3054847962231178E-035
316.22776601683796        2.0406398894893608E-018   3.1021646980332292E-018   5.1428045875225900E-018   1.1584617734365589E-038   7.5946724203400630E-019   1.6671424210657542E-017   1.7430891452691548E-017   1.8291636121505238E-017   1.5555675088135681E-017   1.1491048902787823E-018   1.6704779978414465E-017   2.6039499835107962E-035
365.17412725483769        1.4312062303578630E-018   1.8318171128520013E-018   3.2630233432098641E-018   4.1603010712603638E-039   4.1780162253260196E-019   7.6487769627309099E-018   8.0665785852635121E-018   8.5002540906213027E-018   1.3377819138736171E-017   8.7462963720606552E-019   1.4252448775942237E-017   1.2781072213398724E-035
421.69650342858228        9.9934547426568199E-019   1.0728028214463722E-018   2.0721482957120542E-018   1.4860454237669372E-039   2.2908918348770671E-019   3.4497713040849212E-018   3.6788604875726279E-018   3.8753579363892394E-018   1.1476218117636836E-017   6.6055884585027782E-019   1.2136776963487114E-017   6.2727823324440384E-036
486.96752516586309        6.9442655213445858E-019   6.2363367181393560E-019   1.3180602239483941E-018   5.2741711174528917E-040   1.2515629421171603E-019   1.5384625980392327E-018   1.6636188922509487E-018   1.7346049375408723E-018   9.8162423195332955E-018   4.9470675674134465E-019   1.0310949076274641E-017   3.0774065515831892E-036
562.34132519034904        4.7999598992581125E-019   3.5938275664236972E-019   8.3937874656818092E-019   1.8577504159837206E-040   6.8098994430616146E-020   6.8304266891703593E-019   7.5114166334765209E-019   7.6964420789510847E-019   8.3678312636539682E-018   3.6726282276150281E-019   8.7350940864154710E-018   1.5085097726537098E-036
649.38163157621136        3.2986577612366143E-019   2.0505773191543926E-019   5.3492350803910067E-019   6.4860423085857748E-041   3.6887714066602842E-020   3.0179093660703772E-019   3.3867865067364058E-019   3.4188499338815196E-019   7.1049829810278946E-018   2.7034259507233264E-019   7.3753255761002269E-018   7.3837851640075901E-037
749.89420933245583        2.2526743730098097E-019   1.1594764395703454E-019   3.4121508125801553E-019   2.2415118244267397E-041   1.9882790020751781E-020   1.3171887925725112E-019   1.5160166927800291E-019   1.5108050434963759E-019   6.0052476401122248E-018   1.9735559574136767E-019   6.2026032358535923E-018   3.6059424939829932E-037
865.96432336006535        1.5278517665887130E-019   6.5055707628616358E-020   2.1784088428748765E-019   7.6568620633594480E-042   1.0659070424319455E-020   5.6687824563997723E-020   6.7346894988317174E-020   6.5406051856111459E-020   5.0492465581139489E-018   1.4284179137070961E-019   5.1920883494846588E-018   1.7551307695849676E-037
1000.0000000000000        1.0285727254813603E-019   3.6209422888653068E-020   1.3906669543678909E-019   2.5814821518634275E-042   5.6805801190746133E-021   2.4262814105425957E-020   2.9943394224500572E-020   2.8028302135841131E-020   4.2202290518861449E-018   1.0247335236520459E-019   4.3227024042513494E-018   8.5032452498534172E-038
1154.7819846894581        6.8691220642222073E-020   1.9986692696737002E-020   8.8677913338959072E-020   8.5772919077268430E-043   3.0080058322411284E-021   1.0322121102048903E-020   1.3330126934290032E-020   1.2041889931866310E-020   3.5036702891245037E-018   7.2854255936987979E-020   3.5765245450614919E-018   4.0942066197903647E-038
1333.5214321633241        4.5479641360231541E-020   1.0945761920329631E-020   5.6425403280561166E-020   2.8045032388071089E-043   1.5818262648705802E-021   4.3422194618290695E-021   5.9240457266996498E-021   5.0892335845895721E-021   2.8869065118946958E-018   5.1316082300671412E-020   2.9382225941953671E-018   1.9556180178038196E-038
1539.9265260594921        2.9834533532005956E-020   5.9471953748970416E-021   3.5781728906902994E-020   9.0109167049455989E-044   8.2569393689534275E-022   1.8175675266988760E-021   2.6432614635942189E-021   2.1446174255323296E-021   2.3588097927473182E-018   3.5796983903311554E-020   2.3946067766506297E-018   9.2480539858449644E-039
1778.2794100389228        1.9379784516889110E-020   3.2056346050076752E-021   2.2585419121896786E-020   2.8412196241175679E-044   4.2761699281760529E-022   7.5435856444324332E-022   1.1819755572608487E-021   8.9550849312958039E-022   1.9095028062443454E-018   2.4720526075125806E-020   1.9342233323194712E-018   4.3202826491274163E-039
2053.5250264571459        1.2458217716104408E-020   1.7140982782070453E-021   1.4172315994311453E-020   8.7805209094398430E-045   2.1962194558525962E-022   3.1124273351422150E-022   5.3086467909948108E-022   3.7227949111046882E-022   1.5301148298637012E-018   1.6892067955191284E-020   1.5470068978188926E-018   1.9890884565950267E-039
2371.3737056616551        7.9214219119439914E-021   9.0910309961780074E-022   8.8305250115617921E-021   2.6565458854418736E-045   1.1181741363747347E-022   1.2753230263316899E-022   2.3934971627064248E-022   1.5362350695890898E-022   1.2125819729881586E-018   1.1415611602789661E-020   1.2239975845909481E-018   9.0037888746109268E-040
2738.4196342643613        4.9793273689867899E-021   4.7815643255647702E-022   5.4574838015432667E-021   7.8603417979795604E-046   5.6416594644062702E-023   5.1932684307084845E-023   1.0834927895114755E-022   6.3059662150395086E-023   9.4949247176375681E-019   7.6255065324784804E-021   9.5711797829623532E-019   3.9972629836989294E-040
3162.2776601683795        3.0928498326790575E-021   2.4935252861757450E-022   3.3422023612966320E-021   2.2723580628986396E-046   2.8199732480519292E-023   2.1020648162827605E-023   4.9220380643346897E-023   2.5751726411887561E-023   7.3397859745979743E-019   5.0320404753678488E-021   7.3901063793516526E-019   1.7362534744579721E-040
3651.7412725483769        1.8975380681268948E-021   1.2889559908979938E-022   2.0264336672166941E-021   6.4126964017650559E-047   1.3961413870950947E-023   8.4583905622457183E-024   2.2419804433196664E-023   1.0464147518592930E-023   5.5965192013841906E-019   3.2784926148349551E-021   5.6293041275325398E-019   7.3613045680764787E-041
4216.9650342858222        1.1495093288599543E-021   6.6028178252162638E-023   1.2155375071121168E-021   1.7651386363947943E-047   6.8453493485874625E-024   3.3839457054796956E-024   1.0229295054067159E-023   4.2322819739345345E-024   4.2057605191001789E-019   2.1076964780936434E-021   4.2268374838811153E-019   3.0396004749929566E-041
4869.6752516586312        6.8737858218299884E-022   3.3509474977236809E-023   7.2088805716023563E-022   4.7354465979580736E-048   3.3236029621566717E-024   1.3461921982169670E-024   4.6697951603736388E-024   1.7042617916878270E-024   3.1126795722022979E-019   1.3362885566635343E-021   3.1260424577689330E-019   1.2198106871948036E-041
5623.4132519034911        4.0563550968204179E-022   1.6843363383830665E-023   4.2247887306587244E-022   1.2373148469109575E-048   1.5979543905264282E-024   5.3259327199043728E-025   2.1305476625168654E-024   6.8350042418453696E-025   2.2671740789103646E-019   8.3506098620552865E-022   2.2755246887724200E-019   4.7484961043732887E-042
6493.8163157621129        2.3618375681059685E-022   8.3828567838761817E-024   2.4456661359447305E-022   3.1467158907179144E-049   7.6082117969163626E-025   2.0956318946898499E-025   9.7038436916062129E-025   2.7307609612409429E-025   1.6241340795419896E-019   5.1410035042333142E-022   1.6292750830462229E-019   1.7900804495957306E-042
7498.9420933245583        1.3566784982469772E-022   4.1299519825113186E-024   1.3979780180720905E-022   7.7848037251523777E-050   3.5876413981338605E-025   8.2014792727301040E-026   4.4077893254068706E-025   1.0870907034832398E-025   1.1436753747214634E-019   3.1167176900200660E-022   1.1467920924114835E-019   6.5253898814366870E-043
8659.6432336006528        7.6873223428530104E-023   2.0136602547319439E-024   7.8886883683262043E-023   1.8726050793286212E-050   1.6757514537766807E-025   3.1926514237303702E-026   1.9950165961497176E-025   4.3130017952499717E-026   7.9125812826238200E-020   1.8599461195175663E-022   7.9311807438189954E-020   2.2973526254079556E-043
10000.000000000000        4.2965620089627965E-023   9.7146453425859976E-025   4.3937084623886566E-023   4.3803169896327673E-051   7.7547438430593178E-026   1.2362827771257924E-026   8.9910266201851096E-026   1.7057359936020856E-026   5.3766057933808371E-020   1.0922382579543934E-022   5.3875281759603810E-020   2.6835201117163699E-043
