#first column = ell
#9th column = Cl^yy_{1h}
#10th column = Cl^yy_{2h}
#11th column = Cl^yy_{tot}
10.000000000000000        3.1533203023931114E-015   2.8916999301130922E-014   3.2070319603524033E-014   5.3025190338639457E-029   7.3108666615290053E-013   5.3080330516936684E-011   5.3811417183089582E-011   5.4760084668756555E-011   1.1824083509999413E-016   4.4601460028990560E-017   1.6284229512898470E-016   7.3613721513024696E-030
11.547819846894582        2.3778070420630685E-015   2.1529109749849635E-014   2.3906916791912704E-014   2.6105418416506288E-029   4.2114520113441857E-013   3.2399247704487282E-011   3.2820392905621701E-011   3.3300654172136945E-011   1.1584061908485214E-016   3.9395881063973649E-017   1.5523650014882578E-016   6.3058734914275554E-030
13.335214321633240        1.7872345379160748E-015   1.5929282956741693E-014   1.7716517494657769E-014   1.2397508972118977E-029   2.4183697754458011E-013   1.9613588969348032E-011   1.9855425946892613E-011   2.0089983406277511E-011   1.1287443630381056E-016   3.4696598028098765E-017   1.4757103433190932E-016   5.2070999399115962E-030
15.399265260594920        1.3388464153397666E-015   1.1707593385085311E-014   1.3046439800425077E-014   5.6715792389242389E-030   1.3847829662978894E-013   1.1772732058509548E-011   1.1911210355139338E-011   1.2021252893542904E-011   1.0927384866978506E-016   3.0462216757743174E-017   1.3973606542752824E-016   4.1265664290975491E-030
17.782794100389228        9.9948083177725596E-016   8.5431095389280195E-015   9.5425903707052750E-015   2.5014990632433740E-030   7.9092079894787499E-014   7.0039472038334295E-012   7.0830392837282172E-012   7.1324957611261731E-012   1.0499645826203937E-016   2.6652569126312677E-017   1.3164902738835203E-016   3.1298085401086199E-030
20.535250264571459        7.4349851707453450E-016   6.1857626413977874E-015   6.9292611584723218E-015   1.0672043195033592E-030   4.5069784822287654E-014   4.1282814241603126E-012   4.1733512089825999E-012   4.1947422054046653E-012   1.0004103964732000E-016   2.3230719525280212E-017   1.2327175917260022E-016   2.2708726217657398E-030
23.713737056616552        5.5111956155188075E-016   4.4414757465995935E-015   4.9925953081514740E-015   4.4271336457249286E-031   2.5629141746367812E-014   2.4095596349140540E-012   2.4351887766604216E-012   2.4443413252074854E-012   9.4458711888510508E-017   2.0162203068588302E-017   1.1462091495709882E-016   1.5791639830250758E-030
27.384196342643612        4.0710586134081335E-016   3.1603539450159672E-015   3.5674598063567806E-015   1.7961822836430845E-031   1.4546573467112108E-014   1.3918591797072573E-012   1.4064057531743694E-012   1.4105987961312019E-012   8.8354316620665311E-017   1.7416112752555263E-017   1.0577042937322058E-016   1.0555001731159562E-030
31.622776601683793        2.9973246140114934E-016   2.2270549725847288E-015   2.5267874339858781E-015   7.1594996164547523E-032   8.2420528725879664E-015   7.9515787279054394E-013   8.0339992566313192E-013   8.0573296465539805E-013   8.1874562124126814E-017   1.4965857143176087E-017   9.6840419267302895E-017   6.7904741305348991E-031
36.517412725483773        2.1999492369283991E-016   1.5532252849353290E-015   1.7732202086281689E-015   2.8098633597751833E-032   4.6624774779392796E-015   4.4894252595508917E-013   4.5360500343302847E-013   4.5525623235110671E-013   7.5185914996248662E-017   1.2787170472596691E-017   8.7973085468845355E-017   4.1994028898593912E-031
42.169650342858226        1.6100205734191989E-016   1.0715110141218153E-015   1.2325130714637352E-015   1.0869110330643727E-032   2.6336150031416150E-015   2.5029924859289850E-013   2.5293286359604011E-013   2.5427369982707669E-013   6.8451986167188878E-017   1.0858910833218736E-017   7.9310897000407609E-017   2.4923138358612018E-031
48.696752516586308        1.1750718672045421E-016   7.3083508838586235E-016   8.4834227510631654E-016   4.1497610256010065E-033   1.4855202608622280E-015   1.3768815732019366E-013   1.3917367758105587E-013   1.4028460868390485E-013   6.1819811257802324E-017   9.1619534231275985E-018   7.0981764680929922E-017   1.4217427876336812E-031
56.234132519034908        8.5540036235085450E-017   4.9270079194384858E-016   5.7824082817893408E-016   1.5670714140088189E-033   8.3679926296053319E-016   7.4669231582484232E-014   7.5506030845444768E-014   7.6393056763259701E-014   5.5415325482739480E-017   7.6786247117783872E-018   6.3093950194517874E-017   7.8288687583595138E-032
64.938163157621133        6.2113986597023829E-017   3.2830423600813816E-016   3.9041822260516198E-016   5.8663353839278551E-034   4.7075538686731484E-016   3.9890143371005538E-014   4.0360898757872853E-014   4.1030825923026089E-014   4.9341469432593556E-017   6.3918778309746918E-018   5.5733347263568251E-017   4.1808180586019396E-032
74.989420933245583        4.4993922424254723E-017   2.1627858332923877E-016   2.6127250575349351E-016   2.1813641855458701E-034   2.6448729483220887E-016   2.0980318699715599E-014   2.1244805994547809E-014   2.1721329874037062E-014   4.3675433369476060E-017   5.2846268403573461E-018   4.8960060209833408E-017   2.1765540496456379E-032
86.596432336006529        3.2514584732101632E-017   1.4094099771241763E-016   1.7345558244451926E-016   8.0702670653389487E-035   1.4840324914873752E-016   1.0860628904582202E-014   1.1009032153730939E-014   1.1328058338837541E-014   3.8466763094594253E-017   4.3395724994540520E-018   4.2806335594048303E-017   1.1106940227874831E-032
100.00000000000000        2.3440273297455544E-017   9.0925540904250506E-017   1.1436581420170606E-016   2.9744218700799339E-035   8.3156069154371958E-017   5.5343825654993175E-015   5.6175386346536897E-015   5.8184498915007753E-015   3.3738584593537616E-017   3.5391605751872801E-018   3.7277745168724896E-017   5.5851104575545793E-033
115.47819846894582        1.6857426001182965E-017   5.8118018458109381E-017   7.4975444459292346E-017   1.0931137795471348E-035   4.6529504342867820E-017   2.7784421096134233E-015   2.8249716139562912E-015   2.9438217386878019E-015   2.9491400878982193E-017   2.8659639664959563E-018   3.2357364845478151E-017   2.7802597065929037E-033
133.35214321633239        1.2092923272742775E-017   3.6826068210097210E-017   4.8918991482839986E-017   4.0079165446942757E-036   2.5996066773194070E-017   1.3762907190709502E-015   1.4022867858441442E-015   1.4682009019062833E-015   2.5708245091855852E-017   2.3033372279967109E-018   2.8011582319852565E-017   1.3751742664326245E-033
153.99265260594919        8.6523316333126371E-018   2.3132540866862058E-017   3.1784872500174696E-017   1.4664757530828093E-036   1.4500429122614832E-017   6.7409549750513417E-016   6.8859592662774903E-016   7.2283770759261232E-016   2.2360132864906294E-017   1.8360379475103398E-018   2.4196170812416634E-017   6.7766911263798763E-034
177.82794100389228        6.1734834838199443E-018   1.4394860740868153E-017   2.0568344224688098E-017   5.3547429423941680E-037   8.0739356376934094E-018   3.2721410916593425E-016   3.3528804480362765E-016   3.5201178332301646E-016   1.9411041652553586E-017   1.4506706343932925E-018   2.0861712286946879E-017   3.3330925061918434E-034
205.35250264571459        4.3917673212949901E-018   8.8625248375719409E-018   1.3254292158866932E-017   1.9508562592960778E-037   4.4868918679928901E-018   1.5766681671924271E-016   1.6215370858723559E-016   1.6994840464770214E-016   1.6821955291296030E-017   1.1357072455833078E-018   1.7957662536879338E-017   1.6380569153860634E-034
237.13737056616552        3.1142979828139806E-018   5.3916813781036831E-018   8.5059793609176633E-018   7.0888272966843992E-038   2.4881318639396115E-018   7.5404066149716141E-017   7.7892198013655752E-017   8.1478407346423435E-017   1.4553815799161882E-017   8.8113224375042351E-019   1.5434948042912307E-017   8.0488811921236077E-035
273.84196342643611        2.2007771857692408E-018   3.2397023120746074E-018   5.4404794978438487E-018   2.5677839081541542E-038   1.3764695087016148E-018   3.5705965124437666E-017   3.7082434633139283E-017   3.8791755634059558E-017   1.2569449406496913E-017   6.7786745462043462E-019   1.3247316861117347E-017   3.9555179155817531E-035
316.22776601683796        1.5493647705560586E-018   1.9243740646018652E-018   3.4737388351579240E-018   9.2659069915078920E-039   7.5946724203400630E-019   1.6671424210657542E-017   1.7430891452691548E-017   1.8291636121505238E-017   1.0834657915499662E-017   5.1742540157241691E-019   1.1352083317072080E-017   1.9443755986546943E-035
365.17412725483769        1.0862829065299702E-018   1.1321942683319204E-018   2.2184771748618906E-018   3.3282338224328577E-039   4.1780162253260196E-019   7.6487769627309099E-018   8.0665785852635121E-018   8.5002540906213027E-018   9.3187008789356622E-018   3.9194305317357319E-019   9.7106439321092360E-018   9.5597934085662863E-036
421.69650342858228        7.5818862622622284E-019   6.6086944193700370E-019   1.4190580681632265E-018   1.1888566114487397E-039   2.2908918348770671E-019   3.4497713040849212E-018   3.6788604875726279E-018   3.8753579363892394E-018   7.9943775892143773E-018   2.9451635789610106E-019   8.2888939471104790E-018   4.7003938511288315E-036
486.96752516586309        5.2659126572518265E-019   3.8272408519366350E-019   9.0931535091884610E-019   4.2186450118934472E-040   1.2515629421171603E-019   1.5384625980392327E-018   1.6636188922509487E-018   1.7346049375408723E-018   6.8378715072700725E-018   2.1944414920605026E-019   7.0573156564761222E-018   2.3104910638134540E-036
562.34132519034904        3.6377538046245070E-019   2.1963848712643642E-019   5.8341386758888712E-019   1.4853614139211848E-040   6.8098994430616146E-020   6.8304266891703593E-019   7.5114166334765209E-019   7.6964420789510847E-019   5.8284718832341539E-018   1.6213328808976346E-019   5.9906051713239172E-018   1.1349012259802530E-036
649.38163157621136        2.4982886060917737E-019   1.2485219744079932E-019   3.7468105804997672E-019   5.1826663257880852E-041   3.6887714066602842E-020   3.0179093660703772E-019   3.3867865067364058E-019   3.4188499338815196E-019   4.9482449684291441E-018   1.1881150253162530E-019   5.0670564709607692E-018   5.5669477336394843E-037
749.89420933245583        1.7048048612475613E-019   7.0373071622401912E-020   2.4085355774715806E-019   1.7895895829008282E-041   1.9882790020751781E-020   1.3171887925725112E-019   1.5160166927800291E-019   1.5108050434963759E-019   4.1816949755130873E-018   8.6348853187398051E-020   4.2680438287004853E-018   2.7246918686340272E-037
865.96432336006535        1.1552912354568450E-019   3.9360261157264725E-020   1.5488938470294922E-019   6.1070639543444105E-042   1.0659070424319455E-020   5.6687824563997723E-020   6.7346894988317174E-020   6.5406051856111459E-020   3.5154346229217876E-018   6.2222449045983065E-020   3.5776570719677704E-018   1.3292461186982729E-037
1000.0000000000000        7.7704596362916149E-020   2.1837600436805661E-020   9.9542196799721810E-020   2.0567687017239798E-042   5.6805801190746133E-021   2.4262814105425957E-020   2.9943394224500572E-020   2.8028302135841131E-020   2.9378760016122288E-018   4.4448311250067338E-020   2.9823243128622960E-018   6.4555939720861321E-038
1154.7819846894581        5.1842916320751442E-020   1.2018655370877167E-020   6.3861571691628603E-020   6.8268295334270915E-043   3.0080058322411284E-021   1.0322121102048903E-020   1.3330126934290032E-020   1.2041889931866310E-020   2.4389482604583451E-018   3.1469510785842672E-020   2.4704177712441877E-018   3.1165646720889144E-038
1333.5214321633241        3.4290068202304876E-020   6.5635632039587528E-021   4.0853631406263628E-020   2.2303168748061034E-043   1.5818262648705802E-021   4.3422194618290695E-021   5.9240457266996498E-021   5.0892335845895721E-021   2.0098428393933170E-018   2.2075634997331030E-020   2.0319184743906482E-018   1.4931916181200608E-038
1539.9265260594921        2.2471741189873475E-020   3.5565301414456284E-021   2.6028271331319104E-020   7.1631029866661948E-044   8.2569393689534275E-022   1.8175675266988760E-021   2.6432614635942189E-021   2.1446174255323296E-021   1.6427864898234026E-018   1.5338131173122996E-020   1.6581246209965257E-018   7.0873405396463110E-039
1778.2794100389228        1.4583356711347702E-020   1.9120947182978711E-021   1.6495451429645574E-020   2.2591627291416940E-044   4.2761699281760529E-022   7.5435856444324332E-022   1.1819755572608487E-021   8.9550849312958039E-022   1.3308450554384632E-018   1.0550972699965795E-020   1.3413960281384290E-018   3.3263338940213278E-039
2053.5250264571459        9.3671726849068037E-021   1.0199046678320557E-021   1.0387077352738860E-020   6.9901711178512491E-045   2.1962194558525962E-022   3.1124273351422150E-022   5.3086467909948108E-022   3.7227949111046882E-022   1.0677592168445312E-018   7.1825893494598281E-021   1.0749418061939910E-018   1.5407390204042592E-039
2371.3737056616551        5.9523358783480234E-021   5.3966326409305152E-022   6.4919991424410752E-021   2.1201301994462223E-045   1.1181741363747347E-022   1.2753230263316899E-022   2.3934971627064248E-022   1.5362350695890898E-022   8.4781390680227748E-019   4.8365254031370212E-021   8.5265043220541446E-019   7.0297422302607644E-040
2738.4196342643613        3.7403799729534145E-021   2.8322440250479047E-022   4.0236043754582050E-021   6.2988951381302958E-046   5.6416594644062702E-023   5.1932684307084845E-023   1.0834927895114755E-022   6.3059662150395086E-023   6.6574210345219301E-019   3.2198706450483981E-021   6.6896197409724145E-019   3.1534308971679079E-040
3162.2776601683795        2.3234955714329963E-021   1.4740204603242274E-022   2.4708976174654189E-021   1.8320081889513588E-046   2.8199732480519292E-023   2.1020648162827605E-023   4.9220380643346897E-023   2.5751726411887561E-023   5.1666158015920998E-019   2.1182849453563668E-021   5.1877986510456635E-019   1.3882957229541335E-040
3651.7412725483769        1.4264049929551496E-021   7.6059648689359013E-023   1.5024646416445086E-021   5.2133197489455581E-047   1.3961413870950947E-023   8.4583905622457183E-024   2.2419804433196664E-023   1.0464147518592930E-023   3.9604121521352337E-019   1.3764636407058295E-021   3.9741767885422920E-019   5.9882844968665202E-041
4216.9650342858222        8.6521603131459491E-022   3.8903912271592107E-023   9.0411994358618696E-022   1.4507923569906435E-047   6.8453493485874625E-024   3.3839457054796956E-024   1.0229295054067159E-023   4.2322819739345345E-024   2.9969088971008503E-019   8.8304536891896106E-022   3.0057393507900401E-019   2.5267713068861443E-041
4869.6752516586312        5.1846612179889798E-022   1.9721018718687348E-023   5.3818714051758536E-022   3.9462971218369099E-048   3.3236029621566717E-024   1.3461921982169670E-024   4.6697951603736388E-024   1.7042617916878270E-024   2.2376766172583812E-019   5.5905991160098799E-022   2.2432672163743909E-019   1.0414923416727491E-041
5623.4132519034911        3.0689444678137209E-022   9.9054478334096839E-024   3.1679989461478177E-022   1.0487325337324087E-048   1.5979543905264282E-024   5.3259327199043728E-025   2.1305476625168654E-024   6.8350042418453696E-025   1.6478993739774781E-019   3.4916556932803373E-022   1.6513910296707585E-019   4.6522033115266822E-042
6493.8163157621129        1.7943679985273159E-022   4.9288815414619932E-024   1.8436568139419358E-022   2.7216837027038160E-049   7.6082117969163626E-025   2.0956318946898499E-025   9.7038436916062129E-025   2.7307609612409429E-025   1.1965180437810785E-019   2.1506375835704396E-022   1.1986686813646490E-019   1.8787260792878522E-042
7498.9420933245583        1.0363056668592457E-022   2.4293228973379658E-024   1.0605988958326253E-022   6.8950238028328686E-050   3.5876413981338605E-025   8.2014792727301040E-026   4.4077893254068706E-025   1.0870907034832398E-025   8.5631883763641014E-020   1.3060405656971744E-022   8.5762487820210737E-020   6.2631077397750145E-043
8659.6432336006528        5.9119913952057749E-023   1.1858548830452000E-024   6.0305768835102945E-023   1.7045751079257768E-050   1.6757514537766807E-025   3.1926514237303702E-026   1.9950165961497176E-025   4.3130017952499717E-026   6.0391836131769970E-020   7.8183839055156021E-023   6.0470019970825121E-020   2.3252739896519204E-043
10000.000000000000        3.3317898473297390E-023   5.7325571822248601E-025   3.3891154191519876E-023   4.1112459260228383E-051   7.7547438430593178E-026   1.2362827771257924E-026   8.9910266201851096E-026   1.7057359936020856E-026   4.1963430365096135E-020   4.6130814499976030E-023   4.2009561179596110E-020   9.8992581481157239E-044
