#http://sns.ias.edu/~jch/multipole_szyISWpower_WMAP5_Tinkernorm_Batt_Mmin1e5_Mmax5e15_zlo5d-3_zhi10_nM1000_nz1000_lmax3000_deltaell5.txt
#column 0 = ell, column 1 = C_ell^{ISW x y}
#the tSZ is in units of Compton-y and the ISW is in dimensionless DeltaT/T units
#no factors of ell*(ell+1) etc
#(there was a slight issue with the Tinker mass function implementation in this calculation that I only noticed several months later, so it's technically not quite perfect, but this should only make a very small change in the final result)
2.0000000000000000        3.5749457618500892E-014   6.3418018962822419E-011   6.7012405476622173E-010   4.6217481408226091E-016   8.0690462278527685E-009
7.0000000000000000        6.2257062909396128E-015   1.7946561502312369E-012   1.7212743566790852E-011   2.9379745922185703E-016   1.7658520983603129E-010
12.000000000000000        2.4648494641833380E-015   3.0799891148820769E-013   2.8748251878260140E-012   2.4008422231519605E-016   2.8494254604189521E-011
17.000000000000000        1.2666449027854394E-015   9.1182405144284236E-014   8.4113004261953268E-013   2.0669666094552725E-016   8.2543097963102790E-012
22.000000000000000        7.4403309871711891E-016   3.5401387425570581E-014   3.2514403123396709E-013   1.8105176149691729E-016   3.1894201236966712E-012
27.000000000000000        4.7488530475907366E-016   1.6194985503271160E-014   1.4873144780056981E-013   1.6029695778300581E-016   1.4650366759909176E-012
32.000000000000000        3.2100445173363334E-016   8.2770035125944298E-015   7.6212273687062519E-014   1.4322502438087092E-016   7.5564009241371784E-013
37.000000000000000        2.2642616937005154E-016   4.5844900776725547E-015   4.2395054798410422E-014   1.2904362472638385E-016   4.2363173742270852E-013
42.000000000000000        1.6507526522874906E-016   2.7000073530752969E-015   2.5102813910207093E-014   1.1706286261659916E-016   2.5294086091644973E-013
47.000000000000000        1.2360675940479428E-016   1.6694230836261647E-015   1.5614424692731607E-014   1.0691386366437591E-016   1.5867893684221055E-013
52.000000000000000        9.4624683854336042E-017   1.0740186888183077E-015   1.0108832013523197E-014   9.8193239021801096E-017   1.0359691129480965E-013
57.000000000000000        7.3812304049147594E-017   7.1427875946098847E-016   6.7656742157248379E-015   9.0667728684487559E-017   6.9902969197673762E-014
62.000000000000000        5.8513919052804232E-017   4.8863900637087368E-016   4.6572913195812964E-015   8.4096838944854526E-017   4.8494412428438112E-014
67.000000000000000        4.7048606982454158E-017   3.4254340293249276E-016   3.2844080102615362E-015   7.8346023747410522E-017   3.4450849195307564E-014
72.000000000000000        3.8303257803561516E-017   2.4531915549839090E-016   2.3654948295367880E-015   7.3257723588441752E-017   2.4982572144587294E-014
77.000000000000000        3.1534242402257001E-017   1.7904979581133176E-016   1.7355727155711172E-015   6.8745186404799210E-017   1.8446534317669928E-014
82.000000000000000        2.6221915787684465E-017   1.3291069226747854E-016   1.2945532686228099E-015   6.4715710327546662E-017   1.3839808828357081E-014
87.000000000000000        2.2001701951514305E-017   1.0017307755769296E-016   9.7996047940779183E-016   6.1095863579421108E-017   1.0532764817597050E-014
92.000000000000000        1.8613155696278890E-017   7.6545876400063146E-017   7.5177105625128436E-016   5.7836157385081402E-017   8.1196904139115162E-015
97.000000000000000        1.5864439065240749E-017   5.9229031052847259E-017   5.8373795936644517E-016   5.4883698089286150E-017   6.3328190050842287E-015
102.00000000000000        1.3613896579785322E-017   4.6357222593526428E-017   4.5829399902820666E-016   5.2197398717882702E-017   4.9919214177384800E-015
107.00000000000000        1.1756271436475127E-017   3.6665660148331752E-017   3.6347017077665283E-016   4.9747811724661693E-017   3.9734947657978915E-015
112.00000000000000        1.0210786045610388E-017   2.9281929946633469E-017   2.9096746799953531E-016   4.7504567676488959E-017   3.1913794554391327E-015
117.00000000000000        8.9154124247169797E-018   2.3594281608216071E-017   2.3494057655593847E-016   4.5442100016962577E-017   2.5845757416595538E-015
122.00000000000000        7.8226486445377610E-018   1.9168559909643708E-017   1.9122173478987293E-016   4.3541635138484368E-017   2.1093588636788444E-015
127.00000000000000        6.8951423016890733E-018   1.5692463611306613E-017   1.5679831039474374E-016   4.1785616332009472E-017   1.7339484353298389E-015
132.00000000000000        6.1030240557516802E-018   1.2937879394436387E-017   1.2946158042889241E-016   4.0157489562918233E-017   1.4349420307746904E-015
137.00000000000000        5.4230376677086681E-018   1.0737287084929592E-017   1.0758233152721915E-016   3.8644311802383016E-017   1.1949898214775323E-015
142.00000000000000        4.8363030914772954E-018   8.9657827766843441E-018   8.9941368116684273E-017   3.7235034611144621E-017   1.0010567043499492E-015
147.00000000000000        4.3278186265115150E-018   7.5295895876985760E-018   7.5620124666301531E-017   3.5919872084888121E-017   8.4327753444892733E-016
152.00000000000000        3.8848875934775374E-018   6.3571952194562232E-018   6.3916148805789995E-017   3.4689028196371487E-017   7.1408552924394008E-016
157.00000000000000        3.4976784216586649E-018   5.3943513057813267E-018   5.4294361250578833E-017   3.3535024100503437E-017   6.0768763635628900E-016
162.00000000000000        3.1577756095961177E-018   4.5987322373136746E-018   4.6337165692123296E-017   3.2451373696152566E-017   5.1955844970611883E-016
167.00000000000000        2.8583945282101884E-018   3.9377653528923030E-018   3.9721613946507199E-017   3.1431984257156193E-017   4.4617961691883942E-016
172.00000000000000        2.5936993368423008E-018   3.3857354231502908E-018   3.4192671416741246E-017   3.0471031113184776E-017   3.8476957463026372E-016
177.00000000000000        2.3589626314104716E-018   2.9224315229748193E-018   2.9549428964148260E-017   2.9563754450582485E-017   3.3312997211064627E-016
182.00000000000000        2.1501719668626016E-018   2.5317907506628405E-018   2.5632017658039239E-017   2.8706017002282841E-017   2.8950849638099422E-016
187.00000000000000        1.9639228063246552E-018   2.2009693022275116E-018   2.2312428527800285E-017   2.7893974703977438E-017   2.5249908990295194E-016
192.00000000000000        1.7973426998993256E-018   1.9196459906764973E-018   1.9487728373579408E-017   2.7124131454852425E-017   2.2096924276422347E-016
197.00000000000000        1.6479580735657132E-018   1.6794910182276770E-018   1.7074704133696869E-017   2.6393135526536543E-017   1.9400161574119305E-016
202.00000000000000        1.5136587773927368E-018   1.4736950890381989E-018   1.5005415463331800E-017   2.5698228717251887E-017   1.7084722929225757E-016
207.00000000000000        1.3926873641980274E-018   1.2967551921853622E-018   1.3224814279389597E-017   2.5036942268926779E-017   1.5089734341668973E-016
212.00000000000000        1.2834658496720485E-018   1.1440956194864206E-018   1.1687224259427048E-017   2.4406968816179248E-017   1.3364748625397810E-016
217.00000000000000        1.1846482036851683E-018   1.0119767926980114E-018   1.0355240927876209E-017   2.3806097861563939E-017   1.1868354175284715E-016
222.00000000000000        1.0950678704283603E-018   8.9728962129421794E-019   9.1977800255427624E-018   2.3232321867805966E-017   1.0566121828740154E-016
227.00000000000000        1.0137101713944212E-018   7.9744988868443436E-019   8.1890232962074720E-018   2.2683908660006444E-017   9.4294552447567774E-017
232.00000000000000        9.3968880144467627E-019   7.1029301468316619E-019   7.3073425665140780E-018   2.2159272742183904E-017   8.4343843464906733E-017
237.00000000000000        8.7224532765742996E-019   6.3401896551567923E-019   6.5347342081326298E-018   2.1656978286236047E-017   7.5609246701255935E-017
242.00000000000000        8.1067733350150150E-019   5.6709418631797696E-019   5.8558905519672512E-018   2.1175592556966997E-017   6.7921143268956287E-017
247.00000000000000        7.5438438928710572E-019   5.0823573038699100E-019   5.2579768779848898E-018   2.0713797842489779E-017   6.1136967510966396E-017
252.00000000000000        7.0283620384867193E-019   4.5634951301384051E-019   4.7300815723741899E-018   2.0270461787616566E-017   5.5135736509714733E-017
257.00000000000000        6.5558429050143976E-019   4.1051699860089455E-019   4.2630080250557357E-018   1.9844579536873097E-017   4.9815108422503619E-017
262.00000000000000        6.1218985209919260E-019   3.6993879827819217E-019   3.8487890038684412E-018   1.9435096922134516E-017   4.5086821225284928E-017
267.00000000000000        5.7229018673478779E-019   3.3394125667231058E-019   3.4806913983372925E-018   1.9041125287117862E-017   4.0876015414619832E-017
272.00000000000000        5.3555973746428210E-019   3.0194737622569633E-019   3.1529434106746222E-018   1.8661794877886940E-017   3.7118471699899525E-017
277.00000000000000        5.0170430363971597E-019   2.7345642114238034E-019   2.8605449548314727E-018   1.8296314845630765E-017   3.3758623464866916E-017
282.00000000000000        4.7045521627148259E-019   2.4803907707753101E-019   2.5992045230703247E-018   1.7943925508280243E-017   3.0748752777810332E-017
287.00000000000000        4.4157564333077721E-019   2.2532138947490209E-019   2.3651852893170908E-018   1.7603946876122987E-017   2.8047289211910104E-017
292.00000000000000        4.1486473953706845E-019   2.0498519614994048E-019   2.1552990665286350E-018   1.7275781057014765E-017   2.5618656041263986E-017
297.00000000000000        3.9013400967755816E-019   1.8675126404941594E-019   1.9667470940091830E-018   1.6958834711141640E-017   2.3431630601816088E-017
302.00000000000000        3.6719884444126411E-019   1.7037236955417759E-019   1.7970605749992730E-018   1.6652492228513465E-017   2.1458769170608538E-017
307.00000000000000        3.4591101520683719E-019   1.5563859795287114E-019   1.6441280669322081E-018   1.6356241439731868E-017   1.9676427575068764E-017
312.00000000000000        3.2613556438519755E-019   1.4236623568836364E-019   1.5061028209367521E-018   1.6069605515409383E-017   1.8063929746884354E-017
317.00000000000000        3.0774258690548299E-019   1.3039029562574664E-019   1.3813309311804818E-018   1.5792129492271525E-017   1.6602804120056359E-017
322.00000000000000        2.9062258567714129E-019   1.1957035758353993E-019   1.2683969614361940E-018   1.5523404062977169E-017   1.5277156792906018E-017
327.00000000000000        2.7466930616408600E-019   1.0978066562771126E-019   1.1660330452667081E-018   1.5263004389176701E-017   1.4072757759524628E-017
332.00000000000000        2.5978895145954999E-019   1.0091056743494037E-019   1.0731238197383528E-018   1.5010551073963716E-017   1.2977075785597987E-017
337.00000000000000        2.4589730480253366E-019   9.2863758035229370E-020   9.8869348878129483E-019   1.4765679602236769E-017   1.1979100453828535E-017
342.00000000000000        2.3291706894128813E-019   8.5554493831989429E-020   9.1187388285671429E-019   1.4528053488372023E-017   1.1069036159845749E-017
347.00000000000000        2.2077473237906885E-019   7.8905571014135715E-020   8.4188478767494321E-019   1.4297355839010831E-017   1.0238089831381299E-017
352.00000000000000        2.0941029042676391E-019   7.2850837656184463E-020   7.7805168419347846E-019   1.4073309334019534E-017   9.4785948617558217E-018
357.00000000000000        1.9876695365889745E-019   6.7331295689088526E-020   7.1977242677965223E-019   1.3855635619184180E-017   8.7837016143800971E-018
362.00000000000000        1.8878590707600687E-019   6.2292342999115753E-020   6.6649315130475915E-019   1.3644045137534950E-017   8.1471435010631086E-018
367.00000000000000        1.7941876983118730E-019   5.7687031474761707E-020   6.1773329805004018E-019   1.3438285711363421E-017   7.5634344230864595E-018
372.00000000000000        1.7062265478144286E-019   5.3474081779428590E-020   5.7306888159078999E-019   1.3238123276764607E-017   7.0277160831965234E-018
377.00000000000000        1.6235520197521097E-019   4.9615253618617252E-020   5.3210823413249137E-019   1.3043329279835652E-017   6.5355104964404669E-018
382.00000000000000        1.5457896362754824E-019   4.6076926316805166E-020   4.9450637257690599E-019   1.2853699275095146E-017   6.0828616592453700E-018
387.00000000000000        1.4726085664804300E-019   4.2829530435806247E-020   4.5995757377080856E-019   1.2669038374930163E-017   5.6662399691398057E-018
392.00000000000000        1.4036784588489259E-019   3.9845817023645592E-020   4.2818107579162165E-019   1.2489146221122619E-017   5.2824125340251845E-018
397.00000000000000        1.3386984962592762E-019   3.7101391318279709E-020   3.9892509854790463E-019   1.2313836848569164E-017   4.9284728933249919E-018
402.00000000000000        1.2774073465121206E-019   3.4574830938234793E-020   3.7196664849685280E-019   1.2142937625407044E-017   4.6018266382818792E-018
407.00000000000000        1.2195619947833768E-019   3.2246846420218872E-020   3.4710518921122389E-019   1.1976284041033887E-017   4.3001397803188576E-018
412.00000000000000        1.1649137126497488E-019   3.0099293605470061E-020   3.2415311866121378E-019   1.1813713783880229E-017   4.0212383180484398E-018
417.00000000000000        1.1132526326956510E-019   2.8116246993478797E-020   3.0294439051224331E-019   1.1655082770268714E-017   3.7631820217128707E-018
422.00000000000000        1.0644146797048755E-019   2.6284138521247975E-020   2.8333580700110404E-019   1.1500264728042322E-017   3.5242768943039049E-018
427.00000000000000        1.0182126549733663E-019   2.4589895774455449E-020   2.6519087365261067E-019   1.1349121863166713E-017   3.3029238201347915E-018
432.00000000000000        9.7445331560469938E-020   2.3021234491577737E-020   2.4838183069696986E-019   1.1201512275906190E-017   3.0976313886884873E-018
437.00000000000000        9.3298568162072398E-020   2.1567794165334518E-020   2.3279951235586570E-019   1.1057309818929492E-017   2.9071078072047190E-018
442.00000000000000        8.9367607373875530E-020   2.0220240405443237E-020   2.1834519184134786E-019   1.0916400804611149E-017   2.7301797495702416E-018
447.00000000000000        8.5639117127211479E-020   1.8969697427080178E-020   2.0492537961001030E-019   1.0778678799052847E-017   2.5657399447413053E-018
452.00000000000000        8.2100629430048603E-020   1.7808212329992183E-020   1.9245628703978828E-019   1.0644037895213401E-017   2.4127943574972980E-018
457.00000000000000        7.8741208429427645E-020   1.6728767648055815E-020   1.8086348506084366E-019   1.0512378459896581E-017   2.2704539233265130E-018
462.00000000000000        7.5549804846509811E-020   1.5724727695142259E-020   1.7007677480065023E-019   1.0383602764451486E-017   2.1378825248489587E-018
467.00000000000000        7.2516033089535457E-020   1.4790028437788676E-020   1.6003197702334575E-019   1.0257615159642891E-017   2.0143148094615288E-018
472.00000000000000        6.9630549089585749E-020   1.3919289605104073E-020   1.5067191923911446E-019   1.0134321045430081E-017   1.8990656702562327E-018
477.00000000000000        6.6885279172034202E-020   1.3107647654426521E-020   1.4194458426431473E-019   1.0013636786666417E-017   1.7915079186722490E-018
482.00000000000000        6.4272056010260448E-020   1.2350516874502789E-020   1.3380117142377950E-019   9.8954818343435245E-018   1.6910555728209687E-018
487.00000000000000        6.1783165505733716E-020   1.1643725389634492E-020   1.2619739983733371E-019   9.7797786874047208E-018   1.5971771990960049E-018
492.00000000000000        5.9411485126659017E-020   1.0983452100967013E-020   1.1909258724568970E-019   9.6664531242179978E-018   1.5093831059459525E-018
497.00000000000000        5.7150866725546918E-020   1.0366264514357198E-020   1.1244987194536181E-019   9.5554356540952492E-018   1.4272262456222454E-018
502.00000000000000        5.4995487266630361E-020   9.7890469898364153E-021   1.0623578496486942E-019   9.4466563837010159E-018   1.3503002958364085E-018
507.00000000000000        5.2939502921865716E-020   9.2488906072373709E-021   1.0041924917914666E-019   9.3400461047123861E-018   1.2782293769654165E-018
512.00000000000000        5.0976802831436317E-020   8.7429886961372051E-021   9.4970506904127644E-020   9.2355365459018792E-018   1.2106560652552795E-018
517.00000000000000        4.9102047299713341E-020   8.2688234421546525E-021   8.9862684324528961E-020   9.1330648879889249E-018   1.1472554844820192E-018
522.00000000000000        4.7311166579214151E-020   7.8242363957361706E-021   8.5072392628374253E-020   9.0325766821962336E-018   1.0877407499487423E-018
527.00000000000000        4.5600238973323038E-020   7.4072216894499473E-021   8.0577957012991532E-020   8.9340194018940247E-018   1.0318464288684151E-018
532.00000000000000        4.3965047914384722E-020   7.0158142447431571E-021   7.6358385944178615E-020   8.8373404924894381E-018   9.7931805854980309E-019
537.00000000000000        4.2401100047496751E-020   6.6481478487199634E-021   7.2393854211827300E-020   8.7424825730929868E-018   9.2991664748771822E-019
542.00000000000000        4.0904644291999366E-020   6.3026004737439260E-021   6.8666962169405530E-020   8.6493916089392627E-018   8.8343036027462512E-019
547.00000000000000        3.9472552840328476E-020   5.9777266049382051E-021   6.5162048840119526E-020   8.5580195929958808E-018   8.3966677648774257E-019
552.00000000000000        3.8101694265774804E-020   5.6721435354447876E-021   6.1864213346519766E-020   8.4683211504578046E-018   7.9844373917644006E-019
557.00000000000000        3.6788728107571204E-020   5.3845111631951671E-021   5.8759174283422653E-020   8.3802508298407807E-018   7.5958831923947013E-019
562.00000000000000        3.5530589132466333E-020   5.1136132542903295E-021   5.5833935594049996E-020   8.2937641371465025E-018   7.2294269183924812E-019
567.00000000000000        3.4324759661025141E-020   4.8583735974673701E-021   5.3076877228191834E-020   8.2088203642495157E-018   6.8836435364864682E-019
572.00000000000000        3.3169025187368505E-020   4.6178075715460699E-021   5.0477318273960506E-020   8.1253818468673698E-018   6.5572179675644681E-019
577.00000000000000        3.2060927814924618E-020   4.3909631154931930E-021   4.8025032654954835E-020   8.0434084103968824E-018   6.2489027457148771E-019
582.00000000000000        3.0997887577739024E-020   4.1769242171319405E-021   4.5710276330705176E-020   7.9628594465773626E-018   5.9575189377985116E-019
587.00000000000000        2.9977590858189743E-020   3.9748577049085421E-021   4.3524158926190245E-020   7.8836968149984981E-018   5.6819870714456233E-019
592.00000000000000        2.8998058801292192E-020   3.7840096821540399E-021   4.1458561033911223E-020   7.8058857489058143E-018   5.4213137428268959E-019
597.00000000000000        2.8057547202830282E-020   3.6036981638366841E-021   3.9506088368471719E-020   7.7293933626599889E-018   5.1745888368509133E-019
602.00000000000000        2.7154399187482230E-020   3.4332903542373578E-021   3.7659903409158409E-020   7.6541878490268002E-018   4.9409724127826218E-019
607.00000000000000        2.6286784280459541E-020   3.2721621089404621E-021   3.5913356281078263E-020   7.5802368493557099E-018   4.7196573347135532E-019
612.00000000000000        2.5452865123640104E-020   3.1197167340235964E-021   3.4260115057018711E-020   7.5075084214844869E-018   4.5098781410719078E-019
617.00000000000000        2.4650920578415324E-020   2.9754038699289209E-021   3.2694318697072526E-020   7.4359712702324103E-018   4.3109244407234191E-019
622.00000000000000        2.3879702037933980E-020   2.8387554308276360E-021   3.1210887248907531E-020   7.3655987446625769E-018   4.1221690752518974E-019
627.00000000000000        2.3138157265082926E-020   2.7093495094758030E-021   2.9805221339279133E-020   7.2963662815644856E-018   3.9430412484660498E-019
632.00000000000000        2.2424961600283184E-020   2.5867556358157495E-021   2.8472711321328610E-020   7.2282464920229887E-018   3.7729784366658995E-019
637.00000000000000        2.1738555329276205E-020   2.4705392203000502E-021   2.7208778429764508E-020   7.1612092406715000E-018   3.6114306661401475E-019
642.00000000000000        2.1077498825167486E-020   2.3602997727261445E-021   2.6009192161163314E-020   7.0952255420526585E-018   3.4578882558124614E-019
647.00000000000000        2.0440750566839172E-020   2.2556974431560417E-021   2.4870294885169471E-020   7.0302710907568623E-018   3.3119019451042611E-019
652.00000000000000        1.9827490015287221E-020   2.1564316083055417E-021   2.3788818145005912E-020   6.9663247402795907E-018   3.1730660006661909E-019
657.00000000000000        1.9236859141765840E-020   2.0622110877087657E-021   2.2761612948519819E-020   6.9033658820541761E-018   3.0409915610573962E-019
662.00000000000000        1.8667783944570824E-020   1.9727339489741204E-021   2.1785474057640472E-020   6.8413723433188860E-018   2.9152900816259820E-019
667.00000000000000        1.8119219579534183E-020   1.8877166416752152E-021   2.0857400670051605E-020   6.7803221758735345E-018   2.7955984247237856E-019
672.00000000000000        1.7590255369790081E-020   1.8069052883353494E-021   1.9974687172614268E-020   6.7201939198035535E-018   2.6815864422228391E-019
677.00000000000000        1.7080081024285160E-020   1.7300705563683935E-021   1.9134880946475913E-020   6.6609663244473452E-018   2.5729533508580406E-019
682.00000000000000        1.6587986258052991E-020   1.6570015676448931E-021   1.8335709707434038E-020   6.6026189736523753E-018   2.4694186737434566E-019
687.00000000000000        1.6113187693158884E-020   1.5874855080829344E-021   1.7574896914199103E-020   6.5451314821612973E-018   2.3707038267864450E-019
692.00000000000000        1.5654932914907468E-020   1.5213215379633000E-021   1.6850303149640782E-020   6.4884846421431252E-018   2.2765476387633694E-019
697.00000000000000        1.5212558164419119E-020   1.4583278300042414E-021   1.6159985881143744E-020   6.4326608923838043E-018   2.1867116768100648E-019
702.00000000000000        1.4785442346457369E-020   1.3983364314615284E-021   1.5502147792742378E-020   6.3776434192525800E-018   2.1009746465442384E-019
707.00000000000000        1.4372988544474546E-020   1.3411886145179575E-021   1.4875086793076693E-020   6.3234158375900145E-018   2.0191266873120119E-019
712.00000000000000        1.3974604896435807E-020   1.2867320654908207E-021   1.4277170284441253E-020   6.2699618534077774E-018   1.9409667680412775E-019
717.00000000000000        1.3589677683218270E-020   1.2348193948728212E-021   1.3706827314302030E-020   6.2172648338540244E-018   1.8663023808930699E-019
722.00000000000000        1.3217655379135531E-020   1.1853154907309609E-021   1.3162615916656964E-020   6.1653088208028191E-018   1.7949561543817684E-019
727.00000000000000        1.2858031044398889E-020   1.1380953307015441E-021   1.2643198220183914E-020   6.1140783315329422E-018   1.7267628341982074E-019
732.00000000000000        1.2510341438398374E-020   1.0930422284721819E-021   1.2147321877102537E-020   6.0635585635998837E-018   1.6615671753592927E-019
737.00000000000000        1.2174091372773567E-020   1.0500411322553805E-021   1.1673758031671629E-020   6.0137344014562013E-018   1.5992177185063251E-019
742.00000000000000        1.1848830560549796E-020   1.0089850747826306E-021   1.1221359292460619E-020   5.9645914060630660E-018   1.5395724499836343E-019
747.00000000000000        1.1534169124138245E-020   9.6977666022275803E-022   1.0789071825847944E-020   5.9161162084131257E-018   1.4824996662232146E-019
752.00000000000000        1.1229737216859133E-020   9.3232501381511100E-022   1.0375915649315848E-020   5.8682959618311548E-018   1.4278768965256196E-019
757.00000000000000        1.0935160296312972E-020   8.9654333057347051E-022   9.9809596058560807E-021   5.8211180402533736E-018   1.3755881773795511E-019
762.00000000000000        1.0650039004263704E-020   8.6234644890008831E-022   9.6032932320562634E-021   5.7745695612214098E-018   1.3255206186845993E-019
767.00000000000000        1.0373930676655847E-020   8.2964863734203288E-022   9.2420051642142185E-021   5.7286372369852515E-018   1.2775620296135810E-019
772.00000000000000        1.0106459426256091E-020   7.9837276594074483E-022   8.8962722184673599E-021   5.6833086696402507E-018   1.2316103628690702E-019
777.00000000000000        9.8473490980151087E-021   7.6845210878510687E-022   8.5653691290810767E-021   5.6385729425526285E-018   1.1875738128731533E-019
782.00000000000000        9.5963381736076344E-021   7.3982368674256426E-022   8.2486109845956249E-021   5.5944194118494998E-018   1.1453655555536085E-019
787.00000000000000        9.3531623450042988E-021   7.1242650135372384E-022   7.9453347814292014E-021   5.5508375177847597E-018   1.1049016638399119E-019
792.00000000000000        9.1175327164527060E-021   6.8620025853822431E-022   7.6548893220336605E-021   5.5078163683673411E-018   1.0661002876909843E-019
797.00000000000000        8.8891577501541810E-021   6.6108685295610813E-022   7.3766475194471707E-021   5.4653451051476499E-018   1.0288826348812230E-019
802.00000000000000        8.6677580217352277E-021   6.3703215673608845E-022   7.1100294629408456E-021   5.4234129956469883E-018   9.9317602096146383E-020
807.00000000000000        8.4530675385561460E-021   6.1398546514859528E-022   6.8544901787070832E-021   5.3820095291564989E-018   9.5891182380040981E-020
812.00000000000000        8.2448257875522952E-021   5.9189830513290696E-022   6.6095074613361711E-021   5.3411244027515784E-018   9.2602417086432812E-020
817.00000000000000        8.0427947324654299E-021   5.7072503653705594E-022   6.3745870966831348E-021   5.3007479325653005E-018   8.9445043132213776E-020
822.00000000000000        7.8467535422993334E-021   5.5042233287628397E-022   6.1492589133440077E-021   5.2608710132532089E-018   8.6413088639200660E-020
827.00000000000000        7.6565179930904386E-021   5.3095074582739948E-022   5.9330902854569492E-021   5.2214852721238400E-018   8.3500996133700629E-020
832.00000000000000        7.4719220777688313E-021   5.1227374566706027E-022   5.7256783027252727E-021   5.1825826103200218E-018   8.0703555601285610E-020
837.00000000000000        7.2927814037940151E-021   4.9435566442767905E-022   5.5266342832946571E-021   5.1441545486939260E-018   7.8015786388748271E-020
842.00000000000000        7.1188946177642268E-021   4.7716109096370150E-022   5.3355741136274257E-021   5.1061923841135008E-018   7.5432794989728288E-020
847.00000000000000        6.9500690549336681E-021   4.6065651788171713E-022   5.1521341412960710E-021   5.0686876050679993E-018   7.2949942098411107E-020
852.00000000000000        6.7861091670176035E-021   4.4480942091725103E-022   4.9759627499645679E-021   5.0316318312928186E-018   7.0562756440031744E-020
857.00000000000000        6.6268230592743643E-021   4.2958857475521015E-022   4.8067224880502582E-021   4.9950168770073737E-018   6.8266948993228880E-020
862.00000000000000        6.4720494272394057E-021   4.1496576570947929E-022   4.6441051969169436E-021   4.9588351314240473E-018   6.6058555749233114E-020
867.00000000000000        6.3216551263211715E-021   4.0091548474179444E-022   4.4878276875754966E-021   4.9230794938774807E-018   6.3933878816375308E-020
872.00000000000000        6.1755178094535054E-021   3.8741376641415425E-022   4.3376235220312874E-021   4.8877430298875396E-018   6.1889429661224615E-020
877.00000000000000        6.0335086546025426E-021   3.7443707655671377E-022   4.1932326244614470E-021   4.8528187051580144E-018   5.9921823470401267E-020
882.00000000000000        5.8954914161794420E-021   3.6196231712615504E-022   4.0544013207759840E-021   4.8182993314467215E-018   5.8027777380741961E-020
887.00000000000000        5.7613274105498791E-021   3.4996701440379531E-022   3.9208832293261078E-021   4.7841777497566541E-018   5.6204108993044979E-020
892.00000000000000        5.6308771037560687E-021   3.3842949023371782E-022   3.7924415642806119E-021   4.7504468930733809E-018   5.4447768377901534E-020
897.00000000000000        5.5040111887147647E-021   3.2732970003969511E-022   3.6688581926025580E-021   4.7170999774772278E-018   5.2755942770542451E-020
902.00000000000000        5.3806076900758095E-021   3.1664865084772995E-022   3.5499240450074649E-021   4.6841304872305284E-018   5.1125914450577543E-020
907.00000000000000        5.2605565347817518E-021   3.0636864344289645E-022   3.4354430267319011E-021   4.6515323297403686E-018   4.9555118903749686E-020
912.00000000000000        5.1437559345041159E-021   2.9647299689807787E-022   3.3252297731286790E-021   4.6192997290826053E-018   4.8041125302420539E-020
917.00000000000000        5.0301050080489064E-021   2.8694553057025586E-022   3.2191046889025006E-021   4.5874271052935612E-018   4.6581582246856166E-020
922.00000000000000        4.9195100436363586E-021   2.7777094129763250E-022   3.1168975858473295E-021   4.5559090702112252E-018   4.5174255100690715E-020
927.00000000000000        4.8118815195476994E-021   2.6893469800032594E-022   3.0184464465047522E-021   4.5247402624381889E-018   4.3817010248982592E-020
932.00000000000000        4.7071261750414796E-021   2.6042277952981495E-022   2.9235970182901623E-021   4.4939150779385723E-018   4.2507834065658623E-020
937.00000000000000        4.6051453795713581E-021   2.5222130265346089E-022   2.8321967904346592E-021   4.4634276976156797E-018   4.1244743804849577E-020
942.00000000000000        4.5058451377873385E-021   2.4431705513505208E-022   2.7440997141780155E-021   4.4332723100789372E-018   4.0025832466667626E-020
947.00000000000000        4.4091411108909041E-021   2.3669782354915978E-022   2.6591702558647537E-021   4.4034433049166814E-018   3.8849321269003420E-020
952.00000000000000        4.3149549321624191E-021   2.2935206557135260E-022   2.5772798965417563E-021   4.3739353034605839E-018   3.7713518233859886E-020
957.00000000000000        4.2232115242963576E-021   2.2226878356607571E-022   2.4983062699574336E-021   4.3447431909912304E-018   3.6616811273227675E-020
962.00000000000000        4.1338383327022613E-021   2.1543745619417610E-022   2.4221319554899103E-021   4.3158620722961556E-018   3.5557649688068326E-020
967.00000000000000        4.0467700370819936E-021   2.0884829772810718E-022   2.3486474977971851E-021   4.2872873410664518E-018   3.4534582189037259E-020
972.00000000000000        3.9619386906472350E-021   2.0249170912524147E-022   2.2777462405378675E-021   4.2590144600136523E-018   3.3546204132851111E-020
977.00000000000000        3.8792682149860384E-021   1.9635797592698328E-022   2.2093208846550772E-021   4.2310387975020783E-018   3.2591114189381704E-020
982.00000000000000        3.7986871894647593E-021   1.9043793500764180E-022   2.1432700648410620E-021   4.2033558542613099E-018   3.1667985117815115E-020
987.00000000000000        3.7201319715052295E-021   1.8472309409931952E-022   2.0794995073490533E-021   4.1759613319556639E-018   3.0775575974547718E-020
992.00000000000000        3.6435470807606983E-021   1.7920558611951552E-022   2.0179211709245513E-021   4.1488510985714407E-018   2.9912718160495120E-020
997.00000000000000        3.5688809173208376E-021   1.7387800670236976E-022   1.9584521747232493E-021   4.1220210738700890E-018   2.9078309410157945E-020
1002.0000000000000        3.4960786525456721E-021   1.6873303529545176E-022   1.9010108895687164E-021   4.0954670820398757E-018   2.8271269787017815E-020
1007.0000000000000        3.4250839982863844E-021   1.6376348806847363E-022   1.8455172172503200E-021   4.0691849209064825E-018   2.7490542072527996E-020
1012.0000000000000        3.3558418455560910E-021   1.5896249070882609E-022   1.7918947849993637E-021   4.0431703895558509E-018   2.6735120523036805E-020
1017.0000000000000        3.2883013948377246E-021   1.5432361431858722E-022   1.7400721035059469E-021   4.0174194678504341E-018   2.6004060517712677E-020
1022.0000000000000        3.2224129113810832E-021   1.4984066212816497E-022   1.6899804146479170E-021   3.9919281555454899E-018   2.5296454792382478E-020
1027.0000000000000        3.1581257986415035E-021   1.4550757332335546E-022   1.6415527154781279E-021   3.9666924995824172E-018   2.4611422284846500E-020
1032.0000000000000        3.0953921665353110E-021   1.4131857024935398E-022   1.5947249225283766E-021   3.9417086763911320E-018   2.3948117756993424E-020
1037.0000000000000        3.0341708498442919E-021   1.3726833541439607E-022   1.5494375636605723E-021   3.9169731258046538E-018   2.3305749902815051E-020
1042.0000000000000        2.9744225872618662E-021   1.3335180582965356E-022   1.5056341312029908E-021   3.8924824223558900E-018   2.2683567324392011E-020
1047.0000000000000        2.9161055024598515E-021   1.2956396209332558E-022   1.4632587165974666E-021   3.8682331400986115E-018   2.2080829499211333E-020
1052.0000000000000        2.8591789759671625E-021   1.2590000989979005E-022   1.4222578671436534E-021   3.8442218933094815E-018   2.1496827336869909E-020
1057.0000000000000        2.8036053176314581E-021   1.2235546911886326E-022   1.3825817807171070E-021   3.8204453662296926E-018   2.0930899257931504E-020
1062.0000000000000        2.7493452772367225E-021   1.1892592956168674E-022   1.3441818505458069E-021   3.7969002174151632E-018   2.0382404326945705E-020
1067.0000000000000        2.6963607688382380E-021   1.1560710208953322E-022   1.3070106421444369E-021   3.7735832048630567E-018   1.9850716095435464E-020
1072.0000000000000        2.6446153309641409E-021   1.1239487786006602E-022   1.2710226401878941E-021   3.7504911808404745E-018   1.9335231913845812E-020
1077.0000000000000        2.5940722077339757E-021   1.0928525616160068E-022   1.2361737543791081E-021   3.7276210086793064E-018   1.8835370423065637E-020
1082.0000000000000        2.5446984996389726E-021   1.0627451432792302E-022   1.2024228551460246E-021   3.7049696758370960E-018   1.8350586557156619E-020
1087.0000000000000        2.4964639245276480E-021   1.0335916199118325E-022   1.1697312695176296E-021   3.6825341964427441E-018   1.7880365377445365E-020
1092.0000000000000        2.4493394504119484E-021   1.0053585062193721E-022   1.1380616228696392E-021   3.6603116347323353E-018   1.7424206457669577E-020
1097.0000000000000        2.4032971275504542E-021   9.7801375462979517E-023   1.1073781908574383E-021   3.6382990757843008E-018   1.6981631243878965E-020
1102.0000000000000        2.3583093636220173E-021   9.5152646769921847E-023   1.0776467496697073E-021   3.6164936564438611E-018   1.6552182891058509E-020
1107.0000000000000        2.3143475423203661E-021   9.2586615009811296E-023   1.0488337489975164E-021   3.5948924963956635E-018   1.6135416248159772E-020
1112.0000000000000        2.2713829822508323E-021   9.0100307813163568E-023   1.0209064571605865E-021   3.5734927805821747E-018   1.5730896924148265E-020
1117.0000000000000        2.2293882292627318E-021   8.7690894576155540E-023   9.9383368507190252E-022   3.5522917642936070E-018   1.5338210074846381E-020
1122.0000000000000        2.1883344788977150E-021   8.5355569145722883E-023   9.6758465255081800E-022   3.5312867132721852E-018   1.4956948399501006E-020
1127.0000000000000        2.1481954975845011E-021   8.3091717467938722E-023   9.4213070481622448E-022   3.5104749903791809E-018   1.4586731281772475E-020
1132.0000000000000        2.1089476815708290E-021   8.0896898629739886E-023   9.1744491747033260E-022   3.4898540719942923E-018   1.4227198126703702E-020
1137.0000000000000        2.0705692094540187E-021   7.8768790385461006E-023   8.9350153901071987E-022   3.4694215217465880E-018   1.3878001951791537E-020
1142.0000000000000        2.0330393856575930E-021   7.6705166674589002E-023   8.7027587519169080E-022   3.4491749658675359E-018   1.3538809545553444E-020
1147.0000000000000        1.9963365569938938E-021   7.4703823179282196E-023   8.4774362293408745E-022   3.4291120335159296E-018   1.3209294974686096E-020
1152.0000000000000        1.9604394428143634E-021   7.2762629782338152E-023   8.2588127186802286E-022   3.4092303703975601E-018   1.2889142364211710E-020
1157.0000000000000        1.9253272991209507E-021   7.0879547402706312E-023   8.0466635552051116E-022   3.3895276302167924E-018   1.2578049737161913E-020
1162.0000000000000        1.8909789144272884E-021   6.9052582263465398E-023   7.8407705328118671E-022   3.3700014614148427E-018   1.2275725409575705E-020
1167.0000000000000        1.8573734137325505E-021   6.7279799525367062E-023   7.6409211213999237E-022   3.3506495470458473E-018   1.1981884365085054E-020
1172.0000000000000        1.8244915569123265E-021   6.5559376832630958E-023   7.4469141997009268E-022   3.3314696345981730E-018   1.1696254929702909E-020
1177.0000000000000        1.7923151839878003E-021   6.3889582621193559E-023   7.2585590447352604E-022   3.3124595215942068E-018   1.1418579060194082E-020
1182.0000000000000        1.7608269050301551E-021   6.2268756568343159E-023   7.0756737757266729E-022   3.2936170681210097E-018   1.1148610958826810E-020
1187.0000000000000        1.7300099435391573E-021   6.0695289253145952E-023   6.8980809630509432E-022   3.2749401869177830E-018   1.0886109737877319E-020
1192.0000000000000        1.6998476565296194E-021   5.9167613206490510E-023   6.7256079594836060E-022   3.2564268235065779E-018   1.0630841294314825E-020
1197.0000000000000        1.6703235765048407E-021   5.7684203965828385E-023   6.5580865171573839E-022   3.2380749595087504E-018   1.0382577192631006E-020
1202.0000000000000        1.6414221339622385E-021   5.6243612826269962E-023   6.3953562268404410E-022   3.2198826171579510E-018   1.0141098527944620E-020
1207.0000000000000        1.6131276097807194E-021   5.4844433107578757E-023   6.2372626935036752E-022   3.2018478328618763E-018   9.9061959022885638E-021
1212.0000000000000        1.5854246723823117E-021   5.3485316430848124E-023   6.0836578192905982E-022   3.1839686575315227E-018   9.6776679764991564E-021
1217.0000000000000        1.5582993350829736E-021   5.2164993094407247E-023   5.9344003396578656E-022   3.1662431900184536E-018   9.4553202652136085E-021
1222.0000000000000        1.5317377270479040E-021   5.0882227875082223E-023   5.7893528978169317E-022   3.1486695354765405E-018   9.2389637209530896E-021
1227.0000000000000        1.5057260706453367E-021   4.9635827371341927E-023   5.6483842465597040E-022   3.1312458034876355E-018   9.0284187424031652E-021
1232.0000000000000        1.4802506774549162E-021   4.8424624024276260E-023   5.5113660623536484E-022   3.1139701151547627E-018   8.8235098613953817E-021
1237.0000000000000        1.4552980926984365E-021   4.7247477972429703E-023   5.3781727467900808E-022   3.0968406264511273E-018   8.6240651029523603E-021
1242.0000000000000        1.4308551434320394E-021   4.6103285225583036E-023   5.2486825987399199E-022   3.0798555032653590E-018   8.4299177090059571E-021
1247.0000000000000        1.4069087751762025E-021   4.4990967949826542E-023   5.1227762669731823E-022   3.0630129941236530E-018   8.2409037550632281E-021
1252.0000000000000        1.3834466850505921E-021   4.3909501780529194E-023   5.0003402398708036E-022   3.0463113570470844E-018   8.0568667588514741E-021
1257.0000000000000        1.3604575328148408E-021   4.2857928882864694E-023   4.8812687765941808E-022   3.0297489053032034E-018   7.8776605337216714E-021
1262.0000000000000        1.3379310873005657E-021   4.1835353884618580E-023   4.7654623646720962E-022   3.0133240294988559E-018   7.7031461853644726E-021
1267.0000000000000        1.3158574095150546E-021   4.0840906481098784E-023   4.6528235826884028E-022   2.9970351504928336E-018   7.5331871618367892E-021
1272.0000000000000        1.2942262002049713E-021   3.9873721977686113E-023   4.5432559168426558E-022   2.9808807280319527E-018   7.3676488755597097E-021
1277.0000000000000        1.2730271852604372E-021   3.8932956631970828E-023   4.4366652942089675E-022   2.9648592440045802E-018   7.2064003648736950E-021
1282.0000000000000        1.2522501382162685E-021   3.8017788820233141E-023   4.3329602338933958E-022   2.9489692127883632E-018   7.0493143947703142E-021
1287.0000000000000        1.2318848680422993E-021   3.7127418427135975E-023   4.2320517951837946E-022   2.9332091778034130E-018   6.8962673832795406E-021
1292.0000000000000        1.2119212724623596E-021   3.6261070976788639E-023   4.1338540100645473E-022   2.9175776782653552E-018   6.7471399298709525E-021
1297.0000000000000        1.1923497079986641E-021   3.5418006217534974E-023   4.0382845499510268E-022   2.9020732566184141E-018   6.6018172938768355E-021
1302.0000000000000        1.1731607767603894E-021   3.4597508329662213E-023   3.9452636298358906E-022   2.8866944381610771E-018   6.4601880341598974E-021
1307.0000000000000        1.1543458651663040E-021   3.3798904404542335E-023   3.8547160114538700E-022   2.8714397529761328E-018   6.3221463404562601E-021
1312.0000000000000        1.1358966119664198E-021   3.3021544538881887E-023   3.7665689260106561E-022   2.8563077197042804E-018   6.1875897691565769E-021
1317.0000000000000        1.1178046902032803E-021   3.2264791210488241E-023   3.6807509195462595E-022   2.8412968662435082E-018   6.0564178653129921E-021
1322.0000000000000        1.1000618735497064E-021   3.1528024715153266E-023   3.5971927370572773E-022   2.8264057464554636E-018   5.9285334754811645E-021
1327.0000000000000        1.0826599950680052E-021   3.0810638807217385E-023   3.5158264595963192E-022   2.8116329504842974E-018   5.8038413546703835E-021
1332.0000000000000        1.0655911059637144E-021   3.0112045345844766E-023   3.4365855680095790E-022   2.7969770990316439E-018   5.6822477322564362E-021
1337.0000000000000        1.0488477351271644E-021   2.9431685814706585E-023   3.3594069086922858E-022   2.7824368503101842E-018   5.5636632953233071E-021
1342.0000000000000        1.0324227176475587E-021   2.8769026090462599E-023   3.2842302681190600E-022   2.7680108939944353E-018   5.4480028154778670E-021
1347.0000000000000        1.0163092271909865E-021   2.8123556701030476E-023   3.2109983691770614E-022   2.7536979483329962E-018   5.3351851497991400E-021
1352.0000000000000        1.0005008768136419E-021   2.7494791624731224E-023   3.1396564360720746E-022   2.7394967741295776E-018   5.2251323945094608E-021
1357.0000000000000        9.8499117748847032E-022   2.6882249050133902E-023   3.0701499155950749E-022   2.7254061682671918E-018   5.1177669774449653E-021
1362.0000000000000        9.6977365659145067E-022   2.6285456330423338E-023   3.0024251807716874E-022   2.7114249654051993E-018   5.0130126594830000E-021
1367.0000000000000        9.5484143043977667E-022   2.5703939683384102E-023   2.9364288464714276E-022   2.6975520132046042E-018   4.9107942517054214E-021
1372.0000000000000        9.4018786940545148E-022   2.5137244541844809E-023   2.8721097447743435E-022   2.6837861879608643E-018   4.8110396215669274E-021
1377.0000000000000        9.2580651285815758E-022   2.4584935200858191E-023   2.8094190162162045E-022   2.6701263731267598E-018   4.7136799072917546E-021
1382.0000000000000        9.1169124417971826E-022   2.4046596044043131E-023   2.7483098388554059E-022   2.6565714571413375E-018   4.6186487786875887E-021
1387.0000000000000        8.9783611727893053E-022   2.3521824075954208E-023   2.6887364637122726E-022   2.6431203211922596E-018   4.5258811603469464E-021
1392.0000000000000        8.8423543896577112E-022   2.3010232151774545E-023   2.6306549457445144E-022   2.6297718475074210E-018   4.4353144527921640E-021
1397.0000000000000        8.7088392166592262E-022   2.2511452250090881E-023   2.5740233871369557E-022   2.6165249223513665E-018   4.3468886832264852E-021
1402.0000000000000        8.5777660670804073E-022   2.2025133337742305E-023   2.5188018048518174E-022   2.6033784625849767E-018   4.2605464736204954E-021
1407.0000000000000        8.4490864675579558E-022   2.1550933646399242E-023   2.4649513269781104E-022   2.5903313797883579E-018   4.1762321212762428E-021
1412.0000000000000        8.3227499314012729E-022   2.1088511682743135E-023   2.4124331176462549E-022   2.5773826003709260E-018   4.0938902038144386E-021
1417.0000000000000        8.1987044199358106E-022   2.0637527938394447E-023   2.3612085418609412E-022   2.5645310439238156E-018   4.0134657435046980E-021
1422.0000000000000        8.0768998313957404E-022   2.0197657854044141E-023   2.3112407437428985E-022   2.5517756582307925E-018   3.9349062254736838E-021
1427.0000000000000        7.9572862464607509E-022   1.9768586132914039E-023   2.2624941814571034E-022   2.5391154000120882E-018   3.8581611918035980E-021
1432.0000000000000        7.8398147237092855E-022   1.9350007118192790E-023   2.2149343833974220E-022   2.5265492438456938E-018   3.7831816527547140E-021
1437.0000000000000        7.7244396359641163E-022   1.8941630867157990E-023   2.1685285467673889E-022   2.5140761888706469E-018   3.7099207039773394E-021
1442.0000000000000        7.6111165803560030E-022   1.8543176055223549E-023   2.1232448286116565E-022   2.5016952431397335E-018   3.6383327872792439E-021
1447.0000000000000        7.4998024511006677E-022   1.8154369475072490E-023   2.0790523385367916E-022   2.4894054360932256E-018   3.5683737327723419E-021
1452.0000000000000        7.3904569597610655E-022   1.7774948946607550E-023   2.0359212666907190E-022   2.4772058222996702E-018   3.5000006921874083E-021
1457.0000000000000        7.2830416670016568E-022   1.7404661540944977E-023   1.9938226750269141E-022   2.4650954812136585E-018   3.4331718850258423E-021
1462.0000000000000        7.1775177043100260E-022   1.7043258676549659E-023   1.9527281937880725E-022   2.4530735045522943E-018   3.3678464715375460E-021
1467.0000000000000        7.0738467807120904E-022   1.6690500202047615E-023   1.9126105659098543E-022   2.4411390015034806E-018   3.3039852929351763E-021
1472.0000000000000        6.9719918053054523E-022   1.6346154763229142E-023   1.8734435749817256E-022   2.4292911010369261E-018   3.2415506613769942E-021
1477.0000000000000        6.8719161689552383E-022   1.6009997716854356E-023   1.8352017320686937E-022   2.4175289473908825E-018   3.1805058871132468E-021
1482.0000000000000        6.7735828531989069E-022   1.5681809579154120E-023   1.7978602248946801E-022   2.4058516886759463E-018   3.1208153323048094E-021
1487.0000000000000        6.6769543397026624E-022   1.5361373851365210E-023   1.7613946560449454E-022   2.3942584778962448E-018   3.0624440637700081E-021
1492.0000000000000        6.5819931817032631E-022   1.5048476625727435E-023   1.7257807844615967E-022   2.3827484757019099E-018   3.0053573241312762E-021
1497.0000000000000        6.4886637243175792E-022   1.4742912662459846E-023   1.6909954291926986E-022   2.3713208528432879E-018   2.9495218363998153E-021
1502.0000000000000        6.3969329413013921E-022   1.4444488492718003E-023   1.6570169032592180E-022   2.3599747929451584E-018   2.8949064101392128E-021
1507.0000000000000        6.3067686194560896E-022   1.4153015642698542E-023   1.6238240488394817E-022   2.3487094866602978E-018   2.8414805806085534E-021
1512.0000000000000        6.2181392453621933E-022   1.3868308870977278E-023   1.5913959425619553E-022   2.3375241365505141E-018   2.7892141561047859E-021
1517.0000000000000        6.1310145404802324E-022   1.3590188872241770E-023   1.5597122054713758E-022   2.3264179510314214E-018   2.7380775928322146E-021
1522.0000000000000        6.0453662942823222E-022   1.3318485874652459E-023   1.5287534983057103E-022   2.3153901495266955E-018   2.6880426708115410E-021
1527.0000000000000        5.9611672772907425E-022   1.3053037065543570E-023   1.4985013505489537E-022   2.3044399557275636E-018   2.6390824163329214E-021
1532.0000000000000        5.8783900867981424E-022   1.2793683719229866E-023   1.4689378831078208E-022   2.2935666018273451E-018   2.5911708215331659E-021
1537.0000000000000        5.7970073130334439E-022   1.2540270357018327E-023   1.4400455820737151E-022   2.2827693285469704E-018   2.5442824197416425E-021
1542.0000000000000        5.7169913418887218E-022   1.2292644488644704E-023   1.4118073120694289E-022   2.2720473833222566E-018   2.4983923315149537E-021
1547.0000000000000        5.6383142674878164E-022   1.2050655541352473E-023   1.3842061573530120E-022   2.2614000206169754E-018   2.4534760285233262E-021
1552.0000000000000        5.5609478311119136E-022   1.1814154643989598E-023   1.3572253843751658E-022   2.2508264948055302E-018   2.4095092751041076E-021
1557.0000000000000        5.4848634836269989E-022   1.1582994670005497E-023   1.3308485042717133E-022   2.2403260662084193E-018   2.3664682658019447E-021
1562.0000000000000        5.4100347803805681E-022   1.1357036096047033E-023   1.3050599701664082E-022   2.2298980157812677E-018   2.3243304867534298E-021
1567.0000000000000        5.3364368927114041E-022   1.1136145326616170E-023   1.2798448606839292E-022   2.2195416334318676E-018   2.2830742041157723E-021
1572.0000000000000        5.2640462336762008E-022   1.0920193797988931E-023   1.2551887837056590E-022   2.2092562600831069E-018   2.2426783621215830E-021
1577.0000000000000        5.1928402331638484E-022   1.0709057824772507E-023   1.2310778970665835E-022   2.1990412046077802E-018   2.2031226510211433E-021
1582.0000000000000        5.1227977547749745E-022   1.0502618997244614E-023   1.2074989135787973E-022   2.1888958116797616E-018   2.1643874739948179E-021
1587.0000000000000        5.0538980407438541E-022   1.0300761067764672E-023   1.1844387156942254E-022   2.1788194267387347E-018   2.1264534476570650E-021
1592.0000000000000        4.9861201872433791E-022   1.0103370220656566E-023   1.1618844710697912E-022   2.1688113975183177E-018   2.0893016315955687E-021
1597.0000000000000        4.9194432155242062E-022   9.9103354159804329E-024   1.1398236758638547E-022   2.1588710831995993E-018   2.0529135775790308E-021
1602.0000000000000        4.8538464158891663E-022   9.7215488579541695E-024   1.1182442145129995E-022   2.1489978465395402E-018   2.0172714033404959E-021
1607.0000000000000        4.7893096127046445E-022   9.5369059190283020E-024   1.0971343200025353E-022   2.1391910655012594E-018   1.9823577053223375E-021
1612.0000000000000        4.7258124956202527E-022   9.3563036092498226E-024   1.0764824545069105E-022   2.1294501238259620E-018   1.9481554664489968E-021
1617.0000000000000        4.6633350990523116E-022   9.1796424035270674E-024   1.0562775364196717E-022   2.1197744083474701E-018   1.9146483489835787E-021
1622.0000000000000        4.6018577621227981E-022   9.0068250116498262E-024   1.0365087165704490E-022   2.1101633136286497E-018   1.8818203321348302E-021
1627.0000000000000        4.5413614134355716E-022   8.8377564371655352E-024   1.0171653615047612E-022   2.1006162450123587E-018   1.8496556679186101E-021
1632.0000000000000        4.4818272544737304E-022   8.6723435166213073E-024   9.9823703748115621E-023   2.0911326164384984E-018   1.8181389008025571E-021
1637.0000000000000        4.4232366202831922E-022   8.5104950210581417E-024   9.7971354475588898E-023   2.0817118499997515E-018   1.7872549365251563E-021
1642.0000000000000        4.3655714417474144E-022   8.3521234490009431E-024   9.6158514026033338E-023   2.0723533745527186E-018   1.7569893304709706E-021
1647.0000000000000        4.3088139722574238E-022   8.1971436468952203E-024   9.4384234453174374E-023   2.0630566257334951E-018   1.7273280215928072E-021
1652.0000000000000        4.2529470862934997E-022   8.0454730661711071E-024   9.2647594494376681E-023   2.0538210429476307E-018   1.6982573054814828E-021
1657.0000000000000        4.1979540796266312E-022   7.8970312494283459E-024   9.0947688656267470E-023   2.0446460734585320E-018   1.6697636473015517E-021
1662.0000000000000        4.1438186592783762E-022   7.7517401997794834E-024   8.9283637921144970E-023   2.0355311653687609E-018   1.6418338764374984E-021
1667.0000000000000        4.0905251018706365E-022   7.6095250103408877E-024   8.7654600061851596E-023   2.0264757686140974E-018   1.6144553429365632E-021
1672.0000000000000        4.0380583806022284E-022   7.4703133229162443E-024   8.6059760500931254E-023   2.0174793428134078E-018   1.5876157734918297E-021
1677.0000000000000        3.9864040743450464E-022   7.3340348733238771E-024   8.4498329082175074E-023   2.0085415041878502E-018   1.5613032519952014E-021
1682.0000000000000        3.9355481484630616E-022   7.2006213935424553E-024   8.2969541683446205E-023   1.9996612779644422E-018   1.5355062633356496E-021
1687.0000000000000        3.8854764152235701E-022   7.0700053502085005E-024   8.1472639688768487E-023   1.9908385896004902E-018   1.5102133795585206E-021
1692.0000000000000        3.8361743979396991E-022   6.9421192111848308E-024   8.0006859168101288E-023   1.9820727684108216E-018   1.4854131050328177E-021
1697.0000000000000        3.7876280588230440E-022   6.8168972193918378E-024   7.8571456473919979E-023   1.9733632969427671E-018   1.4610942392947298E-021
1702.0000000000000        3.7398242205015533E-022   6.6942764095758399E-024   7.7165719573170174E-023   1.9647096644084384E-018   1.4372460097203376E-021
1707.0000000000000        3.6927499122245861E-022   6.5741956377192026E-024   7.5788957747269977E-023   1.9561113630865552E-018   1.4138579551471211E-021
1712.0000000000000        3.6463923226162238E-022   6.4565957102700289E-024   7.4440504213523378E-023   1.9475678888491481E-018   1.3909199691761798E-021
1717.0000000000000        3.6007390726805912E-022   6.3414197765530851E-024   7.3119720608402379E-023   1.9390787452360658E-018   1.3684223552425002E-021
1722.0000000000000        3.5557782346605229E-022   6.2286127486289760E-024   7.1825985962522180E-023   1.9306434477599456E-018   1.3463556452217598E-021
1727.0000000000000        3.5114978832375848E-022   6.1181204235403013E-024   7.0558686996158382E-023   1.9222615227559109E-018   1.3247104859973484E-021
1732.0000000000000        3.4678858351126762E-022   6.0098892460521598E-024   6.9317218857686804E-023   1.9139325043644332E-018   1.3034776843307955E-021
1737.0000000000000        3.4249293518632312E-022   5.9038656146054247E-024   6.8100976539006548E-023   1.9056559328541131E-018   1.2826480969842951E-021
1742.0000000000000        3.3826158931006931E-022   5.7999972029760455E-024   6.6909368284859090E-023   1.8974313502586595E-018   1.2622127744424980E-021
1747.0000000000000        3.3409334664619741E-022   5.6982334259249741E-024   6.5741820859667799E-023   1.8892583295976284E-018   1.2421630190067452E-021
1752.0000000000000        3.2998705106371155E-022   5.5985252069598151E-024   6.4597777237873121E-023   1.8811364307561966E-018   1.2224903589630202E-021
1757.0000000000000        3.2594157472308859E-022   5.5008249540598123E-024   6.3476696717562756E-023   1.8730652301670917E-018   1.2031865540150953E-021
1762.0000000000000        3.2195584047025779E-022   5.4050870233065382E-024   6.2378062508076269E-023   1.8650443015353466E-018   1.1842437091869878E-021
1767.0000000000000        3.1802881885572126E-022   5.3112673504253637E-024   6.1301375324843655E-023   1.8570732339614916E-018   1.1656541743436035E-021
1772.0000000000000        3.1415954251730682E-022   5.2193233971106376E-024   6.0246150438477352E-023   1.8491516164952283E-018   1.1474104816107910E-021
1777.0000000000000        3.1034705632668921E-022   5.1292133592462433E-024   5.9211910314719777E-023   1.8412790437981589E-018   1.1295052724489264E-021
1782.0000000000000        3.0659038958247069E-022   5.0408957140185814E-024   5.8198178968527245E-023   1.8334551164264479E-018   1.1119312248115509E-021
1787.0000000000000        3.0288857456615236E-022   4.9543297350107093E-024   5.7204489451207452E-023   1.8256794290140801E-018   1.0946811590559864E-021
1792.0000000000000        2.9924068241303083E-022   4.8694760862950592E-024   5.6230391614461437E-023   1.8179515759151380E-018   1.0777481418525613E-021
1797.0000000000000        2.9564581910982136E-022   4.7862967355805097E-024   5.5275451756245113E-023   1.8102711569584520E-018   1.0611254861239796E-021
1802.0000000000000        2.9210310957969024E-022   4.7047545372231479E-024   5.4339246031033351E-023   1.8026377595626524E-018   1.0448066527092513E-021
1807.0000000000000        2.8861166819425267E-022   4.6248129811383595E-024   5.3421359024112521E-023   1.7950509732924521E-018   1.0287852490555818E-021
1812.0000000000000        2.8517062595643015E-022   4.5464364667651887E-024   5.2521385104162619E-023   1.7875103815596628E-018   1.0130550273620262E-021
1817.0000000000000        2.8177914271542291E-022   4.4695903060282519E-024   5.1638925887948237E-023   1.7800155733658367E-018   9.9760982509362452E-022
1822.0000000000000        2.7843640431956335E-022   4.3942406376970061E-024   5.0773589911246544E-023   1.7725661459575678E-018   9.8244356569435701E-022
1827.0000000000000        2.7514160422101354E-022   4.3203545019606551E-024   4.9924997734939945E-023   1.7651617015489022E-018   9.6755036511559468E-022
1832.0000000000000        2.7189394380343236E-022   4.2478999265166618E-024   4.9092783681834789E-023   1.7578018546795305E-018   9.5292456018779749E-022
1837.0000000000000        2.6869262685934347E-022   4.1768456901361857E-024   4.8276591044130440E-023   1.7504862282072023E-018   9.3856062862489412E-022
1842.0000000000000        2.6553688931748886E-022   4.1071615514244990E-024   4.7476073203854255E-023   1.7432144593252154E-018   9.2445318339621208E-022
1847.0000000000000        2.6242598142750211E-022   4.0388179434640053E-024   4.6690891561813532E-023   1.7359861931021319E-018   9.1059695937051792E-022
1852.0000000000000        2.5935914964331365E-022   3.9717857477752109E-024   4.5920712972569637E-023   1.7288010792720310E-018   8.9698678388478331E-022
1857.0000000000000        2.5633561803762612E-022   3.9060360276927131E-024   4.5165207308290954E-023   1.7216587680775482E-018   8.8361755635088381E-022
1862.0000000000000        2.5335461220397225E-022   3.8415402120250528E-024   4.4424047887279865E-023   1.7145589115633530E-018   8.7048423263695075E-022
1867.0000000000000        2.5041539405935975E-022   3.7782706899785888E-024   4.3696919779302410E-023   1.7075011668385381E-018   8.5758194256499790E-022
1872.0000000000000        2.4751725374328260E-022   3.7162005871496775E-024   4.2983515625939004E-023   1.7004851968436980E-018   8.4490591865054586E-022
1877.0000000000000        2.4465949727902666E-022   3.6553036785897267E-024   4.2283534652518234E-023   1.6935106686245998E-018   8.3245148545002356E-022
1882.0000000000000        2.4184144428271239E-022   3.5955544572651749E-024   4.1596683800769570E-023   1.6865772541793218E-018   8.2021407877213980E-022
1887.0000000000000        2.3906244591938014E-022   3.5369284171660796E-024   4.0922682058166899E-023   1.6796846304946914E-018   8.0818930800456735E-022
1892.0000000000000        2.3632189265727548E-022   3.4794020502810835E-024   4.0261259334523675E-023   1.6728324809317043E-018   7.9637292905166130E-022
1897.0000000000000        2.3361920677771852E-022   3.4229526829140449E-024   3.9612154581291812E-023   1.6660204938295451E-018   7.8476082038360161E-022
1902.0000000000000        2.3095381094222407E-022   3.3675580454543728E-024   3.8975111942404122E-023   1.6592483590252601E-018   7.7334894823386084E-022
1907.0000000000000        2.2832512445405128E-022   3.3131962385418766E-024   3.8349879577901744E-023   1.6525157659355192E-018   7.6213334402615938E-022
1912.0000000000000        2.2573256950861916E-022   3.2598457856723158E-024   3.7736210171246883E-023   1.6458224053759805E-018   7.5111010886615251E-022
1917.0000000000000        2.2317557566559049E-022   3.2074855858683029E-024   3.7133861426940439E-023   1.6391679701036149E-018   7.4027542783144950E-022
1922.0000000000000        2.2065357321627116E-022   3.1560948171356899E-024   3.6542594859093547E-023   1.6325521509453179E-018   7.2962555256447997E-022
1927.0000000000000        2.1816598948583064E-022   3.1056528785592193E-024   3.5962174613453141E-023   1.6259746434849785E-018   7.1915678250964316E-022
1932.0000000000000        2.1571226024579470E-022   3.0561396756224452E-024   3.5392371727951026E-023   1.6194351385068516E-018   7.0886552820043276E-022
1937.0000000000000        2.1329183405669552E-022   3.0075357032040923E-024   3.4832964628501605E-023   1.6129333333019719E-018   6.9874831108308162E-022
1942.0000000000000        2.1090416740543242E-022   2.9598218311878549E-024   3.4283735842084197E-023   1.6064689176778398E-018   6.8880171497072496E-022
1947.0000000000000        2.0854872898140217E-022   2.9129793028409499E-024   3.3744471740163344E-023   1.6000415861160773E-018   6.7902238014070269E-022
1952.0000000000000        2.0622500049459073E-022   2.8669898485713282E-024   3.3214963999160139E-023   1.5936510451451463E-018   6.6940702267245671E-022
1957.0000000000000        2.0393247629738898E-022   2.8218357301255638E-024   3.2695009842226070E-023   1.5872969990863422E-018   6.5995243560190523E-022
1962.0000000000000        2.0167066487470430E-022   2.7774997627702585E-024   3.2184412796671110E-023   1.5809791556070538E-018   6.5065550280921421E-022
1967.0000000000000        1.9943909245895133E-022   2.7339653572435723E-024   3.1682983723717966E-023   1.5746972344657674E-018   6.4151321619926044E-022
1972.0000000000000        1.9723728777053091E-022   2.6912162587353797E-024   3.1190537457716138E-023   1.5684509500517058E-018   6.3252263064456632E-022
1977.0000000000000        1.9506479402439251E-022   2.6492366503535624E-024   3.0706894013823920E-023   1.5622400224173529E-018   6.2368087860463000E-022
1982.0000000000000        1.9292116551520154E-022   2.6080110805272746E-024   3.0231877042209151E-023   1.5560641736616593E-018   6.1498514329660825E-022
1987.0000000000000        1.9080595916962996E-022   2.5675243670133128E-024   2.9765312554750489E-023   1.5499231349915372E-018   6.0643264116522267E-022
1992.0000000000000        1.8871873765860281E-022   2.5277616383573869E-024   2.9307030454948337E-023   1.5438166375438577E-018   5.9802065063990685E-022
1997.0000000000000        1.8665907089839509E-022   2.4887083386441604E-024   2.8856864995274116E-023   1.5377444197260670E-018   5.8974652142015775E-022
2002.0000000000000        1.8462653778193363E-022   2.4503502216774336E-024   2.8414654320835767E-023   1.5317062228069943E-018   5.8160766489242759E-022
2007.0000000000000        1.8262072044382774E-022   2.4126732889732170E-024   2.7980239849531571E-023   1.5257017940240068E-018   5.7360154729380712E-022
2012.0000000000000        1.8064121088409153E-022   2.3756638637169988E-024   2.7553466478139790E-023   1.5197308774370762E-018   5.6572568548182769E-022
2017.0000000000000        1.7868759598081189E-022   2.3393084322499138E-024   2.7134180873560751E-023   1.5137932184516732E-018   5.5797762642258073E-022
2022.0000000000000        1.7675946217338551E-022   2.3035936896395708E-024   2.6722231871802299E-023   1.5078885642949929E-018   5.5035495139702212E-022
2027.0000000000000        1.7485640344837973E-022   2.2685066724886949E-024   2.6317472987411557E-023   1.5020166650209921E-018   5.4285531734949710E-022
2032.0000000000000        1.7297802065644713E-022   2.2340347267390517E-024   2.5919761665324910E-023   1.4961772784897225E-018   5.3547644310605799E-022
2037.0000000000000        1.7112392234787150E-022   2.2001655054387647E-024   2.5528958583395771E-023   1.4903701627246394E-018   5.2821609394121881E-022
2042.0000000000000        1.6929372122200123E-022   2.1668869149268776E-024   2.5144926843761195E-023   1.4845950800370616E-018   5.2107206955385371E-022
2047.0000000000000        1.6748704099522204E-022   2.1341871938979643E-024   2.4767533281833249E-023   1.4788517949513580E-018   5.1404222398187037E-022
2052.0000000000000        1.6570351973111681E-022   2.1020549394043200E-024   2.4396649013900272E-023   1.4731400765226920E-018   5.0712447502022270E-022
2057.0000000000000        1.6394281232711746E-022   2.0704790672182391E-024   2.4032148246984257E-023   1.4674596952838882E-018   5.0031678203731392E-022
2062.0000000000000        1.6220458802710378E-022   2.0394487893459701E-024   2.3673907964059550E-023   1.4618104249423796E-018   4.9361714076148526E-022
2067.0000000000000        1.6048852843758089E-022   2.0089535990148384E-024   2.3321808240532202E-023   1.4561920415659174E-018   4.8702359165645569E-022
2072.0000000000000        1.5879432675188214E-022   1.9789832755602043E-024   2.2975732178246220E-023   1.4506043207983712E-018   4.8053421832857796E-022
2077.0000000000000        1.5712168215597661E-022   1.9495278220320432E-024   2.2635565588410547E-023   1.4450470367862925E-018   4.7414714776523139E-022
2082.0000000000000        1.5547030338624184E-022   1.9205775023236292E-024   2.2301197315104464E-023   1.4395199651419121E-018   4.6786055325088818E-022
2087.0000000000000        1.5383990263238973E-022   1.8921227855013716E-024   2.1972518733755905E-023   1.4340228845518759E-018   4.6167264909022478E-022
2092.0000000000000        1.5223018426170075E-022   1.8641542004203748E-024   2.1649421695653118E-023   1.4285555739814447E-018   4.5558166116197712E-022
2097.0000000000000        1.5064084833464940E-022   1.8366623863073299E-024   2.1331799240579145E-023   1.4231178153224140E-018   4.4958583681031687E-022
2102.0000000000000        1.4907159419037354E-022   1.8096381620724687E-024   2.1019546826586876E-023   1.4177093898468884E-018   4.4368346448506238E-022
2107.0000000000000        1.4752212113021049E-022   1.7830725576402515E-024   2.0712562668536804E-023   1.4123300782475317E-018   4.3787287814680045E-022
2112.0000000000000        1.4599212302320434E-022   1.7569567171290430E-024   2.0410746977357634E-023   1.4069796600896698E-018   4.3215245075661056E-022
2117.0000000000000        1.4448129417417979E-022   1.7312819202215580E-024   2.0114001593875576E-023   1.4016579167332797E-018   4.2652058328375974E-022
2122.0000000000000        1.4298932856067506E-022   1.7060395716981226E-024   1.9822229686604025E-023   1.3963646320491931E-018   4.2097569902309954E-022
2127.0000000000000        1.4151592097030103E-022   1.6812211947234881E-024   1.9535335357663095E-023   1.3910995933763290E-018   4.1551623571704601E-022
2132.0000000000000        1.4006077646026772E-022   1.6568185102433937E-024   1.9253224597592609E-023   1.3858625887798778E-018   4.1014065723668268E-022
2137.0000000000000        1.3862360962752016E-022   1.6328234651918445E-024   1.8975806132270255E-023   1.3806534101821062E-018   4.0484746943763247E-022
2142.0000000000000        1.3720414176218308E-022   1.6092282029402415E-024   1.8702990992714510E-023   1.3754718581382046E-018   3.9963521405062293E-022
2147.0000000000000        1.3580210171676831E-022   1.5860250301959494E-024   1.8434691896878924E-023   1.3703177310070210E-018   3.9450245803583484E-022
2152.0000000000000        1.3441723197247493E-022   1.5632064718388194E-024   1.8170823831210223E-023   1.3651908307141266E-018   3.8944780003780210E-022
2157.0000000000000        1.3304928858846040E-022   1.5407653053105894E-024   1.7911304246755176E-023   1.3600909687151903E-018   3.8446987126463056E-022
2162.0000000000000        1.3169803682744206E-022   1.5186945269547678E-024   1.7656052811038104E-023   1.3550179520384894E-018   3.7956733373832536E-022
2167.0000000000000        1.3036325435833278E-022   1.4969873540673764E-024   1.7404991417552618E-023   1.3499715932867693E-018   3.7473887998418393E-022
2172.0000000000000        1.2904472436375924E-022   1.4756371631487901E-024   1.7158043572500059E-023   1.3449517075221474E-018   3.6998322638467332E-022
2177.0000000000000        1.2774223216177297E-022   1.4546374685644626E-024   1.6915134416583098E-023   1.3399581085203338E-018   3.6529911640871064E-022
2182.0000000000000        1.2645557195921225E-022   1.4339819669006713E-024   1.6676191168275373E-023   1.3349906190490700E-018   3.6068532495436058E-022
2187.0000000000000        1.2518454325919503E-022   1.4136645148297972E-024   1.6441143005868873E-023   1.3300490577453018E-018   3.5614065819735536E-022
2192.0000000000000        1.2392894557691675E-022   1.3936790875833745E-024   1.6209920418378858E-023   1.3251332463901041E-018   3.5166394370645615E-022
2197.0000000000000        1.2268857310043142E-022   1.3740197120851252E-024   1.5982454502042033E-023   1.3202430093383959E-018   3.4725402231362174E-022
2202.0000000000000        1.2146321753117829E-022   1.3546804543726853E-024   1.5758676739501287E-023   1.3153781696070807E-018   3.4290974424185536E-022
2207.0000000000000        1.2025266573817618E-022   1.3356553994293022E-024   1.5538519032754425E-023   1.3105385578854145E-018   3.3862997187562918E-022
2212.0000000000000        1.1905669978839901E-022   1.3169386941342861E-024   1.5321914501438622E-023   1.3057240004636830E-018   3.3441359305452563E-022
2217.0000000000000        1.1787510343284956E-022   1.2985245866324958E-024   1.5108797574007900E-023   1.3009343268336570E-018   3.3025951833065887E-022
2222.0000000000000        1.1670766362219160E-022   1.2804074393265562E-024   1.4899104037169916E-023   1.2961693675553754E-018   3.2616668006160930E-022
2227.0000000000000        1.1555416467213233E-022   1.2625816776660329E-024   1.4692770314417749E-023   1.2914289525170768E-018   3.2213402240807762E-022
2232.0000000000000        1.1441439243664782E-022   1.2450418213905851E-024   1.4489733896174131E-023   1.2867129098588747E-018   3.1816050748402841E-022
2237.0000000000000        1.1328813791972401E-022   1.2277824946633978E-024   1.4289933371670414E-023   1.2820210741422117E-018   3.1424511442016341E-022
2242.0000000000000        1.1217519945995022E-022   1.2107984578461276E-024   1.4093308760301790E-023   1.2773532757738331E-018   3.1038684316356023E-022
2247.0000000000000        1.1107538216662196E-022   1.1940846284841397E-024   1.3899801860416560E-023   1.2727093480655730E-018   3.0658472016912548E-022
2252.0000000000000        1.0998850100494538E-022   1.1776361062343019E-024   1.3709356393990523E-023   1.2680891256111480E-018   3.0283779864453017E-022
2257.0000000000000        1.0891438068502267E-022   1.1614481504545578E-024   1.3521917670317627E-023   1.2634924444560641E-018   2.9914515311743653E-022
2262.0000000000000        1.0785284952011830E-022   1.1455161364607638E-024   1.3337432198572819E-023   1.2589191398642353E-018   2.9550587619238169E-022
2267.0000000000000        1.0680373588358246E-022   1.1298355201411124E-024   1.3155847399631874E-023   1.2543690502085308E-018   2.9191907596835129E-022
2272.0000000000000        1.0576687491391700E-022   1.1144018714407405E-024   1.2977111836476584E-023   1.2498420121141633E-018   2.8838387701210857E-022
2277.0000000000000        1.0474210654285725E-022   1.0992108687107885E-024   1.2801175379466120E-023   1.2453378636998137E-018   2.8489942451112590E-022
2282.0000000000000        1.0372927421238328E-022   1.0842582988548399E-024   1.2627989245296558E-023   1.2408564447370316E-018   2.8146488514077136E-022
2287.0000000000000        1.0272822404036473E-022   1.0695400303506135E-024   1.2457505428446627E-023   1.2363975953181434E-018   2.7807943741792109E-022
2292.0000000000000        1.0173880416970949E-022   1.0550520028821093E-024   1.2289676775122596E-023   1.2319611570477381E-018   2.7474227428496822E-022
2297.0000000000000        1.0076086281603435E-022   1.0407902078414936E-024   1.2124456902436808E-023   1.2275469757934220E-018   2.7145260347190474E-022
2302.0000000000000        9.9794246979202935E-023   1.0267506726396963E-024   1.1961799925991444E-023   1.2231548980573687E-018   2.6820964314669344E-022
2307.0000000000000        9.8838803996630409E-023   1.0129294677563046E-024   1.1801660527626300E-023   1.2187847723817118E-018   2.6501262242171400E-022
2312.0000000000000        9.7894388748301204E-023   9.9932275851119529E-025   1.1643994298485023E-023   1.2144364532825544E-018   2.6186078298655374E-022
2317.0000000000000        9.6960856638690521E-023   9.8592677580465809E-025   1.1488757656253346E-023   1.2101097948024918E-018   2.5875338077561159E-022
2322.0000000000000        9.6038062444149663E-023   9.7273780888729174E-025   1.1335907836557766E-023   1.2058046553590901E-018   2.5568968667955623E-022
2327.0000000000000        9.5125860666676945E-023   9.5975219832862838E-025   1.1185402712871601E-023   1.2015208958821573E-018   2.5266898341253708E-022
2332.0000000000000        9.4224104508505122E-023   9.4696633207824243E-025   1.1037200776647700E-023   1.1972583761271727E-018   2.4969056530808324E-022
2337.0000000000000        9.3332647062679820E-023   9.3437665617931451E-025   1.0891261227932376E-023   1.1930169628787061E-018   2.4675373904144023E-022
2342.0000000000000        9.2451342657943346E-023   9.2197968520779742E-025   1.0747543980807980E-023   1.1887965197658011E-018   2.4385782241311464E-022
2347.0000000000000        9.1580047601081637E-023   9.0977201303526836E-025   1.0606009922024656E-023   1.1845969127224840E-018   2.4100214889242921E-022
2352.0000000000000        9.0718624653627938E-023   8.9775034978961078E-025   1.0466621214314745E-023   1.1804180068843787E-018   2.3818607012383307E-022
2357.0000000000000        8.9866936366079286E-023   8.8591147318433017E-025   1.0329340866188668E-023   1.1762596729405137E-018   2.3540895188161877E-022
2362.0000000000000        8.9024846582620407E-023   8.7425222036240082E-025   1.0194132599431678E-023   1.1721217755838387E-018   2.3267017179473534E-022
2367.0000000000000        8.8192223644345323E-023   8.6276949888581615E-025   1.0060960833707681E-023   1.1680041904266020E-018   2.2996911759454792E-022
2372.0000000000000        8.7368940584378663E-023   8.5146029219671834E-025   9.9297908003789762E-024   1.1639067641556985E-018   2.2730518886258198E-022
2377.0000000000000        8.6554876370362528E-023   8.4032166493453673E-025   9.8005886090381877E-024   1.1598293853335318E-018   2.2467779787150752E-022
2382.0000000000000        8.5749915771063930E-023   8.2935076203919713E-025   9.6733212700575803E-024   1.1557719211329783E-018   2.2208637020069853E-022
2387.0000000000000        8.4953946395437368E-023   8.1854478252300519E-025   9.5479564259700389E-024   1.1517342405361032E-018   2.1953034162887837E-022
2392.0000000000000        8.4166859440558086E-023   8.0790098495600444E-025   9.4244623225997836E-024   1.1477162151933414E-018   2.1700915693991990E-022
2397.0000000000000        8.3388545178961055E-023   7.9741665292447997E-025   9.3028075836868437E-024   1.1437177173928810E-018   2.1452226872629383E-022
2402.0000000000000        8.2618890714275525E-023   7.8708907304566996E-025   9.1829610356221088E-024   1.1397386170629134E-018   2.1206913596107990E-022
2407.0000000000000        8.1857785527750212E-023   7.7691557812998822E-025   9.0648920039328376E-024   1.1357787904858222E-018   2.0964922582160879E-022
2412.0000000000000        8.1105120678155161E-023   7.6689355857528463E-025   8.9485705354886571E-024   1.1318381087683396E-018   2.0726201706763829E-022
2417.0000000000000        8.0360787711720059E-023   7.5702044782956058E-025   8.8339671505266860E-024   1.1279164449045962E-018   2.0490699728079655E-022
2422.0000000000000        7.9624678181980829E-023   7.4729372367932968E-025   8.7210528822136039E-024   1.1240136734485791E-018   2.0258366146121634E-022
2427.0000000000000        7.8896680863552970E-023   7.3771089101000354E-025   8.6097992235195218E-024   1.1201296679357927E-018   2.0029151508064558E-022
2432.0000000000000        7.8176685183175268E-023   7.2826949988593080E-025   8.5001782169748268E-024   1.1162643041518373E-018   1.9803007273653853E-022
2437.0000000000000        7.7464581888962871E-023   7.1896714808120532E-025   8.3921624848482753E-024   1.1124174567718155E-018   1.9579885868916166E-022
2442.0000000000000        7.6760262386106102E-023   7.0980147078484077E-025   8.2857250434576108E-024   1.1085890066542804E-018   1.9359740379023854E-022
2447.0000000000000        7.6063625885820652E-023   7.0077019406936782E-025   8.1808397366511038E-024   1.1047788320358579E-018   1.9142524901476070E-022
2452.0000000000000        7.5374577579357622E-023   6.9187112769751421E-025   8.0774813153535945E-024   1.1009868155688366E-018   1.8928194796100758E-022
2457.0000000000000        7.4693024570899536E-023   6.8310212935707334E-025   7.9756251461174527E-024   1.0972128404726387E-018   1.8716706445560020E-022
2462.0000000000000        7.4018873953460274E-023   6.7446108145806604E-025   7.8752469106920904E-024   1.0934567916185054E-018   1.8508016843833889E-022
2467.0000000000000        7.3352033502445974E-023   6.6594589622805040E-025   7.7763226253287744E-024   1.0897185552893333E-018   1.8302083579704314E-022
2472.0000000000000        7.2692413404394539E-023   6.5755452176935169E-025   7.6788286639286440E-024   1.0859980197606922E-018   1.8098864802743555E-022
2477.0000000000000        7.2039928172475500E-023   6.4928495797407880E-025   7.5827419377208553E-024   1.0822950743358947E-018   1.7898319433788332E-022
2482.0000000000000        7.1394493509149201E-023   6.4113523976159219E-025   7.4880397955501509E-024   1.0786096136755526E-018   1.7700407143054911E-022
2487.0000000000000        7.0756027023764791E-023   6.3310344434728189E-025   7.3947000611249123E-024   1.0749415302761467E-018   1.7505088359962948E-022
2492.0000000000000        7.0124446181967338E-023   6.2518767698620235E-025   7.3027009239837551E-024   1.0712907194064610E-018   1.7312324195854104E-022
2497.0000000000000        6.9499662553343066E-023   6.1738602713951718E-025   7.2120205791061029E-024   1.0676570773948906E-018   1.7122076135850624E-022
2502.0000000000000        6.8881585420610807E-023   6.0969659131319154E-025   7.1226373482746232E-024   1.0640405001028292E-018   1.6934306043981135E-022
2507.0000000000000        6.8270125687452048E-023   6.0211750109885430E-025   7.0345298828072885E-024   1.0604408844134541E-018   1.6748976288749203E-022
2512.0000000000000        6.7665197084117281E-023   5.9464693626019393E-025   6.9476773664080632E-024   1.0568581284323736E-018   1.6566050038314893E-022
2517.0000000000000        6.7066715184969222E-023   5.8728311731161052E-025   6.8620594619234574E-024   1.0532921287497016E-018   1.6385491228490512E-022
2522.0000000000000        6.6474595965507033E-023   5.8002429858181064E-025   6.7776562555277965E-024   1.0497427855755992E-018   1.6207264522565746E-022
2527.0000000000000        6.5888754784176984E-023   5.7286875854330369E-025   6.6944481285312775E-024   1.0462099942574281E-018   1.6031335140137397E-022
2532.0000000000000        6.5309107226940979E-023   5.6581480127820829E-025   6.6124157523199292E-024   1.0426936530359795E-018   1.5857668818912248E-022
2537.0000000000000        6.4735569420118338E-023   5.5886075531623725E-025   6.5315400692727331E-024   1.0391936580810945E-018   1.5686231777174198E-022
2542.0000000000000        6.4168061859158907E-023   5.5200499917095714E-025   6.4518025426128646E-024   1.0357099069329150E-018   1.5516990963002273E-022
2547.0000000000000        6.3606511725687980E-023   5.4524597800694560E-025   6.3731852737338373E-024   1.0322422975721411E-018   1.5349914128530739E-022
2552.0000000000000        6.3050849447105841E-023   5.3858217904330522E-025   6.2956708075050313E-024   1.0287907317470532E-018   1.5184969675521310E-022
2557.0000000000000        6.2501005224743478E-023   5.3201210864479262E-025   6.2192419450624607E-024   1.0253551092342603E-018   1.5022126507454853E-022
2562.0000000000000        6.1956909060647895E-023   5.2553428980040086E-025   6.1438816844677496E-024   1.0219353322233091E-018   1.4861353926667559E-022
2567.0000000000000        6.1418491930599767E-023   5.1914726972822054E-025   6.0695732881673334E-024   1.0185313021468435E-018   1.4702621693749106E-022
2572.0000000000000        6.0885686175537000E-023   5.1284961977100088E-025   5.9963002970361912E-024   1.0151429217688066E-018   1.4545900047621266E-022
2577.0000000000000        6.0358426150424944E-023   5.0663993977105347E-025   5.9240465577296831E-024   1.0117700947204867E-018   1.4391159709843702E-022
2582.0000000000000        5.9836648978822818E-023   5.0051686320381577E-025   5.8527962481434927E-024   1.0084127300456006E-018   1.4238371886323352E-022
2587.0000000000000        5.9320293995316148E-023   4.9447905608459409E-025   5.7825339028808074E-024   1.0050707344488880E-018   1.4087508335665659E-022
2592.0000000000000        5.8809297547471290E-023   4.8852518385406630E-025   5.7132441361107939E-024   1.0017440158080874E-018   1.3938541142804180E-022
2597.0000000000000        5.8303592921738092E-023   4.8265390932606792E-025   5.6449115807417833E-024   9.9843248078548242E-019   1.3791442609071020E-022
2602.0000000000000        5.7803113398495159E-023   4.7686391360721334E-025   5.5775210791389549E-024   9.9513603660303079E-019   1.3646185429924586E-022
2607.0000000000000        5.7307794829201556E-023   4.7115391283040965E-025   5.5110578587589736E-024   9.9185458778393016E-019   1.3502742881697342E-022
2612.0000000000000        5.6817575574964167E-023   4.6552265556081280E-025   5.4455074832525268E-024   9.8858804430398436E-019   1.3361088739148565E-022
2617.0000000000000        5.6332395190897499E-023   4.5996891489039244E-025   5.3808557903664524E-024   9.8533631184191008E-019   1.3221197229283094E-022
2622.0000000000000        5.5852194131495295E-023   4.5449148814411886E-025   5.3170888948978694E-024   9.8209929961974955E-019   1.3083043039224948E-022
2627.0000000000000        5.5376913364706211E-023   4.4908919352668421E-025   5.2541931445128534E-024   9.7887691658217196E-019   1.2946601259515917E-022
2632.0000000000000        5.4906493812299301E-023   4.4376086615149679E-025   5.1921550920588621E-024   9.7566907232089141E-019   1.2811847367881024E-022
2637.0000000000000        5.4440874889724977E-023   4.3850534826973767E-025   5.1309614048719521E-024   9.7247567723201587E-019   1.2678757136368782E-022
2642.0000000000000        5.3979998237881723E-023   4.3332151095193072E-025   5.0705990489731462E-024   9.6929664300178451E-019   1.2547306785146675E-022
2647.0000000000000        5.3523810220959309E-023   4.2820826978844103E-025   5.0110554507994775E-024   9.6613188131083683E-019   1.2417473151073330E-022
2652.0000000000000        5.3072258494240104E-023   4.2316456168757768E-025   4.9523182862163378E-024   9.6298131061832501E-019   1.2289233489211207E-022
2657.0000000000000        5.2625289771057583E-023   4.1818933025171270E-025   4.8943753162612216E-024   9.5984484668185423E-019   1.2162565277943766E-022
2662.0000000000000        5.2182849808399147E-023   4.1328152740407356E-025   4.8372144218169645E-024   9.5672240833570410E-019   1.2037446275529411E-022
2667.0000000000000        5.1744884141423232E-023   4.0844011824177555E-025   4.7808236564101910E-024   9.5361391561762741E-019   1.1913854582384088E-022
2672.0000000000000        5.1311338237352667E-023   4.0366407961439314E-025   4.7251912162364010E-024   9.5051928906095762E-019   1.1791768585324686E-022
2677.0000000000000        5.0882157950633309E-023   3.9895240151226808E-025   4.6703054471925621E-024   9.4743844911815378E-019   1.1671166955976249E-022
2682.0000000000000        5.0457289340662523E-023   3.9430408758333048E-025   4.6161548660822485E-024   9.4437131608172241E-019   1.1552028689629162E-022
2687.0000000000000        5.0036679766302874E-023   3.8971816033457323E-025   4.5627282068222897E-024   9.4131780984099123E-019   1.1434333142551472E-022
2692.0000000000000        4.9620278263102300E-023   3.8519366412684127E-025   4.5100144465749394E-024   9.3827785398815367E-019   1.1318060056735764E-022
2697.0000000000000        4.9208033056756845E-023   3.8072965062047980E-025   4.4580026539273266E-024   9.3525136892109833E-019   1.1203189396319897E-022
2702.0000000000000        4.8799891160252528E-023   3.7632517625142847E-025   4.4066819630002597E-024   9.3223827647979372E-019   1.1089701313248784E-022
2707.0000000000000        4.8395801125572605E-023   3.7197931936536834E-025   4.3560417413285982E-024   9.2923849980106484E-019   1.0977576319216282E-022
2712.0000000000000        4.7995714075222725E-023   3.6769118527661101E-025   4.3060716453063755E-024   9.2625196302413895E-019   1.0866795348025055E-022
2717.0000000000000        4.7599582277634651E-023   3.6345989561607994E-025   4.2567615006154186E-024   9.2327859064476993E-019   1.0757339610947586E-022
2722.0000000000000        4.7207359728763949E-023   3.5928459231898876E-025   4.2081013430255694E-024   9.2031830762941392E-019   1.0649190639692981E-022
2727.0000000000000        4.6819002297463971E-023   3.5516444131834623E-025   4.1600814733515693E-024   9.1737103884681253E-019   1.0542330365416440E-022
2732.0000000000000        4.6434467123921806E-023   3.5109862850207944E-025   4.1126924169918413E-024   9.1443670925559125E-019   1.0436741075839424E-022
2737.0000000000000        4.6053712919324055E-023   3.4708635924780846E-025   4.0659249016807673E-024   9.1151524229836388E-019   1.0332405367235090E-022
2742.0000000000000        4.5676698960731356E-023   3.4312685365930381E-025   4.0197698188373450E-024   9.0860656439519682E-019   1.0229306114054447E-022
2747.0000000000000        4.5303384792382149E-023   3.3921934360494257E-025   3.9742181978124907E-024   9.0571059974238379E-019   1.0127426441599456E-022
2752.0000000000000        4.4933731258688952E-023   3.3536307749620417E-025   3.9292612555556675E-024   9.0282727346827981E-019   1.0026749777141131E-022
2757.0000000000000        4.4567700609196899E-023   3.3155732082191669E-025   3.8848904074734150E-024   8.9995651396843119E-019   9.9272598675976767E-023
2762.0000000000000        4.4205254485058908E-023   3.2780134406350887E-025   3.8410971506421138E-024   8.9709824957498223E-019   9.8289406596519588E-023
2767.0000000000000        4.3846353968497492E-023   3.2409442255883997E-025   3.7978730444381311E-024   8.9425241000150710E-019   9.7317762591084997E-023
2772.0000000000000        4.3490960755874207E-023   3.2043584514516080E-025   3.7552098199333200E-024   8.9141892675199514E-019   9.6357510710387979E-023
2777.0000000000000        4.3139035531318378E-023   3.1682490462866468E-025   3.7130992925012945E-024   8.8859772962027133E-019   9.5408497140014435E-023
2782.0000000000000        4.2790538065487777E-023   3.1326089485232747E-025   3.6715333042006304E-024   8.8578875076687626E-019   9.4470569268875670E-023
2787.0000000000000        4.2445427892719892E-023   3.0974311484200828E-025   3.6305037582438564E-024   8.8299191877958849E-019   9.3543575942798808E-023
2792.0000000000000        4.2103664461681314E-023   3.0627087194988221E-025   3.5900026659787396E-024   8.8020716494552109E-019   9.2627368160014186E-023
2797.0000000000000        4.1765207946918941E-023   3.0284348539374858E-025   3.5500221755137431E-024   8.7743441803310639E-019   9.1721799267147670E-023
2802.0000000000000        4.1430019190114729E-023   2.9946028602868932E-025   3.5105545738003656E-024   8.7467360777694356E-019   9.0826725008020778E-023
2807.0000000000000        4.1098058696126502E-023   2.9612061148691042E-025   3.4715922474605440E-024   8.7192466389845783E-019   8.9942003214264632E-023
2812.0000000000000        4.0769287146900675E-023   2.9282380882286768E-025   3.4331276927033450E-024   8.6918751677219040E-019   8.9067493730717704E-023
2817.0000000000000        4.0443666540636219E-023   2.8956924098918122E-025   3.3951535766598025E-024   8.6646210020791913E-019   8.8203059000126261E-023
2822.0000000000000        4.0121159994622397E-023   2.8635628726041939E-025   3.3576627601891188E-024   8.6374834602060526E-019   8.7348564508110136E-023
2827.0000000000000        3.9801730620826497E-023   2.8318433459129966E-025   3.3206481898078348E-024   8.6104618793312515E-019   8.6503877401475679E-023
2832.0000000000000        3.9485343184335220E-023   2.8005278548969996E-025   3.2841029571059958E-024   8.5835556014469045E-019   8.5668866873969594E-023
2837.0000000000000        3.9171964261701464E-023   2.7696106075718599E-025   3.2480203482479882E-024   8.5567644479850512E-019   8.4843404926311900E-023
2842.0000000000000        3.8861561589943739E-023   2.7390859648797676E-025   3.2123938289363930E-024   8.5300863615058205E-019   8.4027366379157180E-023
2847.0000000000000        3.8554103467921389E-023   2.7089483842290996E-025   3.1772169827501987E-024   8.5035221189045623E-019   8.3220628136478276E-023
2852.0000000000000        3.8249558019686183E-023   2.6791923780679775E-025   3.1424834681265646E-024   8.4770705987106946E-019   8.2423068697710106E-023
2857.0000000000000        3.7947893088256521E-023   2.6498125072457204E-025   3.1081870026987867E-024   8.4507311981382778E-019   8.1634567911091985E-023
2862.0000000000000        3.7649078061184275E-023   2.6208034821565305E-025   3.0743214473881751E-024   8.4245032847473140E-019   8.0855007680941849E-023
2867.0000000000000        3.7353083109154387E-023   2.5921601159915336E-025   3.0408807733869114E-024   8.3983862449637430E-019   8.0084271732130903E-023
2872.0000000000000        3.7059878424117136E-023   2.5638772860752670E-025   3.0078590369226440E-024   8.3723794730198735E-019   7.9322245491397980E-023
2877.0000000000000        3.6769433617959281E-023   2.5359498791299734E-025   2.9752503092710711E-024   8.3464823669946619E-019   7.8568815177365248E-023
2882.0000000000000        3.6481719562576955E-023   2.5083728904117275E-025   2.9430487734027725E-024   8.3206943285629814E-019   7.7823868752316275E-023
2887.0000000000000        3.6196707452223745E-023   2.4811413984759164E-025   2.9112487234316686E-024   8.2950147656987444E-019   7.7087296199993931E-023
2892.0000000000000        3.5914367984181258E-023   2.4542505157138621E-025   2.8798445097441041E-024   8.2694430860203387E-019   7.6358988887478589E-023
2897.0000000000000        3.5634671682738077E-023   2.4276953945987437E-025   2.8488305299503649E-024   8.2439787079819045E-019   7.5638839291717972E-023
2902.0000000000000        3.5357589099211883E-023   2.4014712450139358E-025   2.8182012434335969E-024   8.2186210398293264E-019   7.4926741115688158E-023
2907.0000000000000        3.5083091253353210E-023   2.3755733612332297E-025   2.7879512015541150E-024   8.1933695269277706E-019   7.4222589636235803E-023
2912.0000000000000        3.4811150457051150E-023   2.3499971713689996E-025   2.7580751008202393E-024   8.1682235821590227E-019   7.3526282311301499E-023
2917.0000000000000        3.4541739245283770E-023   2.3247381724423354E-025   2.7285677317817929E-024   8.1431826328518601E-019   7.2837718356553814E-023
2922.0000000000000        3.4274829623389227E-023   2.2997918868461694E-025   2.6994239348174676E-024   8.1182461051577586E-019   7.2156798269766636E-023
2927.0000000000000        3.4010394034204840E-023   2.2751539055738312E-025   2.6706386233782551E-024   8.0934134253926047E-019   7.1483423852846555E-023
2932.0000000000000        3.3748405650856375E-023   2.2508199099200982E-025   2.6422068087541704E-024   8.0686840168279743E-019   7.0817498500241913E-023
2937.0000000000000        3.3488838191901795E-023   2.2267856803230358E-025   2.6141236185675083E-024   8.0440573145711858E-019   7.0158927505684315E-023
2942.0000000000000        3.3231664600453418E-023   2.2030470106580427E-025   2.5863842068170939E-024   8.0195327425460527E-019   6.9507617070702412E-023
2947.0000000000000        3.2976858111603235E-023   2.1795997519691258E-025   2.5589837886519736E-024   7.9951097282141431E-019   6.8863474547933011E-023
2952.0000000000000        3.2724392673407673E-023   2.1564398383863149E-025   2.5319176683639309E-024   7.9707876969399873E-019   6.8226408761928510E-023
2957.0000000000000        3.2474242683460920E-023   2.1335632716282899E-025   2.5051812287948705E-024   7.9465661133557730E-019   6.7596329918734054E-023
2962.0000000000000        3.2226383317253631E-023   2.1109661380809114E-025   2.4787699485273799E-024   7.9224444105850636E-019   6.6973149802993466E-023
2967.0000000000000        3.1980790098503530E-023   2.0886445816917323E-025   2.4526793718289217E-024   7.8984220409424876E-019   6.6356781410691284E-023
2972.0000000000000        3.1737438118347045E-023   2.0665947562962746E-025   2.4269050572763585E-024   7.8744984640220778E-019   6.5747138364449386E-023
2977.0000000000000        3.1496302917991123E-023   2.0448128792602707E-025   2.4014426256344495E-024   7.8506731465360292E-019   6.5144135355430202E-023
2982.0000000000000        3.1257360496054604E-023   2.0232952353205940E-025   2.3762877690663309E-024   7.8269455605182558E-019   6.4547688300107950E-023
2987.0000000000000        3.1020587081295586E-023   2.0020381719365380E-025   2.3514362546069351E-024   7.8033151939047302E-019   6.3957714463431504E-023
2992.0000000000000        3.0785959019005429E-023   1.9810380837620584E-025   2.3268839064926472E-024   7.7797815277963009E-019   6.3374132227369866E-023
2997.0000000000000        3.0553452953913821E-023   1.9602914120610406E-025   2.3026266034411730E-024   7.7563440574046774E-019   6.2796861026146983E-023
3002.0000000000000        3.0323047060417417E-023   1.9397947180753474E-025   2.2786603482438825E-024   7.7330022773090128E-019   6.2225822025891072E-023
