#1:ell   2:cell 3:err_cell 4:CIB 5:RS 6:IRS 7:corr_noise
     10    0.005079    0.00629    0.000000    0.000043    0.000007    0.0000006401
     13.5    0.008806    0.006148    0.000000    0.000142    0.000024    0.0000011666
     18    0.013630    0.005795    0.000000    0.000296    0.000048    0.0000020743
     23.5    0.029612    0.008050    0.000000    0.000400    0.000073    0.0000035365
     30.5    0.022409    0.005215    0.000902    0.000541    0.000111    0.0000059597
     40    0.028486    0.004645    0.002010    0.001056    0.000224    0.0000102580
     52.5    0.042756    0.004683    0.003119    0.001647    0.000449    0.0000176934
     68.5    0.045801    0.004290    0.006278    0.002787    0.000837    0.0000301853
     89.5    0.071043    0.004542    0.012242    0.004306    0.001400    0.0000517179
    117    0.119144    0.005619    0.021584    0.006842    0.002701    0.0000889347
    152.5    0.151499    0.005936    0.045915    0.011264    0.004721    0.0001526847
    198    0.193903    0.006112    0.070582    0.016744    0.008115    0.0002619278
    257.5    0.281751    0.006872    0.119786    0.027345    0.014618    0.0004563660
    335.5    0.398371    0.008238    0.211686    0.043275    0.024893    0.0008150282
    436.5    0.567428    0.009581    0.332863    0.070587    0.051570    0.0015027641
    567.5    0.768656    0.012424    0.434931    0.115356    0.107293    0.0029342243
    738    1.110114    0.016454    0.602030    0.154926    0.197053    0.0063340766
    959.5    1.661414    0.024023    0.754733    0.207200    0.361713    0.0161707980