1.6118e+01
1.6348e+01
1.6579e+01
1.6809e+01
1.7039e+01
1.7269e+01
1.7500e+01
1.7730e+01
1.7960e+01
1.8190e+01
1.8421e+01
1.8651e+01
1.8881e+01
1.9111e+01
1.9342e+01
1.9572e+01
1.9802e+01
2.0032e+01
2.0263e+01
2.0493e+01
2.0723e+01
2.0954e+01
2.1184e+01
2.1414e+01
2.1644e+01
2.1875e+01
2.2105e+01
2.2335e+01
2.2565e+01
2.2796e+01
2.3026e+01
2.3256e+01
2.3486e+01
2.3717e+01
2.3947e+01
2.4177e+01
2.4407e+01
2.4638e+01
2.4868e+01
2.5098e+01
2.5328e+01
2.5559e+01
2.5789e+01
2.6019e+01
2.6249e+01
2.6480e+01
2.6710e+01
2.6940e+01
2.7171e+01
2.7401e+01
2.7631e+01
2.7861e+01
2.8092e+01
2.8322e+01
2.8552e+01
2.8782e+01
2.9013e+01
2.9243e+01
2.9473e+01
2.9703e+01
2.9934e+01
3.0164e+01
3.0394e+01
3.0624e+01
3.0855e+01
3.1085e+01
3.1315e+01
3.1545e+01
3.1776e+01
3.2006e+01
3.2236e+01
3.2466e+01
3.2697e+01
3.2927e+01
3.3157e+01
3.3387e+01
3.3618e+01
3.3848e+01
3.4078e+01
3.4309e+01
3.4539e+01
3.4769e+01
3.4999e+01
3.5230e+01
3.5460e+01
3.5690e+01
3.5920e+01
3.6151e+01
3.6381e+01
3.6611e+01
3.6841e+01
3.7072e+01
