         1        92   0.00000000E+00   0.31562220E+00   0.68437780E+00   0.82883870E+00   0.96580000E+00   0.22242000E-01  ---------------   0.27255000E+01  ---------------      0.67238290E+00                                 
   0.00000000E+00   0.10000000E+08   0.24744486E+02   0.28660825E+14   0.43672451E-02   0.31385671E+01   0.84452033E+06   0.15822113E+17   0.17649367E-03   0.45370722E+01   0.89756121E+07   0.19148914E+02   0.55508000E+14   0.10767622E+08   0.29884102E+02   0.17519557E+14   0.92954672E+10
   0.00000000E+00   0.12589254E+08   0.24507403E+02   0.28660825E+14   0.47156427E-02   0.33889468E+01   0.10673372E+07   0.15431659E+17   0.19241707E-03   0.48849963E+01   0.11295006E+08   0.18962860E+02   0.55508000E+14   0.13559164E+08   0.29600346E+02   0.17519557E+14   0.92954672E+10
   0.00000000E+00   0.15848932E+08   0.24269141E+02   0.28660825E+14   0.50918339E-02   0.36593006E+01   0.13490364E+07   0.15045476E+17   0.20980693E-03   0.52594111E+01   0.14213640E+08   0.18775890E+02   0.55508000E+14   0.17074520E+08   0.29315171E+02   0.17519557E+14   0.92954672E+10
   0.00000000E+00   0.19952623E+08   0.24029698E+02   0.28660825E+14   0.54980358E-02   0.39512219E+01   0.17052063E+07   0.14663611E+17   0.22880170E-03   0.56623153E+01   0.17886339E+08   0.18588022E+02   0.55508000E+14   0.21501450E+08   0.29028599E+02   0.17519557E+14   0.92954672E+10
   0.00000000E+00   0.25118864E+08   0.23785225E+02   0.28660825E+14   0.59366425E-02   0.42664313E+01   0.21557141E+07   0.14280125E+17   0.24959371E-03   0.60955650E+01   0.22507666E+08   0.18396214E+02   0.55508000E+14   0.27076425E+08   0.28735995E+02   0.17519557E+14   0.92954672E+10
   0.00000000E+00   0.31622777E+08   0.23538129E+02   0.28660825E+14   0.64102391E-02   0.46067865E+01   0.27255251E+07   0.13899048E+17   0.27233427E-03   0.65615909E+01   0.28322639E+08   0.18202354E+02   0.55508000E+14   0.34097163E+08   0.28440237E+02   0.17519557E+14   0.92954672E+10
   0.00000000E+00   0.39810717E+08   0.23289925E+02   0.28660825E+14   0.69216170E-02   0.49742937E+01   0.34462267E+07   0.13522818E+17   0.29719361E-03   0.70629704E+01   0.35639546E+08   0.18007628E+02   0.55508000E+14   0.42938597E+08   0.28143141E+02   0.17519557E+14   0.92954672E+10
   0.00000000E+00   0.50118723E+08   0.23039038E+02   0.28660825E+14   0.74737901E-02   0.53711188E+01   0.43579820E+07   0.13149146E+17   0.32439679E-03   0.76022062E+01   0.44846123E+08   0.17810811E+02   0.55508000E+14   0.54073072E+08   0.27842820E+02   0.17519557E+14   0.92954672E+10
   0.00000000E+00   0.63095734E+08   0.22783091E+02   0.28660825E+14   0.80700129E-02   0.57996006E+01   0.55118247E+07   0.12774750E+17   0.35421062E-03   0.81818613E+01   0.56429962E+08   0.17610037E+02   0.55508000E+14   0.68095625E+08   0.27536426E+02   0.17519557E+14   0.92954672E+10
   0.00000000E+00   0.79432823E+08   0.22526113E+02   0.28660825E+14   0.87137995E-02   0.62622647E+01   0.69717840E+07   0.12405713E+17   0.38683104E-03   0.88053477E+01   0.71005144E+08   0.17408468E+02   0.55508000E+14   0.85755178E+08   0.27228783E+02   0.17519557E+14   0.92954672E+10
   0.00000000E+00   0.10000000E+09   0.22267678E+02   0.28660825E+14   0.94089443E-02   0.67618379E+01   0.88193317E+07   0.12041472E+17   0.42253818E-03   0.94758911E+01   0.89343823E+08   0.17205772E+02   0.55508000E+14   0.10799529E+09   0.26919381E+02   0.17519557E+14   0.92954672E+10
   0.00000000E+00   0.12589254E+09   0.22002981E+02   0.28660825E+14   0.10159544E-01   0.73012646E+01   0.11158657E+08   0.11675502E+17   0.46173491E-03   0.10196352E+02   0.11241636E+09   0.16998179E+02   0.55508000E+14   0.13600524E+09   0.26602468E+02   0.17519557E+14   0.92954672E+10
   0.00000000E+00   0.15848932E+09   0.21737653E+02   0.28660825E+14   0.10970024E-01   0.78837242E+01   0.14119804E+08   0.11315811E+17   0.50465538E-03   0.10971148E+02   0.14144556E+09   0.16790107E+02   0.55508000E+14   0.17128115E+09   0.26284782E+02   0.17519557E+14   0.92954672E+10
   0.00000000E+00   0.19952623E+09   0.21472774E+02   0.28660825E+14   0.11845159E-01   0.85126496E+01   0.17868082E+08   0.10963810E+17   0.55163617E-03   0.11804506E+02   0.17796888E+09   0.16582394E+02   0.55508000E+14   0.21570798E+09   0.25967617E+02   0.17519557E+14   0.92954672E+10
   0.00000000E+00   0.25118864E+09   0.21203870E+02   0.28660825E+14   0.12790109E-01   0.91917476E+01   0.22615155E+08   0.10613632E+17   0.60319691E-03   0.12700050E+02   0.22391836E+09   0.16371535E+02   0.55508000E+14   0.27166162E+09   0.25645612E+02   0.17519557E+14   0.92954672E+10
   0.00000000E+00   0.31622777E+09   0.20936006E+02   0.28660825E+14   0.13810441E-01   0.99250207E+01   0.28625406E+08   0.10271934E+17   0.65965025E-03   0.13663255E+02   0.28172867E+09   0.16161508E+02   0.55508000E+14   0.34213142E+09   0.25324838E+02   0.17519557E+14   0.92954672E+10
   0.00000000E+00   0.39810717E+09   0.20667995E+02   0.28660825E+14   0.14912172E-01   0.10716791E+02   0.36236445E+08   0.99371014E+16   0.72151031E-03   0.14698964E+02   0.35445962E+09   0.15951382E+02   0.55508000E+14   0.43088466E+09   0.25003869E+02   0.17519557E+14   0.92954672E+10
   0.00000000E+00   0.50118723E+09   0.20397042E+02   0.28660825E+14   0.16101793E-01   0.11571725E+02   0.45878410E+08   0.96057002E+16   0.78941801E-03   0.15811966E+02   0.44595871E+09   0.15738975E+02   0.55508000E+14   0.54266925E+09   0.24679373E+02   0.17519557E+14   0.92954672E+10
   0.00000000E+00   0.63095734E+09   0.20127225E+02   0.28660825E+14   0.17386316E-01   0.12494861E+02   0.58090440E+08   0.92827248E+16   0.86382079E-03   0.17008880E+02   0.56107186E+09   0.15527485E+02   0.55508000E+14   0.68345979E+09   0.24356231E+02   0.17519557E+14   0.92954672E+10
   0.00000000E+00   0.79432823E+09   0.19855732E+02   0.28660825E+14   0.18773312E-01   0.13491640E+02   0.73563449E+08   0.89647645E+16   0.94548575E-03   0.18295267E+02   0.70588614E+09   0.15314700E+02   0.55508000E+14   0.86078710E+09   0.24031065E+02   0.17519557E+14   0.92954672E+10
   0.00000000E+00   0.10000000E+10   0.19583059E+02   0.28660825E+14   0.20270956E-01   0.14567938E+02   0.93170446E+08   0.86524454E+16   0.10351271E-02   0.19677841E+02   0.88805750E+09   0.15100985E+02   0.55508000E+14   0.10841343E+10   0.23704462E+02   0.17519557E+14   0.92954672E+10
   0.00000000E+00   0.12589254E+10   0.19311513E+02   0.28660825E+14   0.21888075E-01   0.15730098E+02   0.11801369E+09   0.83483446E+16   0.11334210E-02   0.21164391E+02   0.11172281E+10   0.14888169E+02   0.55508000E+14   0.13654391E+10   0.23379162E+02   0.17519557E+14   0.92954672E+10
   0.00000000E+00   0.15848932E+10   0.19036432E+02   0.28660825E+14   0.23634199E-01   0.16984969E+02   0.14951084E+09   0.80472671E+16   0.12415246E-02   0.22761133E+02   0.14055055E+10   0.14672612E+02   0.55508000E+14   0.17197647E+10   0.23049619E+02   0.17519557E+14   0.92954672E+10
   0.00000000E+00   0.19952623E+10   0.18762326E+02   0.28660825E+14   0.25519622E-01   0.18339948E+02   0.18943341E+09   0.77541761E+16   0.13601523E-02   0.24477649E+02   0.17681494E+10   0.14457860E+02   0.55508000E+14   0.21660636E+10   0.22721252E+02   0.17519557E+14   0.92954672E+10
   0.00000000E+00   0.25118864E+10   0.18487304E+02   0.28660825E+14   0.27555453E-01   0.19803020E+02   0.24005191E+09   0.74669796E+16   0.14905069E-02   0.26322116E+02   0.22243016E+10   0.14242378E+02   0.55508000E+14   0.27282165E+10   0.22391767E+02   0.17519557E+14   0.92954672E+10
   0.00000000E+00   0.31622777E+10   0.18210730E+02   0.28660825E+14   0.29753694E-01   0.21382809E+02   0.30424804E+09   0.71850359E+16   0.16338551E-02   0.28303643E+02   0.27980689E+10   0.14025699E+02   0.55508000E+14   0.34362917E+10   0.22060358E+02   0.17519557E+14   0.92954672E+10
   0.00000000E+00   0.39810717E+10   0.17935585E+02   0.28660825E+14   0.32127300E-01   0.23088626E+02   0.38565158E+09   0.69113172E+16   0.17912602E-02   0.30433606E+02   0.35198121E+10   0.13810193E+02   0.55508000E+14   0.43282023E+10   0.21730677E+02   0.17519557E+14   0.92954672E+10
   0.00000000E+00   0.50118723E+10   0.17656664E+02   0.28660825E+14   0.34690261E-01   0.24930525E+02   0.48895205E+09   0.66406608E+16   0.19647121E-02   0.32720421E+02   0.44275574E+10   0.13591720E+02   0.55508000E+14   0.54517286E+10   0.21396459E+02   0.17519557E+14   0.92954672E+10
   0.00000000E+00   0.63095734E+10   0.17379509E+02   0.28660825E+14   0.37457682E-01   0.26919362E+02   0.61998806E+09   0.63784463E+16   0.21552785E-02   0.35178326E+02   0.55693153E+10   0.13374651E+02   0.55508000E+14   0.68669245E+10   0.21064288E+02   0.17519557E+14   0.92954672E+10
   0.00000000E+00   0.79432823E+10   0.17100234E+02   0.28660825E+14   0.40445874E-01   0.29066858E+02   0.78630792E+09   0.61209364E+16   0.23652235E-02   0.37817728E+02   0.70053443E+10   0.13155971E+02   0.55508000E+14   0.86497032E+10   0.20729603E+02   0.17519557E+14   0.92954672E+10
   0.00000000E+00   0.10000000E+11   0.16821318E+02   0.28660825E+14   0.43672451E-01   0.31385671E+02   0.99739936E+09   0.58704073E+16   0.25962561E-02   0.40653316E+02   0.88113982E+10   0.12937569E+02   0.55508000E+14   0.10895449E+11   0.20395307E+02   0.17519557E+14   0.92954672E+10
   0.00000000E+00   0.12589254E+11   0.16541516E+02   0.28660825E+14   0.47156427E-01   0.33889468E+02   0.12654073E+10   0.56256846E+16   0.28507923E-02   0.43698606E+02   0.11082827E+11   0.12718519E+02   0.55508000E+14   0.13724479E+11   0.20059917E+02   0.17519557E+14   0.92954672E+10
   0.00000000E+00   0.15848932E+11   0.16261153E+02   0.28660825E+14   0.50918339E-01   0.36593006E+02   0.16057434E+10   0.53870284E+16   0.31312871E-02   0.46969057E+02   0.13939335E+11   0.12499033E+02   0.55508000E+14   0.17288434E+11   0.19723853E+02   0.17519557E+14   0.92954672E+10
   0.00000000E+00   0.19952623E+11   0.15980787E+02   0.28660825E+14   0.54980358E-01   0.39512219E+02   0.20379951E+10   0.51548582E+16   0.34404036E-02   0.50481479E+02   0.17531681E+11   0.12279586E+02   0.55508000E+14   0.21778130E+11   0.19387727E+02   0.17519557E+14   0.92954672E+10
   0.00000000E+00   0.25118864E+11   0.15699323E+02   0.28660825E+14   0.59366425E-01   0.42664313E+02   0.25871941E+10   0.49282286E+16   0.37814640E-02   0.54252495E+02   0.22049033E+11   0.12059292E+02   0.55508000E+14   0.27434448E+11   0.19050287E+02   0.17519557E+14   0.92954672E+10
   0.00000000E+00   0.31622777E+11   0.15418396E+02   0.28660825E+14   0.64102391E-01   0.46067865E+02   0.32850096E+10   0.47083993E+16   0.41575266E-02   0.58302342E+02   0.27729653E+11   0.11839455E+02   0.55508000E+14   0.34560335E+11   0.18713443E+02   0.17519557E+14   0.92954672E+10
   0.00000000E+00   0.39810717E+11   0.15136238E+02   0.28660825E+14   0.69216170E-01   0.49742937E+02   0.41720898E+10   0.44939323E+16   0.45728781E-02   0.62649443E+02   0.34872508E+11   0.11618678E+02   0.55508000E+14   0.43538082E+11   0.18375093E+02   0.17519557E+14   0.92954672E+10
   0.00000000E+00   0.50118723E+11   0.14854778E+02   0.28660825E+14   0.74737901E-01   0.53711188E+02   0.52997866E+10   0.42862349E+16   0.50312364E-02   0.67317353E+02   0.43853955E+11   0.11398476E+02   0.55508000E+14   0.54849247E+11   0.18037579E+02   0.17519557E+14   0.92954672E+10
   0.00000000E+00   0.63095734E+11   0.14572647E+02   0.28660825E+14   0.80700129E-01   0.57996006E+02   0.67340187E+10   0.40842160E+16   0.55377812E-02   0.72327669E+02   0.55146500E+11   0.11177777E+02   0.55508000E+14   0.69100412E+11   0.17699208E+02   0.17519557E+14   0.92954672E+10
   0.00000000E+00   0.79432823E+11   0.14290497E+02   0.28660825E+14   0.87137995E-01   0.62622647E+02   0.85584935E+10   0.38882874E+16   0.60976184E-02   0.77705855E+02   0.69344355E+11   0.10957094E+02   0.55508000E+14   0.87056404E+11   0.17360787E+02   0.17519557E+14   0.92954672E+10
   0.00000000E+00   0.10000000E+12   0.14008926E+02   0.28660825E+14   0.94089443E-01   0.67618379E+02   0.10879863E+11   0.36987676E+16   0.67163922E-02   0.83479319E+02   0.87194508E+11   0.10736900E+02   0.55508000E+14   0.10968104E+12   0.17023044E+02   0.17519557E+14   0.92954672E+10
   0.00000000E+00   0.12589254E+12   0.13726586E+02   0.28660825E+14   0.10159544E+00   0.73012646E+02   0.13834979E+11   0.35146748E+16   0.74013630E-02   0.89674426E+02   0.10963444E+12   0.10516129E+02   0.55508000E+14   0.13818899E+12   0.16684333E+02   0.17519557E+14   0.92954672E+10
   0.00000000E+00   0.15848932E+12   0.13445726E+02   0.28660825E+14   0.10970024E+00   0.78837242E+02   0.17596779E+11   0.33373749E+16   0.81587442E-02   0.96325248E+02   0.13784436E+12   0.10296547E+02   0.55508000E+14   0.17411059E+12   0.16347368E+02   0.17519557E+14   0.92954672E+10
   0.00000000E+00   0.19952623E+12   0.13163646E+02   0.28660825E+14   0.11845159E+00   0.85126496E+02   0.22389087E+11   0.31650752E+16   0.89983878E-02   0.10345966E+03   0.17330403E+12   0.10076045E+02   0.55508000E+14   0.21937684E+12   0.16008905E+02   0.17519557E+14   0.92954672E+10
   0.00000000E+00   0.25118864E+12   0.12883304E+02   0.28660825E+14   0.12790109E+00   0.91917476E+02   0.28493525E+11   0.29994869E+16   0.99276622E-02   0.11111810E+03   0.21787686E+12   0.98569369E+01   0.55508000E+14   0.27641834E+12   0.15672492E+02   0.17519557E+14   0.92954672E+10
   0.00000000E+00   0.31622777E+12   0.12602654E+02   0.28660825E+14   0.13810441E+00   0.99250207E+02   0.36274634E+11   0.28392793E+16   0.10958360E-01   0.11933393E+03   0.27389991E+12   0.96376320E+01   0.55508000E+14   0.34830288E+12   0.15335674E+02   0.17519557E+14   0.92954672E+10
   0.00000000E+00   0.39810717E+12   0.12322672E+02   0.28660825E+14   0.14912172E+00   0.10716791E+03   0.46195265E+11   0.26849189E+16   0.12101411E-01   0.12814921E+03   0.34431061E+12   0.94188827E+01   0.55508000E+14   0.43889511E+12   0.14999622E+02   0.17519557E+14   0.92954672E+10
   0.00000000E+00   0.50118723E+12   0.12044767E+02   0.28660825E+14   0.16101793E+00   0.11571725E+03   0.58845098E+11   0.25370238E+16   0.13368289E-01   0.13761077E+03   0.43280164E+12   0.92017916E+01   0.55508000E+14   0.55306541E+12   0.14666025E+02   0.17519557E+14   0.92954672E+10
   0.00000000E+00   0.63095734E+12   0.11765988E+02   0.28660825E+14   0.17386316E+00   0.12494861E+03   0.74990039E+11   0.23939103E+16   0.14776758E-01   0.14775678E+03   0.54399986E+12   0.89840545E+01   0.55508000E+14   0.69696269E+12   0.14331339E+02   0.17519557E+14   0.92954672E+10
   0.00000000E+00   0.79432823E+12   0.11489057E+02   0.28660825E+14   0.18773312E+00   0.13491640E+03   0.95594783E+11   0.22568694E+16   0.16340168E-01   0.15864414E+03   0.68373139E+12   0.87677993E+01   0.55508000E+14   0.87832759E+12   0.13998830E+02   0.17519557E+14   0.92954672E+10
   0.00000000E+00   0.10000000E+13   0.11213913E+02   0.28660825E+14   0.20270956E+00   0.14567938E+03   0.12190175E+12   0.21256933E+16   0.18076612E-01   0.17032628E+03   0.85930718E+12   0.85529850E+01   0.55508000E+14   0.11069269E+13   0.13668432E+02   0.17519557E+14   0.92954672E+10
   0.00000000E+00   0.12589254E+13   0.10938593E+02   0.28660825E+14   0.21888075E+00   0.15730098E+03   0.15551772E+12   0.19993246E+16   0.20009955E-01   0.18285300E+03   0.10798950E+13   0.83380852E+01   0.55508000E+14   0.13950887E+13   0.13337791E+02   0.17519557E+14   0.92954672E+10
   0.00000000E+00   0.15848932E+13   0.10665519E+02   0.28660825E+14   0.23634199E+00   0.16984969E+03   0.19847353E+12   0.18787441E+16   0.22159446E-01   0.19629401E+03   0.13570268E+13   0.81249838E+01   0.55508000E+14   0.17583253E+13   0.13009789E+02   0.17519557E+14   0.92954672E+10
   0.00000000E+00   0.19952623E+13   0.10394630E+02   0.28660825E+14   0.25519622E+00   0.18339948E+03   0.25338850E+12   0.17637341E+16   0.24550774E-01   0.21071530E+03   0.17051560E+13   0.79136127E+01   0.55508000E+14   0.22162213E+13   0.12684362E+02   0.17519557E+14   0.92954672E+10
   0.00000000E+00   0.25118864E+13   0.10124780E+02   0.28660825E+14   0.27555453E+00   0.19803020E+03   0.32364437E+12   0.16536514E+16   0.27215853E-01   0.22618211E+03   0.21424310E+13   0.77031011E+01   0.55508000E+14   0.27934883E+13   0.12360131E+02   0.17519557E+14   0.92954672E+10
   0.00000000E+00   0.31622777E+13   0.98567004E+01   0.28660825E+14   0.29753694E+00   0.21382809E+03   0.41356121E+12   0.15486509E+16   0.30186262E-01   0.24277303E+03   0.26916589E+13   0.74940388E+01   0.55508000E+14   0.35213061E+13   0.12038009E+02   0.17519557E+14   0.92954672E+10
   0.00000000E+00   0.39810717E+13   0.95910219E+01   0.28660825E+14   0.32127300E+00   0.23088626E+03   0.52868461E+12   0.14488065E+16   0.33497265E-01   0.26057267E+03   0.33814002E+13   0.72868771E+01   0.55508000E+14   0.44389351E+13   0.11718706E+02   0.17519557E+14   0.92954672E+10
   0.00000000E+00   0.50118723E+13   0.93278057E+01   0.28660825E+14   0.34690261E+00   0.24930525E+03   0.67615570E+12   0.13539551E+16   0.37190162E-01   0.27966913E+03   0.42475673E+13   0.70816961E+01   0.55508000E+14   0.55959416E+13   0.11402299E+02   0.17519557E+14   0.92954672E+10
   0.00000000E+00   0.63095734E+13   0.90665479E+01   0.28660825E+14   0.37457682E+00   0.26919362E+03   0.86519504E+12   0.12637436E+16   0.41314161E-01   0.30015304E+03   0.53351223E+13   0.68780890E+01   0.55508000E+14   0.70549833E+13   0.11088237E+02   0.17519557E+14   0.92954672E+10
   0.00000000E+00   0.79432823E+13   0.88075374E+01   0.28660825E+14   0.40445874E+00   0.29066858E+03   0.11076511E+13   0.11781092E+16   0.45921888E-01   0.32212678E+03   0.67005190E+13   0.66762873E+01   0.55508000E+14   0.88948143E+13   0.10776771E+02   0.17519557E+14   0.92954672E+10
   0.00000000E+00   0.10000000E+14   0.85513921E+01   0.28660825E+14   0.43672451E+00   0.31385671E+03   0.14187564E+13   0.10970776E+16   0.51070575E-01   0.34570348E+03   0.84145978E+13   0.64767775E+01   0.55508000E+14   0.11215240E+14   0.10468751E+02   0.17519557E+14   0.92954672E+10
   0.00000000E+00   0.12589254E+14   0.82981757E+01   0.28660825E+14   0.47156427E+00   0.33889468E+03   0.18181848E+13   0.10204811E+16   0.56827463E-01   0.37100100E+03   0.10566089E+14   0.62795967E+01   0.55508000E+14   0.14141658E+14   0.10164155E+02   0.17519557E+14   0.92954672E+10
   0.00000000E+00   0.15848932E+14   0.80479883E+01   0.28660825E+14   0.50918339E+00   0.36593006E+03   0.23313227E+13   0.94816403E+15   0.63268406E-01   0.39814655E+03   0.13266384E+14   0.60848410E+01   0.55508000E+14   0.17832874E+14   0.98631651E+01   0.17519557E+14   0.92954672E+10
   0.00000000E+00   0.19952623E+14   0.78009279E+01   0.28660825E+14   0.54980358E+00   0.39512219E+03   0.29909570E+13   0.87997033E+15   0.70479254E-01   0.42727712E+03   0.16655026E+14   0.58925834E+01   0.55508000E+14   0.22489071E+14   0.95658880E+01   0.17519557E+14   0.92954672E+10
   0.00000000E+00   0.25118864E+14   0.75569379E+01   0.28660825E+14   0.59366425E+00   0.42664313E+03   0.38395159E+13   0.81570496E+15   0.78558837E-01   0.45853862E+03   0.20906681E+14   0.57027621E+01   0.55508000E+14   0.28362815E+14   0.92722291E+01   0.17519557E+14   0.92954672E+10
   0.00000000E+00   0.31622777E+14   0.73160283E+01   0.28660825E+14   0.64102391E+00   0.46067865E+03   0.49319122E+13   0.75519748E+15   0.87619113E-01   0.49208876E+03   0.26240484E+14   0.55154001E+01   0.55508000E+14   0.35773344E+14   0.89822212E+01   0.17519557E+14   0.92954672E+10
   0.00000000E+00   0.39810717E+14   0.70786069E+01   0.28660825E+14   0.69216170E+00   0.49742937E+03   0.63390830E+13   0.69837535E+15   0.97782191E-01   0.52810288E+03   0.32930980E+14   0.53308163E+01   0.55508000E+14   0.45123489E+14   0.86963540E+01   0.17519557E+14   0.92954672E+10
   0.00000000E+00   0.50118723E+14   0.68447977E+01   0.28660825E+14   0.74737901E+00   0.53711188E+03   0.81530343E+13   0.64508982E+15   0.10918935E+00   0.56676719E+03   0.41322115E+14   0.51491139E+01   0.55508000E+14   0.56922152E+14   0.84147828E+01   0.17519557E+14   0.92954672E+10
   0.00000000E+00   0.63095734E+14   0.66148934E+01   0.28660825E+14   0.80700129E+00   0.57996006E+03   0.10492917E+14   0.59522869E+15   0.12199763E+00   0.60828573E+03   0.51844437E+14   0.49705137E+01   0.55508000E+14   0.71811342E+14   0.81378383E+01   0.17519557E+14   0.92954672E+10
   0.00000000E+00   0.79432823E+14   0.63887924E+01   0.28660825E+14   0.87137995E+00   0.62622647E+03   0.13513755E+14   0.54859449E+15   0.13639197E+00   0.65287318E+03   0.65036850E+14   0.47949378E+01   0.55508000E+14   0.90602902E+14   0.78654094E+01   0.17519557E+14   0.92954672E+10
   0.00000000E+00   0.10000000E+15   0.61666958E+01   0.28660825E+14   0.94089443E+00   0.67618379E+03   0.17416667E+14   0.50505850E+15   0.15257675E+00   0.70076683E+03   0.81574059E+14   0.46225426E+01   0.55508000E+14   0.11432197E+15   0.75977373E+01   0.17519557E+14   0.92954672E+10
   0.00000000E+00   0.12589254E+15   0.59489880E+01   0.28660825E+14   0.10159544E+01   0.73012646E+03   0.22462584E+14   0.46452390E+15   0.17077769E+00   0.75222799E+03   0.10230045E+15   0.44536216E+01   0.55508000E+14   0.14426404E+15   0.73352961E+01   0.17519557E+14   0.92954672E+10
   0.00000000E+00   0.15848932E+15   0.57363720E+01   0.28660825E+14   0.10970024E+01   0.78837242E+03   0.28989255E+14   0.42694119E+15   0.19123626E+00   0.80754848E+03   0.12827475E+15   0.42887304E+01   0.55508000E+14   0.18206416E+15   0.70789251E+01   0.17519557E+14   0.92954672E+10
   0.00000000E+00   0.19952623E+15   0.55304520E+01   0.28660825E+14   0.11845159E+01   0.85126496E+03   0.37429822E+14   0.39239072E+15   0.21418067E+00   0.86706958E+03   0.16082545E+15   0.41291113E+01   0.55508000E+14   0.22978368E+15   0.68305480E+01   0.17519557E+14   0.92954672E+10
   0.00000000E+00   0.25118864E+15   0.53323649E+01   0.28660825E+14   0.12790109E+01   0.91917476E+03   0.48342700E+14   0.36083575E+15   0.23985809E+00   0.93115819E+03   0.20161663E+15   0.39756335E+01   0.55508000E+14   0.29002610E+15   0.65915479E+01   0.17519557E+14   0.92954672E+10
   0.00000000E+00   0.31622777E+15   0.51443628E+01   0.28660825E+14   0.13810441E+01   0.99250207E+03   0.62434207E+14   0.33238120E+15   0.26845777E+00   0.10002499E+04   0.25274362E+15   0.38300346E+01   0.55508000E+14   0.36606918E+15   0.63646496E+01   0.17519557E+14   0.92954672E+10
   0.00000000E+00   0.39810717E+15   0.49692113E+01   0.28660825E+14   0.14912172E+01   0.10716791E+04   0.80588998E+14   0.30715474E+15   0.30009132E+00   0.10748463E+04   0.31685262E+15   0.36944597E+01   0.55508000E+14   0.46203598E+15   0.61532032E+01   0.17519557E+14   0.92954672E+10
   0.00000000E+00   0.50118723E+15   0.48089285E+01   0.28660825E+14   0.16101793E+01   0.11571725E+04   0.10391652E+15   0.28513373E+15   0.33483120E+00   0.11554856E+04   0.39727687E+15   0.35704568E+01   0.55508000E+14   0.58311364E+15   0.59596566E+01   0.17519557E+14   0.92954672E+10
   0.00000000E+00   0.63095734E+15   0.46648328E+01   0.28660825E+14   0.17386316E+01   0.12494861E+04   0.13380210E+15   0.26618908E+15   0.37271037E+00   0.12427418E+04   0.49822006E+15   0.34590289E+01   0.55508000E+14   0.73581584E+15   0.57855899E+01   0.17519557E+14   0.92954672E+10
   0.00000000E+00   0.79432823E+15   0.45378133E+01   0.28660825E+14   0.18773312E+01   0.13491640E+04   0.17196404E+15   0.25014774E+15   0.41370834E+00   0.13372324E+04   0.62499130E+15   0.33608489E+01   0.55508000E+14   0.92835209E+15   0.56321306E+01   0.17519557E+14   0.92954672E+10
   0.00000000E+00   0.10000000E+16   0.44278794E+01   0.28660825E+14   0.20270956E+01   0.14567938E+04   0.22054240E+15   0.23675465E+15   0.45780280E+00   0.14396006E+04   0.78428984E+15   0.32759129E+01   0.55508000E+14   0.11710173E+16   0.54992747E+01   0.17519557E+14   0.92954672E+10
   0.00000000E+00   0.12589254E+16   0.43346066E+01   0.28660825E+14   0.21888075E+01   0.15730098E+04   0.28219363E+15   0.22574354E+15   0.50496105E+00   0.15505289E+04   0.98456343E+15   0.32038730E+01   0.55508000E+14   0.14767663E+16   0.53865265E+01   0.17519557E+14   0.92954672E+10
   0.00000000E+00   0.15848932E+16   0.42573512E+01   0.28660825E+14   0.23634199E+01   0.16984969E+04   0.36020741E+15   0.21686535E+15   0.55513858E+00   0.16707475E+04   0.12364760E+16   0.31442163E+01   0.55508000E+14   0.18618793E+16   0.52931213E+01   0.17519557E+14   0.92954672E+10
   0.00000000E+00   0.19952623E+16   0.41948278E+01   0.28660825E+14   0.25519622E+01   0.18339948E+04   0.45869606E+15   0.20983914E+15   0.60835921E+00   0.18010164E+04   0.15534996E+16   0.30959616E+01   0.55508000E+14   0.23468471E+16   0.52175217E+01   0.17519557E+14   0.92954672E+10
   0.00000000E+00   0.25118864E+16   0.41453923E+01   0.28660825E+14   0.27555453E+01   0.19803020E+04   0.58281414E+15   0.20438361E+15   0.66472487E+00   0.19421344E+04   0.19525524E+16   0.30578129E+01   0.55508000E+14   0.29574354E+16   0.51577377E+01   0.17519557E+14   0.92954672E+10
   0.00000000E+00   0.31622777E+16   0.41071453E+01   0.28660825E+14   0.29753694E+01   0.21382809E+04   0.73905128E+15   0.20022295E+15   0.72443734E+00   0.20949423E+04   0.24549476E+16   0.30282973E+01   0.55508000E+14   0.37260961E+16   0.51114794E+01   0.17519557E+14   0.92954672E+10
   0.00000000E+00   0.39810717E+16   0.40780981E+01   0.28660825E+14   0.32127300E+01   0.23088626E+04   0.93559964E+15   0.19709795E+15   0.78780107E+00   0.22603305E+04   0.30875211E+16   0.30058826E+01   0.55508000E+14   0.46936917E+16   0.50763440E+01   0.17519557E+14   0.92954672E+10
   0.00000000E+00   0.50118723E+16   0.40564429E+01   0.28660825E+14   0.34690261E+01   0.24930525E+04   0.11827867E+16   0.19478774E+15   0.85518918E+00   0.24392557E+04   0.38840960E+16   0.29891868E+01   0.55508000E+14   0.59116860E+16   0.50501508E+01   0.17519557E+14   0.92954672E+10
   0.00000000E+00   0.63095734E+16   0.40405226E+01   0.28660825E+14   0.37457682E+01   0.26919362E+04   0.14936555E+16   0.19309993E+15   0.92705042E+00   0.26327447E+04   0.48870690E+16   0.29769033E+01   0.55508000E+14   0.74448601E+16   0.50308910E+01   0.17519557E+14   0.92954672E+10
   0.00000000E+00   0.79432823E+16   0.40289501E+01   0.28660825E+14   0.40445874E+01   0.29066858E+04   0.18846557E+16   0.19187869E+15   0.10038812E+01   0.28419082E+04   0.61499288E+16   0.29679708E+01   0.55508000E+14   0.93748092E+16   0.50168897E+01   0.17519557E+14   0.92954672E+10
   0.00000000E+00   0.10000000E+17   0.40206059E+01   0.28660825E+14   0.43672451E+01   0.31385671E+04   0.23765240E+16   0.19100107E+15   0.10862157E+01   0.30679500E+04   0.77400671E+16   0.29615389E+01   0.55508000E+14   0.11804304E+17   0.50067990E+01   0.17519557E+14   0.92954672E+10
   0.00000000E+00   0.12589254E+17   0.40146382E+01   0.28660825E+14   0.47156427E+01   0.33889468E+04   0.29953763E+16   0.19037490E+15   0.11746121E+01   0.33121779E+04   0.97421676E+16   0.29569409E+01   0.55508000E+14   0.14862627E+17   0.49995792E+01   0.17519557E+14   0.92954672E+10
