         1        92   0.50000000E+01   0.31562220E+00   0.68437780E+00   0.82883870E+00   0.96580000E+00   0.22242000E-01  ---------------   0.27255000E+01  ---------------      0.67238290E+00                                 
   0.50000000E+01   0.10000000E+08   0.42009611E+01   0.33794870E+16   0.89060857E-03   0.69501115E+01   0.22963215E+07   0.24823318E+17   0.21200114E-03   0.68262540E+01   0.95737265E+07   0.39739370E+01   0.38222128E+16   0.96080759E+07   0.39919532E+01   0.37842243E+16   0.78833897E+09
   0.50000000E+01   0.12589254E+08   0.41919814E+01   0.33794870E+16   0.96165701E-03   0.75045577E+01   0.28957018E+07   0.24705464E+17   0.22940393E-03   0.73690532E+01   0.12051988E+08   0.39653745E+01   0.38222128E+16   0.12095355E+08   0.39833658E+01   0.37842243E+16   0.78833897E+09
   0.50000000E+01   0.15848932E+08   0.41833692E+01   0.33794870E+16   0.10383734E-02   0.81032350E+01   0.36512996E+07   0.24592757E+17   0.24821461E-03   0.79550932E+01   0.15171805E+08   0.39571628E+01   0.38222128E+16   0.15226441E+08   0.39751205E+01   0.37842243E+16   0.78833897E+09
   0.50000000E+01   0.19952623E+08   0.41749724E+01   0.33794870E+16   0.11212098E-02   0.87496719E+01   0.46038980E+07   0.24483171E+17   0.26855501E-03   0.85877900E+01   0.19099249E+08   0.39491564E+01   0.38222128E+16   0.19168028E+08   0.39670778E+01   0.37842243E+16   0.78833897E+09
   0.50000000E+01   0.25118864E+08   0.41668186E+01   0.33794870E+16   0.12106544E-02   0.94476784E+01   0.58047843E+07   0.24377044E+17   0.29054647E-03   0.92708690E+01   0.24043452E+08   0.39413849E+01   0.38222128E+16   0.24130036E+08   0.39592709E+01   0.37842243E+16   0.78833897E+09
   0.50000000E+01   0.31622777E+08   0.41588444E+01   0.33794870E+16   0.13072346E-02   0.10201369E+02   0.73186957E+07   0.24273526E+17   0.31432640E-03   0.10008330E+02   0.30267732E+08   0.39337909E+01   0.38222128E+16   0.30376795E+08   0.39516453E+01   0.37842243E+16   0.78833897E+09
   0.50000000E+01   0.39810717E+08   0.41510622E+01   0.33794870E+16   0.14115195E-02   0.11015184E+02   0.92271454E+07   0.24172760E+17   0.34003814E-03   0.10804510E+02   0.38103093E+08   0.39263706E+01   0.38222128E+16   0.38240740E+08   0.39442034E+01   0.37842243E+16   0.78833897E+09
   0.50000000E+01   0.50118723E+08   0.41436198E+01   0.33794870E+16   0.15241236E-02   0.11893922E+02   0.11632550E+08   0.24076635E+17   0.36782420E-03   0.11664134E+02   0.47966872E+08   0.39192744E+01   0.38222128E+16   0.48140576E+08   0.39370866E+01   0.37842243E+16   0.78833897E+09
   0.50000000E+01   0.63095734E+08   0.41364192E+01   0.33794870E+16   0.16457109E-02   0.12842762E+02   0.14664396E+08   0.23983853E+17   0.39785882E-03   0.12592234E+02   0.60384177E+08   0.39124088E+01   0.38222128E+16   0.60602966E+08   0.39301923E+01   0.37842243E+16   0.78833897E+09
   0.50000000E+01   0.79432823E+08   0.41294327E+01   0.33794870E+16   0.17769977E-02   0.13867295E+02   0.18485759E+08   0.23894042E+17   0.43032490E-03   0.13594261E+02   0.76016070E+08   0.39057476E+01   0.38222128E+16   0.76291499E+08   0.39235008E+01   0.37842243E+16   0.78833897E+09
   0.50000000E+01   0.10000000E+09   0.41226732E+01   0.33794870E+16   0.19187580E-02   0.14973561E+02   0.23301992E+08   0.23807344E+17   0.46541598E-03   0.14676114E+02   0.95694774E+08   0.38993028E+01   0.38222128E+16   0.96041505E+08   0.39170267E+01   0.37842243E+16   0.78833897E+09
   0.50000000E+01   0.12589254E+09   0.41161074E+01   0.33794870E+16   0.20718272E-02   0.16168079E+02   0.29372040E+08   0.23723314E+17   0.50334625E-03   0.15844146E+02   0.12046863E+09   0.38930501E+01   0.38222128E+16   0.12090512E+09   0.39107456E+01   0.37842243E+16   0.78833897E+09
   0.50000000E+01   0.15848932E+09   0.41098162E+01   0.33794870E+16   0.22371076E-02   0.17457891E+02   0.37021471E+08   0.23642969E+17   0.54433276E-03   0.17105265E+02   0.15165587E+09   0.38870559E+01   0.38222128E+16   0.15220602E+09   0.39047297E+01   0.37842243E+16   0.78833897E+09
   0.50000000E+01   0.19952623E+09   0.41038091E+01   0.33794870E+16   0.24155732E-02   0.18850597E+02   0.46660651E+08   0.23566408E+17   0.58861734E-03   0.18466903E+02   0.19091665E+09   0.38813284E+01   0.38222128E+16   0.19161060E+09   0.38989855E+01   0.37842243E+16   0.78833897E+09
   0.50000000E+01   0.25118864E+09   0.40979678E+01   0.33794870E+16   0.26082759E-02   0.20354406E+02   0.58807832E+08   0.23492106E+17   0.63648034E-03   0.19937022E+02   0.24034150E+09   0.38757591E+01   0.38222128E+16   0.24121679E+09   0.38934000E+01   0.37842243E+16   0.78833897E+09
   0.50000000E+01   0.31622777E+09   0.40923514E+01   0.33794870E+16   0.28163516E-02   0.21978182E+02   0.74114265E+08   0.23420799E+17   0.68819886E-03   0.21524305E+02   0.30256194E+09   0.38704042E+01   0.38222128E+16   0.30366496E+09   0.38880255E+01   0.37842243E+16   0.78833897E+09
   0.50000000E+01   0.39810717E+09   0.40869699E+01   0.33794870E+16   0.30410265E-02   0.23731495E+02   0.93400620E+08   0.23352600E+17   0.74407850E-03   0.23238105E+02   0.38089073E+09   0.38652734E+01   0.38222128E+16   0.38227931E+09   0.38828714E+01   0.37842243E+16   0.78833897E+09
   0.50000000E+01   0.50118723E+09   0.40817797E+01   0.33794870E+16   0.32836249E-02   0.25624679E+02   0.11770165E+09   0.23286940E+17   0.80445910E-03   0.25088489E+02   0.47949822E+09   0.38603250E+01   0.38222128E+16   0.48124627E+09   0.38779005E+01   0.37842243E+16   0.78833897E+09
   0.50000000E+01   0.63095734E+09   0.40769045E+01   0.33794870E+16   0.35455766E-02   0.27668892E+02   0.14831662E+09   0.23225367E+17   0.86967369E-03   0.27086441E+02   0.60363496E+09   0.38556769E+01   0.38222128E+16   0.60583557E+09   0.38732312E+01   0.37842243E+16   0.78833897E+09
   0.50000000E+01   0.79432823E+09   0.40721534E+01   0.33794870E+16   0.38284255E-02   0.29876182E+02   0.18689055E+09   0.23165458E+17   0.94014766E-03   0.29243600E+02   0.75991134E+09   0.38511498E+01   0.38222128E+16   0.76268167E+09   0.38686835E+01   0.37842243E+16   0.78833897E+09
   0.50000000E+01   0.10000000E+10   0.40675797E+01   0.33794870E+16   0.41338388E-02   0.32259560E+02   0.23548900E+09   0.23107875E+17   0.10162896E-02   0.31572705E+02   0.95665075E+09   0.38467962E+01   0.38222128E+16   0.96013832E+09   0.38643101E+01   0.37842243E+16   0.78833897E+09
   0.50000000E+01   0.12589254E+10   0.40633013E+01   0.33794870E+16   0.44636164E-02   0.34833071E+02   0.29670832E+09   0.23054088E+17   0.10985197E-02   0.34087578E+02   0.12043223E+10   0.38427185E+01   0.38222128E+16   0.12087177E+10   0.38602191E+01   0.37842243E+16   0.78833897E+09
   0.50000000E+01   0.15848932E+10   0.40591975E+01   0.33794870E+16   0.48197022E-02   0.37611885E+02   0.37383043E+09   0.23002569E+17   0.11873535E-02   0.36802940E+02   0.15161145E+10   0.38388059E+01   0.38222128E+16   0.15216555E+10   0.38562951E+01   0.37842243E+16   0.78833897E+09
   0.50000000E+01   0.19952623E+10   0.40552374E+01   0.33794870E+16   0.52041947E-02   0.40612380E+02   0.47098595E+09   0.22952921E+17   0.12833267E-02   0.39734756E+02   0.19086296E+10   0.38350304E+01   0.38222128E+16   0.19156144E+10   0.38525086E+01   0.37842243E+16   0.78833897E+09
   0.50000000E+01   0.25118864E+10   0.40515172E+01   0.33794870E+16   0.56193602E-02   0.43852239E+02   0.59336439E+09   0.22906340E+17   0.13869767E-02   0.42900401E+02   0.24027684E+10   0.38314835E+01   0.38222128E+16   0.24115725E+10   0.38489514E+01   0.37842243E+16   0.78833897E+09
   0.50000000E+01   0.31622777E+10   0.40479632E+01   0.33794870E+16   0.60676455E-02   0.47350558E+02   0.74751752E+09   0.22861895E+17   0.14989379E-02   0.46318456E+02   0.30248413E+10   0.38280952E+01   0.38222128E+16   0.30359366E+10   0.38455526E+01   0.37842243E+16   0.78833897E+09
   0.50000000E+01   0.39810717E+10   0.40445805E+01   0.33794870E+16   0.65516929E-02   0.51127957E+02   0.94168828E+09   0.22819639E+17   0.16198696E-02   0.50009068E+02   0.38079717E+10   0.38248701E+01   0.38222128E+16   0.38219396E+10   0.38423129E+01   0.37842243E+16   0.78833897E+09
   0.50000000E+01   0.50118723E+10   0.40413982E+01   0.33794870E+16   0.70743553E-02   0.55206698E+02   0.11862503E+10   0.22779931E+17   0.17504722E-02   0.53994031E+02   0.47938601E+10   0.38218362E+01   0.38222128E+16   0.48114444E+10   0.38392651E+01   0.37842243E+16   0.78833897E+09
   0.50000000E+01   0.63095734E+10   0.40383555E+01   0.33794870E+16   0.76387131E-02   0.59610821E+02   0.14942868E+10   0.22742005E+17   0.18915405E-02   0.58296751E+02   0.60350013E+10   0.38189353E+01   0.38222128E+16   0.60571381E+10   0.38363510E+01   0.37842243E+16   0.78833897E+09
   0.50000000E+01   0.79432823E+10   0.40354650E+01   0.33794870E+16   0.82480927E-02   0.64366284E+02   0.18822571E+10   0.22706011E+17   0.20439015E-02   0.62942603E+02   0.75974835E+10   0.38161796E+01   0.38222128E+16   0.76253516E+10   0.38335827E+01   0.37842243E+16   0.78833897E+09
   0.50000000E+01   0.10000000E+11   0.40327868E+01   0.33794870E+16   0.89060857E-02   0.69501115E+02   0.23708613E+10   0.22672692E+17   0.22084197E-02   0.67959078E+02   0.95645098E+10   0.38136264E+01   0.38222128E+16   0.95995931E+10   0.38310178E+01   0.37842243E+16   0.78833897E+09
   0.50000000E+01   0.12589254E+11   0.40302132E+01   0.33794870E+16   0.96165701E-02   0.75045577E+02   0.29862398E+10   0.22640703E+17   0.23861194E-02   0.73375565E+02   0.12040817E+11   0.38111728E+01   0.38222128E+16   0.12084983E+11   0.38285531E+01   0.37842243E+16   0.78833897E+09
   0.50000000E+01   0.15848932E+11   0.40277792E+01   0.33794870E+16   0.10383734E-01   0.81032350E+02   0.37612444E+10   0.22610474E+17   0.25780295E-02   0.79224049E+02   0.15158266E+11   0.38088523E+01   0.38222128E+16   0.15213868E+11   0.38262220E+01   0.37842243E+16   0.78833897E+09
   0.50000000E+01   0.19952623E+11   0.40255196E+01   0.33794870E+16   0.11212098E-01   0.87496719E+02   0.47372221E+10   0.22582433E+17   0.27852548E-02   0.85539087E+02   0.19082903E+11   0.38067007E+01   0.38222128E+16   0.19152900E+11   0.38240605E+01   0.37842243E+16   0.78833897E+09
   0.50000000E+01   0.25118864E+11   0.40233824E+01   0.33794870E+16   0.12106544E-01   0.94476784E+02   0.59663079E+10   0.22555931E+17   0.30090464E-02   0.92357802E+02   0.24023701E+11   0.38046665E+01   0.38222128E+16   0.24111822E+11   0.38220171E+01   0.37842243E+16   0.78833897E+09
   0.50000000E+01   0.31622777E+11   0.40213620E+01   0.33794870E+16   0.13072346E-01   0.10201369E+03   0.75141138E+10   0.22530895E+17   0.32507260E-02   0.99720375E+02   0.30243750E+11   0.38027434E+01   0.38222128E+16   0.30354686E+11   0.38200853E+01   0.37842243E+16   0.78833897E+09
   0.50000000E+01   0.39810717E+11   0.40194767E+01   0.33794870E+16   0.14115195E-01   0.11015184E+03   0.94632099E+10   0.22507547E+17   0.35116996E-02   0.10767026E+03   0.38074229E+11   0.38009474E+01   0.38222128E+16   0.38213935E+11   0.38182826E+01   0.37842243E+16   0.78833897E+09
   0.50000000E+01   0.50118723E+11   0.40177275E+01   0.33794870E+16   0.15241236E-01   0.11893922E+03   0.11917569E+11   0.22485899E+17   0.37934968E-02   0.11625434E+03   0.47932101E+11   0.37992798E+01   0.38222128E+16   0.48108084E+11   0.38166101E+01   0.37842243E+16   0.78833897E+09
   0.50000000E+01   0.63095734E+11   0.40160831E+01   0.33794870E+16   0.16457109E-01   0.12842762E+03   0.15008179E+11   0.22465560E+17   0.40978008E-02   0.12552314E+03   0.60342333E+11   0.37977121E+01   0.38222128E+16   0.60564003E+11   0.38150379E+01   0.37842243E+16   0.78833897E+09
   0.50000000E+01   0.79432823E+11   0.40145539E+01   0.33794870E+16   0.17769977E-01   0.13867295E+03   0.18899860E+11   0.22446655E+17   0.44263889E-02   0.13553133E+03   0.75965786E+11   0.37962541E+01   0.38222128E+16   0.76244994E+11   0.38135757E+01   0.37842243E+16   0.78833897E+09
   0.50000000E+01   0.10000000E+12   0.40131425E+01   0.33794870E+16   0.19187580E-01   0.14973561E+03   0.23800121E+11   0.22429214E+17   0.47811858E-02   0.14633795E+03   0.95634431E+11   0.37949085E+01   0.38222128E+16   0.95986098E+11   0.38122262E+01   0.37842243E+16   0.78833897E+09
   0.50000000E+01   0.12589254E+12   0.40118440E+01   0.33794870E+16   0.20718272E-01   0.16168079E+03   0.29970236E+11   0.22413177E+17   0.51642766E-02   0.15800671E+03   0.12039566E+12   0.37936706E+01   0.38222128E+16   0.12083857E+12   0.38109847E+01   0.37842243E+16   0.78833897E+09
   0.50000000E+01   0.15848932E+12   0.40106521E+01   0.33794870E+16   0.22371076E-01   0.17457891E+03   0.37739147E+11   0.22398462E+17   0.55779149E-02   0.17060639E+03   0.15156805E+12   0.37925342E+01   0.38222128E+16   0.15212586E+12   0.38098450E+01   0.37842243E+16   0.78833897E+09
   0.50000000E+01   0.19952623E+12   0.40095513E+01   0.33794870E+16   0.24155732E-01   0.18850597E+03   0.47521074E+11   0.22384878E+17   0.60245473E-02   0.18421123E+03   0.19081158E+12   0.37914849E+01   0.38222128E+16   0.19151409E+12   0.38087926E+01   0.37842243E+16   0.78833897E+09
   0.50000000E+01   0.25118864E+12   0.40085652E+01   0.33794870E+16   0.26082759E-01   0.20354406E+03   0.59837114E+11   0.22372713E+17   0.65067569E-02   0.19890158E+03   0.24021609E+12   0.37905447E+01   0.38222128E+16   0.24110079E+12   0.38078497E+01   0.37842243E+16   0.78833897E+09
   0.50000000E+01   0.31622777E+12   0.40076740E+01   0.33794870E+16   0.28163516E-01   0.21978182E+03   0.75343697E+11   0.22361722E+17   0.70273969E-02   0.21476397E+03   0.30241249E+12   0.37896950E+01   0.38222128E+16   0.30352659E+12   0.38069976E+01   0.37842243E+16   0.78833897E+09
   0.50000000E+01   0.39810717E+12   0.40068662E+01   0.33794870E+16   0.30410265E-01   0.23731495E+03   0.94867203E+11   0.22351763E+17   0.75895383E-02   0.23189190E+03   0.38071288E+12   0.37889250E+01   0.38222128E+16   0.38211582E+12   0.38062252E+01   0.37842243E+16   0.78833897E+09
   0.50000000E+01   0.50118723E+12   0.40061447E+01   0.33794870E+16   0.32836249E-01   0.25624679E+03   0.11944773E+12   0.22342869E+17   0.81964710E-02   0.25038638E+03   0.47928700E+12   0.37882371E+01   0.38222128E+16   0.48105362E+12   0.38055353E+01   0.37842243E+16   0.78833897E+09
   0.50000000E+01   0.63095734E+12   0.40055010E+01   0.33794870E+16   0.35455766E-01   0.27668892E+03   0.15039488E+12   0.22334938E+17   0.88517679E-02   0.27035644E+03   0.60338420E+12   0.37876235E+01   0.38222128E+16   0.60560872E+12   0.38049199E+01   0.37842243E+16   0.78833897E+09
   0.50000000E+01   0.79432823E+12   0.40049279E+01   0.33794870E+16   0.38284255E-01   0.29876182E+03   0.18935734E+12   0.22327876E+17   0.95592869E-02   0.29191978E+03   0.75961302E+12   0.37870771E+01   0.38222128E+16   0.76241407E+12   0.38043720E+01   0.37842243E+16   0.78833897E+09
   0.50000000E+01   0.10000000E+13   0.40044178E+01   0.33794870E+16   0.41338388E-01   0.32259560E+03   0.23841077E+12   0.22321593E+17   0.10323195E-01   0.31520352E+03   0.95629315E+12   0.37865908E+01   0.38222128E+16   0.95982005E+12   0.38038842E+01   0.37842243E+16   0.78833897E+09
   0.50000000E+01   0.12589254E+13   0.40039594E+01   0.33794870E+16   0.44636164E-01   0.34833071E+03   0.30016854E+12   0.22315946E+17   0.11148006E-01   0.34034485E+03   0.12038984E+13   0.37861537E+01   0.38222128E+16   0.12083391E+13   0.38034459E+01   0.37842243E+16   0.78833897E+09
   0.50000000E+01   0.15848932E+13   0.40035520E+01   0.33794870E+16   0.48197022E-01   0.37611885E+03   0.37792019E+12   0.22310930E+17   0.12038565E-01   0.36749200E+03   0.15156144E+13   0.37857653E+01   0.38222128E+16   0.15212058E+13   0.38030564E+01   0.37842243E+16   0.78833897E+09
   0.50000000E+01   0.19952623E+13   0.40031885E+01   0.33794870E+16   0.52041947E-01   0.40612380E+03   0.47580748E+12   0.22306454E+17   0.13000124E-01   0.39680496E+03   0.19080413E+13   0.37854188E+01   0.38222128E+16   0.19150813E+13   0.38027088E+01   0.37842243E+16   0.78833897E+09
   0.50000000E+01   0.25118864E+13   0.40028615E+01   0.33794870E+16   0.56193602E-01   0.43852239E+03   0.59904480E+12   0.22302428E+17   0.14038358E-01   0.42845647E+03   0.24020768E+13   0.37851070E+01   0.38222128E+16   0.24109406E+13   0.38023962E+01   0.37842243E+16   0.78833897E+09
   0.50000000E+01   0.31622777E+13   0.40025687E+01   0.33794870E+16   0.60676455E-01   0.47350558E+03   0.75419634E+12   0.22298823E+17   0.15159379E-01   0.46263311E+03   0.30240301E+13   0.37848279E+01   0.38222128E+16   0.30351900E+13   0.38021162E+01   0.37842243E+16   0.78833897E+09
   0.50000000E+01   0.39810717E+13   0.40023043E+01   0.33794870E+16   0.65516929E-01   0.51127957E+03   0.94952652E+12   0.22295569E+17   0.16369802E-01   0.49953628E+03   0.38070222E+13   0.37845758E+01   0.38222128E+16   0.38210728E+13   0.38018634E+01   0.37842243E+16   0.78833897E+09
   0.50000000E+01   0.50118723E+13   0.40020664E+01   0.33794870E+16   0.70743553E-01   0.55206698E+03   0.11954392E+13   0.22292642E+17   0.17676756E-01   0.53938351E+03   0.47927500E+13   0.37843491E+01   0.38222128E+16   0.48104386E+13   0.38016356E+01   0.37842243E+16   0.78833897E+09
   0.50000000E+01   0.63095734E+13   0.40018527E+01   0.33794870E+16   0.76387131E-01   0.59610821E+03   0.15050323E+13   0.22290012E+17   0.19087942E-01   0.58240966E+03   0.60337068E+13   0.37841454E+01   0.38222128E+16   0.60559754E+13   0.38014309E+01   0.37842243E+16   0.78833897E+09
   0.50000000E+01   0.79432823E+13   0.40016591E+01   0.33794870E+16   0.82480927E-01   0.64366284E+03   0.18947959E+13   0.22287629E+17   0.20611683E-01   0.62886830E+03   0.75959778E+13   0.37839608E+01   0.38222128E+16   0.76240123E+13   0.38012455E+01   0.37842243E+16   0.78833897E+09
   0.50000000E+01   0.10000000E+14   0.40014849E+01   0.33794870E+16   0.89060857E-01   0.69501115E+03   0.23854888E+13   0.22285486E+17   0.22256952E-01   0.67903327E+03   0.95627592E+13   0.37837947E+01   0.38222128E+16   0.95980526E+13   0.38010787E+01   0.37842243E+16   0.78833897E+09
   0.50000000E+01   0.12589254E+14   0.40013278E+01   0.33794870E+16   0.96165701E-01   0.75045577E+03   0.30032458E+13   0.22283552E+17   0.24033448E-01   0.73320025E+03   0.12038789E+14   0.37836449E+01   0.38222128E+16   0.12083221E+14   0.38009282E+01   0.37842243E+16   0.78833897E+09
   0.50000000E+01   0.15848932E+14   0.40011860E+01   0.33794870E+16   0.10383734E+00   0.81032350E+03   0.37809683E+13   0.22281808E+17   0.25951639E-01   0.79168848E+03   0.15155924E+14   0.37835097E+01   0.38222128E+16   0.15211860E+14   0.38007924E+01   0.37842243E+16   0.78833897E+09
   0.50000000E+01   0.19952623E+14   0.40010586E+01   0.33794870E+16   0.11212098E+00   0.87496719E+03   0.47600769E+13   0.22280240E+17   0.28022827E-01   0.85484271E+03   0.19080163E+14   0.37833883E+01   0.38222128E+16   0.19150582E+14   0.38006704E+01   0.37842243E+16   0.78833897E+09
   0.50000000E+01   0.25118864E+14   0.40009438E+01   0.33794870E+16   0.12106544E+00   0.94476784E+03   0.59927177E+13   0.22278828E+17   0.30259221E-01   0.92303515E+03   0.24020485E+14   0.37832788E+01   0.38222128E+16   0.24109138E+14   0.38005605E+01   0.37842243E+16   0.78833897E+09
   0.50000000E+01   0.31622777E+14   0.40008408E+01   0.33794870E+16   0.13072346E+00   0.10201369E+04   0.75445383E+13   0.22277560E+17   0.32673997E-01   0.99666774E+03   0.30239980E+14   0.37831806E+01   0.38222128E+16   0.30351587E+14   0.38004618E+01   0.37842243E+16   0.78833897E+09
   0.50000000E+01   0.39810717E+14   0.40007483E+01   0.33794870E+16   0.14115195E+00   0.11015184E+04   0.94981846E+13   0.22276422E+17   0.35281386E-01   0.10761745E+04   0.38069858E+14   0.37830924E+01   0.38222128E+16   0.38210363E+14   0.38003732E+01   0.37842243E+16   0.78833897E+09
   0.50000000E+01   0.50118723E+14   0.40006653E+01   0.33794870E+16   0.15241236E+00   0.11893922E+04   0.11957702E+14   0.22275402E+17   0.38096754E-01   0.11620239E+04   0.47927087E+14   0.37830133E+01   0.38222128E+16   0.48103972E+14   0.38002938E+01   0.37842243E+16   0.78833897E+09
   0.50000000E+01   0.63095734E+14   0.40005911E+01   0.33794870E+16   0.16457109E+00   0.12842762E+04   0.15054076E+14   0.22274488E+17   0.41136693E-01   0.12547221E+04   0.60336600E+14   0.37829426E+01   0.38222128E+16   0.60559285E+14   0.38002227E+01   0.37842243E+16   0.78833897E+09
   0.50000000E+01   0.79432823E+14   0.40005247E+01   0.33794870E+16   0.17769977E+00   0.13867295E+04   0.18952207E+14   0.22273672E+17   0.44419116E-01   0.13548155E+04   0.75959248E+14   0.37828793E+01   0.38222128E+16   0.76239592E+14   0.38001591E+01   0.37842243E+16   0.78833897E+09
   0.50000000E+01   0.10000000E+15   0.40004654E+01   0.33794870E+16   0.19187580E+00   0.14973561E+04   0.23859694E+14   0.22272943E+17   0.47963369E-01   0.14628938E+04   0.95626993E+14   0.37828228E+01   0.38222128E+16   0.95979924E+14   0.38001023E+01   0.37842243E+16   0.78833897E+09
   0.50000000E+01   0.12589254E+15   0.40004126E+01   0.33794870E+16   0.20718272E+00   0.16168079E+04   0.30037889E+14   0.22272293E+17   0.51790338E-01   0.15795942E+04   0.12038721E+15   0.37827724E+01   0.38222128E+16   0.12083153E+15   0.38000517E+01   0.37842243E+16   0.78833897E+09
   0.50000000E+01   0.15848932E+15   0.40003655E+01   0.33794870E+16   0.22371076E+00   0.17457891E+04   0.37815814E+14   0.22271714E+17   0.55922579E-01   0.17056045E+04   0.15155848E+15   0.37827275E+01   0.38222128E+16   0.15211784E+15   0.38000067E+01   0.37842243E+16   0.78833897E+09
   0.50000000E+01   0.19952623E+15   0.40003236E+01   0.33794870E+16   0.24155732E+00   0.18850597E+04   0.47607684E+14   0.22271198E+17   0.60384444E-01   0.18416674E+04   0.19080077E+15   0.37826876E+01   0.38222128E+16   0.19150496E+15   0.37999665E+01   0.37842243E+16   0.78833897E+09
   0.50000000E+01   0.25118864E+15   0.40002865E+01   0.33794870E+16   0.26082759E+00   0.20354406E+04   0.59934963E+14   0.22270742E+17   0.65202229E-01   0.19885847E+04   0.24020388E+15   0.37826522E+01   0.38222128E+16   0.24109040E+15   0.37999309E+01   0.37842243E+16   0.78833897E+09
   0.50000000E+01   0.31622777E+15   0.40002534E+01   0.33794870E+16   0.28163516E+00   0.21978182E+04   0.75454141E+14   0.22270335E+17   0.70404329E-01   0.21472226E+04   0.30239871E+15   0.37826206E+01   0.38222128E+16   0.30351478E+15   0.37998993E+01   0.37842243E+16   0.78833897E+09
   0.50000000E+01   0.39810717E+15   0.40002242E+01   0.33794870E+16   0.30410265E+00   0.23731495E+04   0.94991684E+14   0.22269975E+17   0.76021401E-01   0.23185158E+04   0.38069735E+15   0.37825928E+01   0.38222128E+16   0.38210239E+15   0.37998713E+01   0.37842243E+16   0.78833897E+09
   0.50000000E+01   0.50118723E+15   0.40001982E+01   0.33794870E+16   0.32836249E+00   0.25624679E+04   0.11958806E+15   0.22269656E+17   0.82086553E-01   0.25034741E+04   0.47926949E+15   0.37825680E+01   0.38222128E+16   0.48103834E+15   0.37998464E+01   0.37842243E+16   0.78833897E+09
   0.50000000E+01   0.63095734E+15   0.40001753E+01   0.33794870E+16   0.35455766E+00   0.27668892E+04   0.15055313E+15   0.22269374E+17   0.88635530E-01   0.27031875E+04   0.60336446E+15   0.37825462E+01   0.38222128E+16   0.60559130E+15   0.37998245E+01   0.37842243E+16   0.78833897E+09
   0.50000000E+01   0.79432823E+15   0.40001551E+01   0.33794870E+16   0.38284255E+00   0.29876182E+04   0.18953592E+15   0.22269125E+17   0.95706928E-01   0.29188332E+04   0.75959076E+15   0.37825269E+01   0.38222128E+16   0.76239419E+15   0.37998051E+01   0.37842243E+16   0.78833897E+09
   0.50000000E+01   0.10000000E+16   0.40001371E+01   0.33794870E+16   0.41338388E+00   0.32259560E+04   0.23861243E+15   0.22268904E+17   0.10334243E+00   0.31516821E+04   0.95626800E+15   0.37825097E+01   0.38222128E+16   0.95979731E+15   0.37997878E+01   0.37842243E+16   0.78833897E+09
   0.50000000E+01   0.12589254E+16   0.40001214E+01   0.33794870E+16   0.44636164E+00   0.34833071E+04   0.30039618E+15   0.22268711E+17   0.11158702E+00   0.34031066E+04   0.12038700E+16   0.37824948E+01   0.38222128E+16   0.12083131E+16   0.37997728E+01   0.37842243E+16   0.78833897E+09
   0.50000000E+01   0.15848932E+16   0.40001074E+01   0.33794870E+16   0.48197022E+00   0.37611885E+04   0.37817744E+15   0.22268539E+17   0.12048932E+00   0.36745887E+04   0.15155824E+16   0.37824814E+01   0.38222128E+16   0.15211759E+16   0.37997594E+01   0.37842243E+16   0.78833897E+09
   0.50000000E+01   0.19952623E+16   0.40000952E+01   0.33794870E+16   0.52041947E+00   0.40612380E+04   0.47609833E+15   0.22268388E+17   0.13010177E+00   0.39677283E+04   0.19080050E+16   0.37824698E+01   0.38222128E+16   0.19150469E+16   0.37997477E+01   0.37842243E+16   0.78833897E+09
   0.50000000E+01   0.25118864E+16   0.40000844E+01   0.33794870E+16   0.56193602E+00   0.43852239E+04   0.59937357E+15   0.22268256E+17   0.14048104E+00   0.42842533E+04   0.24020358E+16   0.37824595E+01   0.38222128E+16   0.24109011E+16   0.37997374E+01   0.37842243E+16   0.78833897E+09
   0.50000000E+01   0.31622777E+16   0.40000748E+01   0.33794870E+16   0.60676455E+00   0.47350558E+04   0.75456804E+15   0.22268138E+17   0.15168830E+00   0.46260291E+04   0.30239838E+16   0.37824504E+01   0.38222128E+16   0.30351444E+16   0.37997282E+01   0.37842243E+16   0.78833897E+09
   0.50000000E+01   0.39810717E+16   0.40000665E+01   0.33794870E+16   0.65516929E+00   0.51127957E+04   0.94994644E+15   0.22268036E+17   0.16378960E+00   0.49950703E+04   0.38069698E+16   0.37824425E+01   0.38222128E+16   0.38210202E+16   0.37997203E+01   0.37842243E+16   0.78833897E+09
   0.50000000E+01   0.50118723E+16   0.40000591E+01   0.33794870E+16   0.70743553E+00   0.55206698E+04   0.11959135E+16   0.22267945E+17   0.17685627E+00   0.53935518E+04   0.47926908E+16   0.37824354E+01   0.38222128E+16   0.48103793E+16   0.37997132E+01   0.37842243E+16   0.78833897E+09
   0.50000000E+01   0.63095734E+16   0.40000527E+01   0.33794870E+16   0.76387131E+00   0.59610821E+04   0.15055678E+16   0.22267866E+17   0.19096531E+00   0.58238223E+04   0.60336401E+16   0.37824293E+01   0.38222128E+16   0.60559085E+16   0.37997070E+01   0.37842243E+16   0.78833897E+09
   0.50000000E+01   0.79432823E+16   0.40000470E+01   0.33794870E+16   0.82480927E+00   0.64366284E+04   0.18953997E+16   0.22267796E+17   0.20619990E+00   0.62884177E+04   0.75959025E+16   0.37824239E+01   0.38222128E+16   0.76239368E+16   0.37997016E+01   0.37842243E+16   0.78833897E+09
   0.50000000E+01   0.10000000E+17   0.40000420E+01   0.33794870E+16   0.89060857E+00   0.69501115E+04   0.23861692E+16   0.22267734E+17   0.22264981E+00   0.67900763E+04   0.95626744E+16   0.37824191E+01   0.38222128E+16   0.95979675E+16   0.37996968E+01   0.37842243E+16   0.78833897E+09
   0.50000000E+01   0.12589254E+17   0.40000376E+01   0.33794870E+16   0.96165701E+00   0.75045577E+04   0.30040116E+16   0.22267681E+17   0.24041199E+00   0.73317550E+04   0.12038694E+17   0.37824149E+01   0.38222128E+16   0.12083125E+17   0.37996926E+01   0.37842243E+16   0.78833897E+09
