         1        92   0.40000000E+00   0.31562220E+00   0.68437780E+00   0.82883870E+00   0.96580000E+00   0.22242000E-01  ---------------   0.27255000E+01  ---------------      0.67238290E+00                                 
   0.40000000E+00   0.10000000E+08   0.17421641E+02   0.57600818E+14   0.34606758E-02   0.35257763E+01   0.98153365E+06   0.12898267E+17   0.19864236E-03   0.46105408E+01   0.92859014E+07   0.14867432E+02   0.86062108E+14   0.10323338E+08   0.18701204E+02   0.48073665E+14   0.63099759E+10
   0.40000000E+00   0.12589254E+08   0.17253115E+02   0.57600818E+14   0.37367517E-02   0.38070456E+01   0.12411582E+07   0.12583131E+17   0.21658417E-03   0.49651847E+01   0.11686746E+08   0.14722140E+02   0.86062108E+14   0.12997949E+08   0.18521078E+02   0.48073665E+14   0.63099759E+10
   0.40000000E+00   0.15848932E+08   0.17083760E+02   0.57600818E+14   0.40348517E-02   0.41107533E+01   0.15695825E+07   0.12271385E+17   0.23618054E-03   0.53469390E+01   0.14708228E+08   0.14576138E+02   0.86062108E+14   0.16365550E+08   0.18340062E+02   0.48073665E+14   0.63099759E+10
   0.40000000E+00   0.19952623E+08   0.16913553E+02   0.57600818E+14   0.43567326E-02   0.44386893E+01   0.19850779E+07   0.11963028E+17   0.25758826E-03   0.57578579E+01   0.18510756E+08   0.14429406E+02   0.86062108E+14   0.20605709E+08   0.18158132E+02   0.48073665E+14   0.63099759E+10
   0.40000000E+00   0.25118864E+08   0.16738721E+02   0.57600818E+14   0.47042917E-02   0.47927865E+01   0.25110389E+07   0.11651431E+17   0.28104249E-03   0.61997751E+01   0.23296024E+08   0.14278692E+02   0.86062108E+14   0.25944601E+08   0.17971255E+02   0.48073665E+14   0.63099759E+10
   0.40000000E+00   0.31622777E+08   0.16563285E+02   0.57600818E+14   0.50795773E-02   0.51751318E+01   0.31766260E+07   0.11343957E+17   0.30667692E-03   0.66754063E+01   0.29318131E+08   0.14127462E+02   0.86062108E+14   0.32666874E+08   0.17783728E+02   0.48073665E+14   0.63099759E+10
   0.40000000E+00   0.39810717E+08   0.16387839E+02   0.57600818E+14   0.54848014E-02   0.55879788E+01   0.40189191E+07   0.11041635E+17   0.33468728E-03   0.71873738E+01   0.36896700E+08   0.13976221E+02   0.86062108E+14   0.41130919E+08   0.17596176E+02   0.48073665E+14   0.63099759E+10
   0.40000000E+00   0.50118723E+08   0.16211013E+02   0.57600818E+14   0.59223524E-02   0.60337607E+01   0.50851159E+07   0.10742129E+17   0.36532894E-03   0.77382649E+01   0.46433893E+08   0.13823799E+02   0.86062108E+14   0.51788219E+08   0.17407148E+02   0.48073665E+14   0.63099759E+10
   0.40000000E+00   0.63095734E+08   0.16032928E+02   0.57600818E+14   0.63948090E-02   0.65151049E+01   0.64348868E+07   0.10445721E+17   0.39885473E-03   0.83310221E+01   0.58435800E+08   0.13670300E+02   0.86062108E+14   0.65207164E+08   0.17216773E+02   0.48073665E+14   0.63099759E+10
   0.40000000E+00   0.79432823E+08   0.15855550E+02   0.57600818E+14   0.69049559E-02   0.70348485E+01   0.81433990E+07   0.10155673E+17   0.43549141E-03   0.89690876E+01   0.73539567E+08   0.13517423E+02   0.86062108E+14   0.82103368E+08   0.17027156E+02   0.48073665E+14   0.63099759E+10
   0.40000000E+00   0.10000000E+09   0.15677389E+02   0.57600818E+14   0.74557999E-02   0.75960547E+01   0.10306596E+08   0.98695074E+16   0.47557663E-03   0.96556735E+01   0.92546386E+08   0.13363876E+02   0.86062108E+14   0.10337800E+09   0.16836697E+02   0.48073665E+14   0.63099759E+10
   0.40000000E+00   0.12589254E+09   0.15497338E+02   0.57600818E+14   0.80505875E-02   0.82020312E+01   0.13046247E+08   0.95855265E+16   0.51948195E-03   0.10394241E+02   0.11646435E+09   0.13208708E+02   0.86062108E+14   0.13016588E+09   0.16644215E+02   0.48073665E+14   0.63099759E+10
   0.40000000E+00   0.15848932E+09   0.15317796E+02   0.57600818E+14   0.86928245E-02   0.88563495E+01   0.16515306E+08   0.93075313E+16   0.56749838E-03   0.11189127E+02   0.14656283E+09   0.13053985E+02   0.86062108E+14   0.16389562E+09   0.16452272E+02   0.48073665E+14   0.63099759E+10
   0.40000000E+00   0.19952623E+09   0.15138098E+02   0.57600818E+14   0.93862959E-02   0.95628662E+01   0.20908755E+08   0.90344379E+16   0.62004460E-03   0.12044474E+02   0.18443835E+09   0.12899136E+02   0.86062108E+14   0.20636635E+09   0.16260158E+02   0.48073665E+14   0.63099759E+10
   0.40000000E+00   0.25118864E+09   0.14956076E+02   0.57600818E+14   0.10135089E-01   0.10325745E+02   0.26475344E+08   0.87630165E+16   0.67765697E-03   0.12964359E+02   0.23209902E+09   0.12742295E+02   0.86062108E+14   0.25984427E+09   0.16065559E+02   0.48073665E+14   0.63099759E+10
   0.40000000E+00   0.31622777E+09   0.14774520E+02   0.57600818E+14   0.10943618E-01   0.11149483E+02   0.33526654E+08   0.84974650E+16   0.74070884E-03   0.13954251E+02   0.29207357E+09   0.12585864E+02   0.86062108E+14   0.32718164E+09   0.15871458E+02   0.48073665E+14   0.63099759E+10
   0.40000000E+00   0.39810717E+09   0.14592987E+02   0.57600818E+14   0.11816646E-01   0.12038935E+02   0.42460126E+08   0.82370720E+16   0.80974833E-03   0.15019339E+02   0.36754194E+09   0.12429454E+02   0.86062108E+14   0.41197072E+09   0.15677378E+02   0.48073665E+14   0.63099759E+10
   0.40000000E+00   0.50118723E+09   0.14409095E+02   0.57600818E+14   0.12759321E-01   0.12999343E+02   0.53783732E+08   0.79784791E+16   0.88550468E-03   0.16164610E+02   0.46250371E+09   0.12271020E+02   0.86062108E+14   0.51873571E+09   0.15480771E+02   0.48073665E+14   0.63099759E+10
   0.40000000E+00   0.63095734E+09   0.14225854E+02   0.57600818E+14   0.13777198E-01   0.14036368E+02   0.68132999E+08   0.77259443E+16   0.96846195E-03   0.17396932E+02   0.58199627E+09   0.12113156E+02   0.86062108E+14   0.65317065E+09   0.15284845E+02   0.48073665E+14   0.63099759E+10
   0.40000000E+00   0.79432823E+09   0.14042034E+02   0.57600818E+14   0.14876277E-01   0.15156122E+02   0.86321817E+08   0.74777274E+16   0.10594104E-02   0.18722480E+02   0.73235289E+09   0.11954801E+02   0.86062108E+14   0.82244920E+09   0.15088295E+02   0.48073665E+14   0.63099759E+10
   0.40000000E+00   0.10000000E+10   0.13856553E+02   0.57600818E+14   0.16063034E-01   0.16365204E+02   0.10938526E+09   0.72324167E+16   0.11592374E-02   0.20147837E+02   0.92154052E+09   0.11795026E+02   0.86062108E+14   0.10356046E+10   0.14889964E+02   0.48073665E+14   0.63099759E+10
   0.40000000E+00   0.12589254E+10   0.13671798E+02   0.57600818E+14   0.17344465E-01   0.17670740E+02   0.13862377E+09   0.69931632E+16   0.12686308E-02   0.21681355E+02   0.11595909E+10   0.11635886E+02   0.86062108E+14   0.13040082E+10   0.14692405E+02   0.48073665E+14   0.63099759E+10
   0.40000000E+00   0.15848932E+10   0.13485510E+02   0.57600818E+14   0.18728123E-01   0.19080427E+02   0.17570920E+09   0.67570279E+16   0.13887589E-02   0.23330231E+02   0.14591113E+10   0.11475433E+02   0.86062108E+14   0.16419864E+10   0.14493203E+02   0.48073665E+14   0.63099759E+10
   0.40000000E+00   0.19952623E+10   0.13298718E+02   0.57600818E+14   0.20222162E-01   0.20602571E+02   0.22274892E+09   0.65253518E+16   0.15206099E-02   0.25103490E+02   0.18359738E+10   0.11314555E+02   0.86062108E+14   0.20675845E+10   0.14293480E+02   0.48073665E+14   0.63099759E+10
   0.40000000E+00   0.25118864E+10   0.13112411E+02   0.57600818E+14   0.21835388E-01   0.22246144E+02   0.28241444E+09   0.62993187E+16   0.16652458E-02   0.27010926E+02   0.23101493E+10   0.11154107E+02   0.86062108E+14   0.26034945E+10   0.14094248E+02   0.48073665E+14   0.63099759E+10
   0.40000000E+00   0.31622777E+10   0.12923795E+02   0.57600818E+14   0.23577309E-01   0.24020834E+02   0.35814372E+09   0.60755632E+16   0.18243333E-02   0.29061082E+02   0.29067355E+10   0.10991681E+02   0.86062108E+14   0.32783322E+10   0.13892536E+02   0.48073665E+14   0.63099759E+10
   0.40000000E+00   0.39810717E+10   0.12736069E+02   0.57600818E+14   0.25458193E-01   0.25937100E+02   0.45423021E+09   0.58578902E+16   0.19989051E-02   0.31266345E+02   0.36573420E+10   0.10830025E+02   0.86062108E+14   0.41281076E+10   0.13691768E+02   0.48073665E+14   0.63099759E+10
   0.40000000E+00   0.50118723E+10   0.12547031E+02   0.57600818E+14   0.27489125E-01   0.28006236E+02   0.57621313E+09   0.56437147E+16   0.21908869E-02   0.33636965E+02   0.46017034E+10   0.10667256E+02   0.86062108E+14   0.51982327E+10   0.13489629E+02   0.48073665E+14   0.63099759E+10
   0.40000000E+00   0.63095734E+10   0.12357483E+02   0.57600818E+14   0.29682074E-01   0.30240438E+02   0.73108540E+09   0.54339692E+16   0.24019515E-02   0.36185714E+02   0.57898207E+10   0.10504062E+02   0.86062108E+14   0.65457526E+10   0.13286900E+02   0.48073665E+14   0.63099759E+10
   0.40000000E+00   0.79432823E+10   0.12168419E+02   0.57600818E+14   0.32049966E-01   0.32652874E+02   0.92771741E+09   0.52297046E+16   0.26338645E-02   0.38926588E+02   0.72845855E+10   0.10341288E+02   0.86062108E+14   0.82426274E+10   0.13084682E+02   0.48073665E+14   0.63099759E+10
   0.40000000E+00   0.10000000E+11   0.11977550E+02   0.57600818E+14   0.34606758E-01   0.35257763E+02   0.11775278E+10   0.50284499E+16   0.28893020E-02   0.41872059E+02   0.91650649E+10   0.10176975E+02   0.86062108E+14   0.10379572E+11   0.12880565E+02   0.48073665E+14   0.63099759E+10
   0.40000000E+00   0.12589254E+11   0.11787784E+02   0.57600818E+14   0.37367517E-01   0.38070456E+02   0.14948017E+10   0.48332481E+16   0.31700206E-02   0.45039748E+02   0.11530859E+11   0.10013632E+02   0.86062108E+14   0.13070477E+11   0.12677582E+02   0.48073665E+14   0.63099759E+10
   0.40000000E+00   0.15848932E+11   0.11595794E+02   0.57600818E+14   0.40348517E-01   0.41107533E+02   0.18981044E+10   0.46406692E+16   0.34795820E-02   0.48443076E+02   0.14506900E+11   0.98483678E+01   0.86062108E+14   0.16459225E+11   0.12472230E+02   0.48073665E+14   0.63099759E+10
   0.40000000E+00   0.19952623E+11   0.11404842E+02   0.57600818E+14   0.43567326E-01   0.44386893E+02   0.24105783E+10   0.44539780E+16   0.38200729E-02   0.52102673E+02   0.18250883E+11   0.96840297E+01   0.86062108E+14   0.20726718E+11   0.12267985E+02   0.48073665E+14   0.63099759E+10
   0.40000000E+00   0.25118864E+11   0.11212696E+02   0.57600818E+14   0.47042917E-01   0.47927865E+02   0.30622105E+10   0.42709468E+16   0.41955047E-02   0.56035160E+02   0.22960438E+11   0.95186562E+01   0.86062108E+14   0.26100802E+11   0.12062439E+02   0.48073665E+14   0.63099759E+10
   0.40000000E+00   0.31622777E+11   0.11021051E+02   0.57600818E+14   0.50795773E-01   0.51751318E+02   0.38907302E+10   0.40931639E+16   0.46089774E-02   0.60262684E+02   0.28884963E+11   0.93537514E+01   0.86062108E+14   0.32868765E+11   0.11857449E+02   0.48073665E+14   0.63099759E+10
   0.40000000E+00   0.39810717E+11   0.10828523E+02   0.57600818E+14   0.54848014E-01   0.55879788E+02   0.49447298E+10   0.39193064E+16   0.50651429E-02   0.64805316E+02   0.36337032E+11   0.91880760E+01   0.86062108E+14   0.41391792E+11   0.11651480E+02   0.48073665E+14   0.63099759E+10
   0.40000000E+00   0.50118723E+11   0.10636284E+02   0.57600818E+14   0.59223524E-01   0.60337607E+02   0.62856324E+10   0.37504015E+16   0.55680653E-02   0.69687924E+02   0.45711140E+11   0.90226926E+01   0.86062108E+14   0.52125626E+11   0.11445835E+02   0.48073665E+14   0.63099759E+10
   0.40000000E+00   0.63095734E+11   0.10443419E+02   0.57600818E+14   0.63948090E-01   0.65151049E+02   0.79923615E+10   0.35856038E+16   0.61232904E-02   0.74934244E+02   0.57501513E+11   0.88567564E+01   0.86062108E+14   0.65643535E+11   0.11239505E+02   0.48073665E+14   0.63099759E+10
   0.40000000E+00   0.79432823E+11   0.10250941E+02   0.57600818E+14   0.69049559E-01   0.70348485E+02   0.10164903E+11   0.34257327E+16   0.67359239E-02   0.80572759E+02   0.72331719E+11   0.86911829E+01   0.86062108E+14   0.82667611E+11   0.11033569E+02   0.48073665E+14   0.63099759E+10
   0.40000000E+00   0.10000000E+12   0.10057852E+02   0.57600818E+14   0.74557999E-01   0.75960547E+02   0.12931877E+11   0.32699138E+16   0.74129147E-02   0.86630632E+02   0.90984351E+11   0.85251042E+01   0.86062108E+14   0.10410870E+12   0.10826998E+02   0.48073665E+14   0.63099759E+10
   0.40000000E+00   0.12589254E+12   0.98655300E+01   0.57600818E+14   0.80505875E-01   0.82020312E+02   0.16455944E+11   0.31191991E+16   0.81603193E-02   0.93141457E+02   0.11444357E+12   0.83596824E+01   0.86062108E+14   0.13111110E+12   0.10621211E+02   0.48073665E+14   0.63099759E+10
   0.40000000E+00   0.15848932E+12   0.96723850E+01   0.57600818E+14   0.86928245E-01   0.88563495E+02   0.20947459E+11   0.29722896E+16   0.89872606E-02   0.10013530E+03   0.14394737E+12   0.81935803E+01   0.86062108E+14   0.16511941E+12   0.10414540E+02   0.48073665E+14   0.63099759E+10
   0.40000000E+00   0.19952623E+12   0.94806380E+01   0.57600818E+14   0.93862959E-01   0.95628662E+02   0.26670888E+11   0.28308001E+16   0.99004897E-02   0.10765287E+03   0.18105406E+12   0.80287119E+01   0.86062108E+14   0.20795218E+12   0.10209376E+02   0.48073665E+14   0.63099759E+10
   0.40000000E+00   0.25118864E+12   0.92876669E+01   0.57600818E+14   0.10135089E+00   0.10325745E+03   0.33971497E+11   0.26927349E+16   0.10912417E-01   0.11572630E+03   0.22771624E+12   0.78627933E+01   0.86062108E+14   0.26189965E+12   0.10002888E+02   0.48073665E+14   0.63099759E+10
   0.40000000E+00   0.31622777E+12   0.90960959E+01   0.57600818E+14   0.10943618E+00   0.11149483E+03   0.43281343E+11   0.25599109E+16   0.12031115E-01   0.12440351E+03   0.28639614E+12   0.76980898E+01   0.86062108E+14   0.32984378E+12   0.97978685E+01   0.48073665E+14   0.63099759E+10
   0.40000000E+00   0.39810717E+12   0.89043628E+01   0.57600818E+14   0.11816646E+00   0.12038935E+03   0.55162507E+11   0.24311490E+16   0.13270626E-01   0.13372466E+03   0.36018439E+12   0.75332671E+01   0.86062108E+14   0.41542094E+12   0.95926688E+01   0.48073665E+14   0.63099759E+10
   0.40000000E+00   0.50118723E+12   0.87132755E+01   0.57600818E+14   0.12759321E+00   0.12999343E+03   0.70328179E+11   0.23069211E+16   0.14643542E-01   0.14373973E+03   0.45296929E+12   0.73690232E+01   0.86062108E+14   0.52320906E+12   0.93881569E+01   0.48073665E+14   0.63099759E+10
   0.40000000E+00   0.63095734E+12   0.85232740E+01   0.57600818E+14   0.13777198E+00   0.14036368E+03   0.89691346E+11   0.21874036E+16   0.16164209E-01   0.15450169E+03   0.56963851E+12   0.72057377E+01   0.86062108E+14   0.65897506E+12   0.91848044E+01   0.48073665E+14   0.63099759E+10
   0.40000000E+00   0.79432823E+12   0.83330155E+01   0.57600818E+14   0.14876277E+00   0.15156122E+03   0.11443404E+12   0.20716713E+16   0.17852213E-01   0.16606068E+03   0.71632656E+12   0.70422499E+01   0.86062108E+14   0.82998436E+12   0.89811641E+01   0.48073665E+14   0.63099759E+10
   0.40000000E+00   0.10000000E+13   0.81442122E+01   0.57600818E+14   0.16063034E+00   0.16365204E+03   0.14604923E+12   0.19606747E+16   0.19723251E-01   0.17848248E+03   0.90075674E+12   0.68800323E+01   0.86062108E+14   0.10453861E+13   0.87790689E+01   0.48073665E+14   0.63099759E+10
   0.40000000E+00   0.12589254E+13   0.79561816E+01   0.57600818E+14   0.17344465E+00   0.17670740E+03   0.18647096E+12   0.18538915E+16   0.21799986E-01   0.19182831E+03   0.11326248E+13   0.67184992E+01   0.86062108E+14   0.13167108E+13   0.85777877E+01   0.48073665E+14   0.63099759E+10
   0.40000000E+00   0.15848932E+13   0.77687296E+01   0.57600818E+14   0.18728123E+00   0.19080427E+03   0.23818057E+12   0.17511178E+16   0.24107060E-01   0.20616562E+03   0.14241153E+13   0.65574847E+01   0.86062108E+14   0.16584849E+13   0.83771119E+01   0.48073665E+14   0.63099759E+10
   0.40000000E+00   0.19952623E+13   0.75828496E+01   0.57600818E+14   0.20222162E+00   0.20602571E+03   0.30434034E+12   0.16527831E+16   0.26668288E-01   0.22157328E+03   0.17905539E+13   0.63978462E+01   0.86062108E+14   0.20890071E+13   0.81781088E+01   0.48073665E+14   0.63099759E+10
   0.40000000E+00   0.25118864E+13   0.73980537E+01   0.57600818E+14   0.21835388E+00   0.22246144E+03   0.38904132E+12   0.15585014E+16   0.29515044E-01   0.23812849E+03   0.22511878E+13   0.62391719E+01   0.86062108E+14   0.26313449E+13   0.79802632E+01   0.48073665E+14   0.63099759E+10
   0.40000000E+00   0.31622777E+13   0.72142047E+01   0.57600818E+14   0.23577309E+00   0.24020834E+03   0.49754186E+12   0.14680946E+16   0.32681786E-01   0.25591582E+03   0.28301647E+13   0.60813210E+01   0.86062108E+14   0.33145503E+13   0.77834201E+01   0.48073665E+14   0.63099759E+10
   0.40000000E+00   0.39810717E+13   0.70324764E+01   0.57600818E+14   0.25458193E+00   0.25937100E+03   0.63654035E+12   0.13820056E+16   0.36200894E-01   0.27503536E+03   0.35578918E+13   0.59253147E+01   0.86062108E+14   0.41752176E+13   0.75888353E+01   0.48073665E+14   0.63099759E+10
   0.40000000E+00   0.50118723E+13   0.68526066E+01   0.57600818E+14   0.27489125E+00   0.28006236E+03   0.81470772E+12   0.12999548E+16   0.40114844E-01   0.29558580E+03   0.44725333E+13   0.57709310E+01   0.86062108E+14   0.52594289E+13   0.73962083E+01   0.48073665E+14   0.63099759E+10
   0.40000000E+00   0.63095734E+13   0.66738148E+01   0.57600818E+14   0.29682074E+00   0.30240438E+03   0.10432737E+13   0.12214614E+16   0.44475424E-01   0.31766860E+03   0.56220007E+13   0.56175033E+01   0.86062108E+14   0.66253511E+13   0.72047280E+01   0.48073665E+14   0.63099759E+10
   0.40000000E+00   0.79432823E+13   0.64970410E+01   0.57600818E+14   0.32049966E+00   0.32652874E+03   0.13365538E+13   0.11468122E+16   0.49330097E-01   0.34140702E+03   0.70665052E+13   0.54658292E+01   0.86062108E+14   0.83462492E+13   0.70154122E+01   0.48073665E+14   0.63099759E+10
   0.40000000E+00   0.10000000E+14   0.63226908E+01   0.57600818E+14   0.34606758E+00   0.35257763E+03   0.17129967E+13   0.10760226E+16   0.54734224E-01   0.36693065E+03   0.88817282E+13   0.53162655E+01   0.86062108E+14   0.10514294E+14   0.68286648E+01   0.48073665E+14   0.63099759E+10
   0.40000000E+00   0.12589254E+14   0.61510664E+01   0.57600818E+14   0.37367517E+00   0.38070456E+03   0.21963483E+13   0.10090472E+16   0.60749657E-01   0.39437911E+03   0.11162648E+14   0.51690616E+01   0.86062108E+14   0.13245764E+14   0.66448200E+01   0.48073665E+14   0.63099759E+10
   0.40000000E+00   0.15848932E+14   0.59816189E+01   0.57600818E+14   0.40348517E+00   0.41107533E+03   0.28174292E+13   0.94551464E+15   0.67454176E-01   0.42389402E+03   0.14028597E+14   0.50237618E+01   0.86062108E+14   0.16687341E+14   0.64633091E+01   0.48073665E+14   0.63099759E+10
   0.40000000E+00   0.19952623E+14   0.58146906E+01   0.57600818E+14   0.43567326E+00   0.44386893E+03   0.36157925E+13   0.88540582E+15   0.74926302E-01   0.45563786E+03   0.17629237E+14   0.48806389E+01   0.86062108E+14   0.21023364E+14   0.62844580E+01   0.48073665E+14   0.63099759E+10
   0.40000000E+00   0.25118864E+14   0.56514200E+01   0.57600818E+14   0.47042917E+00   0.47927865E+03   0.46419418E+13   0.82895600E+15   0.83240879E-01   0.48979768E+03   0.22153239E+14   0.47406973E+01   0.86062108E+14   0.26486847E+14   0.61095348E+01   0.48073665E+14   0.63099759E+10
   0.40000000E+00   0.31622777E+14   0.54916366E+01   0.57600818E+14   0.50795773E+00   0.51751318E+03   0.59614429E+13   0.77591792E+15   0.92496604E-01   0.52656017E+03   0.27836483E+14   0.46037542E+01   0.86062108E+14   0.33370469E+14   0.59383123E+01   0.48073665E+14   0.63099759E+10
   0.40000000E+00   0.39810717E+14   0.53356289E+01   0.57600818E+14   0.54848014E+00   0.55879788E+03   0.76584900E+13   0.72620466E+15   0.10279578E+00   0.56613386E+03   0.34976674E+14   0.44701011E+01   0.86062108E+14   0.42044251E+14   0.57711403E+01   0.48073665E+14   0.63099759E+10
   0.40000000E+00   0.50118723E+14   0.51847043E+01   0.57600818E+14   0.59223524E+00   0.60337607E+03   0.98400091E+13   0.68002754E+15   0.11422739E+00   0.60876241E+03   0.43946253E+14   0.43408039E+01   0.86062108E+14   0.52972692E+14   0.56093837E+01   0.48073665E+14   0.63099759E+10
   0.40000000E+00   0.63095734E+14   0.50390588E+01   0.57600818E+14   0.63948090E+00   0.65151049E+03   0.12644010E+14   0.63722402E+15   0.12690483E+00   0.65469427E+03   0.55215874E+14   0.42160877E+01   0.86062108E+14   0.66742874E+14   0.54532851E+01   0.48073665E+14   0.63099759E+10
   0.40000000E+00   0.79432823E+14   0.48999214E+01   0.57600818E+14   0.69049559E+00   0.70348485E+03   0.16244910E+14   0.59792081E+15   0.14091973E+00   0.70421936E+03   0.69373713E+14   0.40969404E+01   0.86062108E+14   0.84092221E+14   0.53041385E+01   0.48073665E+14   0.63099759E+10
   0.40000000E+00   0.10000000E+15   0.47690411E+01   0.57600818E+14   0.74557999E+00   0.75960547E+03   0.20861721E+14   0.56234437E+15   0.15633751E+00   0.75766753E+03   0.87166229E+14   0.39849179E+01   0.86062108E+14   0.10595028E+15   0.51638336E+01   0.48073665E+14   0.63099759E+10
   0.40000000E+00   0.12589254E+15   0.46474925E+01   0.57600818E+14   0.80505875E+00   0.82020312E+03   0.26771208E+14   0.53049718E+15   0.17322433E+00   0.81538881E+03   0.10952717E+15   0.38808919E+01   0.86062108E+14   0.13348680E+15   0.50335216E+01   0.48073665E+14   0.63099759E+10
   0.40000000E+00   0.15848932E+15   0.45375601E+01   0.57600818E+14   0.86928245E+00   0.88563495E+03   0.34312778E+14   0.50266897E+15   0.19157486E+00   0.87779658E+03   0.13763939E+15   0.37868276E+01   0.86062108E+14   0.16817240E+15   0.49156517E+01   0.48073665E+14   0.63099759E+10
   0.40000000E+00   0.19952623E+15   0.44398995E+01   0.57600818E+14   0.93862959E+00   0.95628662E+03   0.43913488E+14   0.47871429E+15   0.21140785E+00   0.94530863E+03   0.17299165E+15   0.37032845E+01   0.86062108E+14   0.21185876E+15   0.48109306E+01   0.48073665E+14   0.63099759E+10
   0.40000000E+00   0.25118864E+15   0.43554903E+01   0.57600818E+14   0.10135089E+01   0.10325745E+04   0.56098252E+14   0.45858465E+15   0.23269686E+00   0.10183911E+04   0.21746251E+15   0.36310933E+01   0.86062108E+14   0.26687456E+15   0.47204121E+01   0.48073665E+14   0.63099759E+10
   0.40000000E+00   0.31622777E+15   0.42838432E+01   0.57600818E+14   0.10943618E+01   0.11149483E+04   0.71528040E+14   0.44191228E+15   0.25546261E+00   0.10975131E+04   0.27341403E+15   0.35698179E+01   0.86062108E+14   0.33615170E+15   0.46435752E+01   0.48073665E+14   0.63099759E+10
   0.40000000E+00   0.39810717E+15   0.42243064E+01   0.57600818E+14   0.11816646E+01   0.12038935E+04   0.91026507E+14   0.42834445E+15   0.27972986E+00   0.11831770E+04   0.34382831E+15   0.35189102E+01   0.86062108E+14   0.42337917E+15   0.45797213E+01   0.48073665E+14   0.63099759E+10
   0.40000000E+00   0.50118723E+15   0.41754959E+01   0.57600818E+14   0.12759321E+01   0.12999343E+04   0.11563341E+15   0.41741357E+15   0.30557619E+00   0.12759014E+04   0.43245513E+15   0.34771810E+01   0.86062108E+14   0.53320239E+15   0.45273690E+01   0.48073665E+14   0.63099759E+10
   0.40000000E+00   0.63095734E+15   0.41360946E+01   0.57600818E+14   0.13777198E+01   0.14036368E+04   0.14665294E+15   0.40871558E+15   0.33309679E+00   0.13762438E+04   0.54401683E+15   0.34435004E+01   0.86062108E+14   0.67146879E+15   0.44851078E+01   0.48073665E+14   0.63099759E+10
   0.40000000E+00   0.79432823E+15   0.41046532E+01   0.57600818E+14   0.14876277E+01   0.15156122E+04   0.18572949E+15   0.40185494E+15   0.36242469E+00   0.14847959E+04   0.68445758E+15   0.34166267E+01   0.86062108E+14   0.84554024E+15   0.44513837E+01   0.48073665E+14   0.63099759E+10
   0.40000000E+00   0.10000000E+16   0.40798665E+01   0.57600818E+14   0.16063034E+01   0.16365204E+04   0.23493207E+15   0.39649634E+15   0.39371470E+00   0.16021956E+04   0.86125836E+15   0.33954395E+01   0.86062108E+14   0.10646819E+16   0.44247940E+01   0.48073665E+14   0.63099759E+10
   0.40000000E+00   0.12589254E+16   0.40605382E+01   0.57600818E+14   0.17344465E+01   0.17670740E+04   0.29686698E+15   0.39234827E+15   0.42714695E+00   0.17291294E+04   0.10838444E+16   0.33789218E+01   0.86062108E+14   0.13405667E+16   0.44040633E+01   0.48073665E+14   0.63099759E+10
   0.40000000E+00   0.15848932E+16   0.40456129E+01   0.57600818E+14   0.18728123E+01   0.19080427E+04   0.37481754E+15   0.38916333E+15   0.46292424E+00   0.18663376E+04   0.13640700E+16   0.33661653E+01   0.86062108E+14   0.16878770E+16   0.43880516E+01   0.48073665E+14   0.63099759E+10
   0.40000000E+00   0.19952623E+16   0.40341916E+01   0.57600818E+14   0.20222162E+01   0.20602571E+04   0.47291920E+15   0.38673683E+15   0.50126924E+00   0.20146200E+04   0.17168669E+16   0.33564044E+01   0.86062108E+14   0.21251078E+16   0.43757985E+01   0.48073665E+14   0.63099759E+10
   0.40000000E+00   0.25118864E+16   0.40255206E+01   0.57600818E+14   0.21835388E+01   0.22246144E+04   0.59638081E+15   0.38490082E+15   0.54242395E+00   0.21748415E+04   0.21610306E+16   0.33489956E+01   0.86062108E+14   0.26755459E+16   0.43664986E+01   0.48073665E+14   0.63099759E+10
   0.40000000E+00   0.31622777E+16   0.40189825E+01   0.57600818E+14   0.23577309E+01   0.24020834E+04   0.75176243E+15   0.38351997E+15   0.58664872E+00   0.23479370E+04   0.27202141E+16   0.33434079E+01   0.86062108E+14   0.33684978E+16   0.43594866E+01   0.48073665E+14   0.63099759E+10
   0.40000000E+00   0.39810717E+16   0.40140809E+01   0.57600818E+14   0.25458193E+01   0.25937100E+04   0.94732498E+15   0.38248675E+15   0.63422222E+00   0.25349183E+04   0.34242042E+16   0.33392190E+01   0.86062108E+14   0.42408579E+16   0.43542280E+01   0.48073665E+14   0.63099759E+10
   0.40000000E+00   0.50118723E+16   0.40104249E+01   0.57600818E+14   0.27489125E+01   0.28006236E+04   0.11934700E+16   0.38171719E+15   0.68544169E+00   0.27368796E+04   0.43104959E+16   0.33360946E+01   0.86062108E+14   0.53390839E+16   0.43503057E+01   0.48073665E+14   0.63099759E+10
   0.40000000E+00   0.63095734E+16   0.40077087E+01   0.57600818E+14   0.29682074E+01   0.30240438E+04   0.15032941E+16   0.38114605E+15   0.74062454E+00   0.29550044E+04   0.54262916E+16   0.33337734E+01   0.86062108E+14   0.67216583E+16   0.43473916E+01   0.48073665E+14   0.63099759E+10
   0.40000000E+00   0.79432823E+16   0.40056974E+01   0.57600818E+14   0.32049966E+01   0.32652874E+04   0.18932860E+16   0.38072347E+15   0.80010953E+00   0.31905723E+04   0.68310154E+16   0.33320546E+01   0.86062108E+14   0.84622064E+16   0.43452338E+01   0.48073665E+14   0.63099759E+10
   0.40000000E+00   0.10000000E+17   0.40042117E+01   0.57600818E+14   0.34606758E+01   0.35257763E+04   0.23842047E+16   0.38041152E+15   0.86425893E+00   0.34449667E+04   0.85994775E+16   0.33307851E+01   0.86062108E+14   0.10653417E+17   0.43436399E+01   0.48073665E+14   0.63099759E+10
   0.40000000E+00   0.12589254E+17   0.40031163E+01   0.57600818E+14   0.37367517E+01   0.38070456E+04   0.30021850E+16   0.38018162E+15   0.93346069E+00   0.37196829E+04   0.10825858E+17   0.33298490E+01   0.86062108E+14   0.13411978E+17   0.43424647E+01   0.48073665E+14   0.63099759E+10
