         1        92   0.35000000E+01   0.31562220E+00   0.68437780E+00   0.82883870E+00   0.96580000E+00   0.22242000E-01  ---------------   0.27255000E+01  ---------------      0.67238290E+00                                 
   0.35000000E+01   0.10000000E+08   0.49042144E+01   0.14360836E+16   0.11846150E-02   0.60262424E+01   0.20438056E+07   0.14936817E+17   0.24155040E-03   0.60332471E+01   0.95864038E+07   0.46315178E+01   0.16344581E+16   0.96612039E+07   0.46800758E+01   0.15964696E+16   0.12109816E+10
   0.35000000E+01   0.12589254E+08   0.48751600E+01   0.14360836E+16   0.12791178E-02   0.65069868E+01   0.25841980E+07   0.14736777E+17   0.26237453E-03   0.65093445E+01   0.12066994E+08   0.46038788E+01   0.16344581E+16   0.12161416E+08   0.46521811E+01   0.15964696E+16   0.12109816E+10
   0.35000000E+01   0.15848932E+08   0.48459874E+01   0.14360836E+16   0.13811597E-02   0.70260828E+01   0.32676494E+07   0.14537590E+17   0.28501099E-03   0.70229913E+01   0.15189418E+08   0.45761260E+01   0.16344581E+16   0.15308688E+08   0.46241789E+01   0.15964696E+16   0.12109816E+10
   0.35000000E+01   0.19952623E+08   0.48169342E+01   0.14360836E+16   0.14913419E-02   0.75865897E+01   0.41319331E+07   0.14340871E+17   0.30960395E-03   0.75771972E+01   0.19119798E+08   0.45484888E+01   0.16344581E+16   0.19270363E+08   0.45962859E+01   0.15964696E+16   0.12109816E+10
   0.35000000E+01   0.25118864E+08   0.47884423E+01   0.14360836E+16   0.16103139E-02   0.81918111E+01   0.52245602E+07   0.14149551E+17   0.33629181E-03   0.81752667E+01   0.24067205E+08   0.45213848E+01   0.16344581E+16   0.24257337E+08   0.45689352E+01   0.15964696E+16   0.12109816E+10
   0.35000000E+01   0.31622777E+08   0.47600520E+01   0.14360836E+16   0.17387770E-02   0.88453141E+01   0.66062519E+07   0.13960479E+17   0.36528529E-03   0.88205705E+01   0.30294788E+08   0.44943786E+01   0.16344581E+16   0.30534861E+08   0.45416818E+01   0.15964696E+16   0.12109816E+10
   0.35000000E+01   0.39810717E+08   0.47321092E+01   0.14360836E+16   0.18774882E-02   0.95509505E+01   0.83530675E+07   0.13775912E+17   0.39675505E-03   0.95169320E+01   0.38133826E+08   0.44677980E+01   0.16344581E+16   0.38436911E+08   0.45148563E+01   0.15964696E+16   0.12109816E+10
   0.35000000E+01   0.50118723E+08   0.47039354E+01   0.14360836E+16   0.20272651E-02   0.10312879E+02   0.10562537E+08   0.13591345E+17   0.43097214E-03   0.10268210E+02   0.48001174E+08   0.44409984E+01   0.16344581E+16   0.48383964E+08   0.44878141E+01   0.15964696E+16   0.12109816E+10
   0.35000000E+01   0.63095734E+08   0.46764233E+01   0.14360836E+16   0.21889905E-02   0.11135591E+02   0.13355524E+08   0.13412585E+17   0.46809076E-03   0.11079002E+02   0.60421872E+08   0.44148287E+01   0.16344581E+16   0.60905071E+08   0.44614016E+01   0.15964696E+16   0.12109816E+10
   0.35000000E+01   0.79432823E+08   0.46491148E+01   0.14360836E+16   0.23636176E-02   0.12023934E+02   0.16887095E+08   0.13236583E+17   0.50840164E-03   0.11953889E+02   0.76056485E+08   0.43888527E+01   0.16344581E+16   0.76666791E+08   0.44351917E+01   0.15964696E+16   0.12109816E+10
   0.35000000E+01   0.10000000E+09   0.46224823E+01   0.14360836E+16   0.25521756E-02   0.12983146E+02   0.21350944E+08   0.13066310E+17   0.55212231E-03   0.12898111E+02   0.95736873E+08   0.43635201E+01   0.16344581E+16   0.96507222E+08   0.44096239E+01   0.15964696E+16   0.12109816E+10
   0.35000000E+01   0.12589254E+09   0.45956351E+01   0.14360836E+16   0.27557758E-02   0.14018878E+02   0.26996619E+08   0.12896032E+17   0.59965071E-03   0.13916843E+02   0.12050950E+09   0.43379839E+01   0.16344581E+16   0.12148247E+09   0.43838575E+01   0.15964696E+16   0.12109816E+10
   0.35000000E+01   0.15848932E+09   0.45694796E+01   0.14360836E+16   0.29756183E-02   0.15137236E+02   0.34132475E+08   0.12731458E+17   0.65119412E-03   0.15016332E+02   0.15169250E+09   0.43131057E+01   0.16344581E+16   0.15292061E+09   0.43587481E+01   0.15964696E+16   0.12109816E+10
   0.35000000E+01   0.19952623E+09   0.45436281E+01   0.14360836E+16   0.32129987E-02   0.16344812E+02   0.43153814E+08   0.12570068E+17   0.70714385E-03   0.16202831E+02   0.19094458E+09   0.42885177E+01   0.16344581E+16   0.19249558E+09   0.43339383E+01   0.15964696E+16   0.12109816E+10
   0.35000000E+01   0.25118864E+09   0.45185646E+01   0.14360836E+16   0.34693162E-02   0.17648722E+02   0.54554201E+08   0.12414802E+17   0.76779165E-03   0.17483469E+02   0.24035404E+09   0.42646784E+01   0.16344581E+16   0.24231156E+09   0.43098772E+01   0.15964696E+16   0.12109816E+10
   0.35000000E+01   0.31622777E+09   0.44934695E+01   0.14360836E+16   0.37460814E-02   0.19056652E+02   0.68968938E+08   0.12260524E+17   0.83367240E-03   0.18865324E+02   0.30254874E+09   0.42408107E+01   0.16344581E+16   0.30502079E+09   0.42857940E+01   0.15964696E+16   0.12109816E+10
   0.35000000E+01   0.39810717E+09   0.44691316E+01   0.14360836E+16   0.40449257E-02   0.20576899E+02   0.87184123E+08   0.12112030E+17   0.90508091E-03   0.20356832E+02   0.38083833E+09   0.42176643E+01   0.16344581E+16   0.38395847E+09   0.42624332E+01   0.15964696E+16   0.12109816E+10
   0.35000000E+01   0.50118723E+09   0.44451899E+01   0.14360836E+16   0.43676103E-02   0.22218425E+02   0.11020606E+09   0.11967034E+17   0.98254753E-03   0.21966515E+02   0.47938623E+09   0.41948923E+01   0.16344581E+16   0.48332567E+09   0.42394543E+01   0.15964696E+16   0.12109816E+10
   0.35000000E+01   0.63095734E+09   0.44221007E+01   0.14360836E+16   0.47160371E-02   0.23990903E+02   0.13929103E+09   0.11828213E+17   0.10664699E-02   0.23704046E+02   0.60343821E+09   0.41729343E+01   0.16344581E+16   0.60841207E+09   0.42172977E+01   0.15964696E+16   0.12109816E+10
   0.35000000E+01   0.79432823E+09   0.43991640E+01   0.14360836E+16   0.50922598E-02   0.25904781E+02   0.17605239E+09   0.11691291E+17   0.11575517E-02   0.25579141E+02   0.75958957E+09   0.41511185E+01   0.16344581E+16   0.76586609E+09   0.41952784E+01   0.15964696E+16   0.12109816E+10
   0.35000000E+01   0.10000000E+10   0.43769866E+01   0.14360836E+16   0.54984956E-02   0.27971339E+02   0.22249265E+09   0.11559830E+17   0.12562286E-02   0.27603154E+02   0.95615323E+09   0.41300283E+01   0.16344581E+16   0.96407717E+09   0.41739973E+01   0.15964696E+16   0.12109816E+10
   0.35000000E+01   0.12589254E+10   0.43554364E+01   0.14360836E+16   0.59371390E-02   0.30202757E+02   0.28115994E+09   0.11432957E+17   0.13631559E-02   0.29787850E+02   0.12035828E+10   0.41095315E+01   0.16344581E+16   0.12135806E+10   0.41533090E+01   0.15964696E+16   0.12109816E+10
   0.35000000E+01   0.15848932E+10   0.43346316E+01   0.14360836E+16   0.64107752E-02   0.32612187E+02   0.35525916E+09   0.11311286E+17   0.14789666E-02   0.32146128E+02   0.15150497E+10   0.40897473E+01   0.16344581E+16   0.15276699E+10   0.41333456E+01   0.15964696E+16   0.12109816E+10
   0.35000000E+01   0.19952623E+10   0.43142361E+01   0.14360836E+16   0.69221958E-02   0.35213830E+02   0.44886544E+09   0.11192781E+17   0.16045009E-02   0.34691518E+02   0.19071166E+10   0.40703489E+01   0.16344581E+16   0.19230378E+10   0.41137655E+01   0.15964696E+16   0.12109816E+10
   0.35000000E+01   0.25118864E+10   0.42945699E+01   0.14360836E+16   0.74744151E-02   0.38023019E+02   0.56707525E+09   0.11079237E+17   0.17404339E-02   0.37439219E+02   0.24006571E+10   0.40516480E+01   0.16344581E+16   0.24207518E+10   0.40948952E+01   0.15964696E+16   0.12109816E+10
   0.35000000E+01   0.31622777E+10   0.42757912E+01   0.14360836E+16   0.80706878E-02   0.41056311E+02   0.71631741E+09   0.10971477E+17   0.18875308E-02   0.40405541E+02   0.30219338E+10   0.40337916E+01   0.16344581E+16   0.30472933E+10   0.40768769E+01   0.15964696E+16   0.12109816E+10
   0.35000000E+01   0.39810717E+10   0.42574520E+01   0.14360836E+16   0.87145283E-02   0.44331585E+02   0.90478358E+09   0.10866861E+17   0.20468882E-02   0.43607431E+02   0.38039869E+10   0.40163488E+01   0.16344581E+16   0.38359727E+10   0.40592702E+01   0.15964696E+16   0.12109816E+10
   0.35000000E+01   0.50118723E+10   0.42400038E+01   0.14360836E+16   0.94097312E-02   0.47868145E+02   0.11426731E+10   0.10767897E+17   0.22192742E-02   0.47064205E+02   0.47884662E+10   0.39997579E+01   0.16344581E+16   0.48288261E+10   0.40425288E+01   0.15964696E+16   0.12109816E+10
   0.35000000E+01   0.63095734E+10   0.42232107E+01   0.14360836E+16   0.10160394E-01   0.51686834E+02   0.14429626E+10   0.10673170E+17   0.24058459E-02   0.50795921E+02   0.60277505E+10   0.39837904E+01   0.16344581E+16   0.60786673E+10   0.40264152E+01   0.15964696E+16   0.12109816E+10
   0.35000000E+01   0.79432823E+10   0.42072569E+01   0.14360836E+16   0.10970941E-01   0.55810159E+02   0.18219161E+10   0.10583653E+17   0.26076233E-02   0.54824788E+02   0.75877703E+10   0.39686159E+01   0.16344581E+16   0.76519806E+10   0.40110986E+01   0.15964696E+16   0.12109816E+10
   0.35000000E+01   0.10000000E+11   0.41918826E+01   0.14360836E+16   0.11846150E-01   0.60262424E+02   0.23001797E+10   0.10497822E+17   0.28259736E-02   0.59174151E+02   0.95515969E+10   0.39539978E+01   0.16344581E+16   0.96325977E+10   0.39963478E+01   0.15964696E+16   0.12109816E+10
   0.35000000E+01   0.12589254E+11   0.41772798E+01   0.14360836E+16   0.12791178E-01   0.65069868E+02   0.29036156E+10   0.10416695E+17   0.30620832E-02   0.63869906E+02   0.12023740E+11   0.39401136E+01   0.16344581E+16   0.12125912E+11   0.39823375E+01   0.15964696E+16   0.12109816E+10
   0.35000000E+01   0.15848932E+11   0.41635744E+01   0.14360836E+16   0.13811597E-01   0.70260828E+02   0.36647921E+10   0.10340903E+17   0.33172450E-02   0.68939972E+02   0.15135728E+11   0.39270770E+01   0.16344581E+16   0.15264527E+11   0.39691770E+01   0.15964696E+16   0.12109816E+10
   0.35000000E+01   0.19952623E+11   0.41503382E+01   0.14360836E+16   0.14913419E-01   0.75865897E+02   0.46251561E+10   0.10268026E+17   0.35933021E-02   0.74413467E+02   0.19053287E+11   0.39144923E+01   0.16344581E+16   0.19215722E+11   0.39564779E+01   0.15964696E+16   0.12109816E+10
   0.35000000E+01   0.25118864E+11   0.41380056E+01   0.14360836E+16   0.16103139E-01   0.81918111E+02   0.58362546E+10   0.10200408E+17   0.38915219E-02   0.80323492E+02   0.23984943E+11   0.39027669E+01   0.16344581E+16   0.24189775E+11   0.39446460E+01   0.15964696E+16   0.12109816E+10
   0.35000000E+01   0.31622777E+11   0.41263890E+01   0.14360836E+16   0.17387770E-01   0.88453141E+02   0.73635524E+10   0.10136966E+17   0.42137981E-02   0.86704579E+02   0.30193203E+11   0.38917226E+01   0.16344581E+16   0.30451398E+11   0.39334980E+01   0.15964696E+16   0.12109816E+10
   0.35000000E+01   0.39810717E+11   0.41153083E+01   0.14360836E+16   0.18774882E-01   0.95509505E+02   0.92896648E+10   0.10076675E+17   0.45622055E-02   0.93593956E+02   0.38008328E+11   0.38811814E+01   0.16344581E+16   0.38333801E+11   0.39228589E+01   0.15964696E+16   0.12109816E+10
   0.35000000E+01   0.50118723E+11   0.41050825E+01   0.14360836E+16   0.20272651E-01   0.10312879E+03   0.11717780E+11   0.10021232E+17   0.49384273E-02   0.10103307E+03   0.47846757E+11   0.38714593E+01   0.16344581E+16   0.48257071E+11   0.39130485E+01   0.15964696E+16   0.12109816E+10
   0.35000000E+01   0.63095734E+11   0.40954487E+01   0.14360836E+16   0.21889905E-01   0.11135591E+03   0.14778976E+11   0.99691686E+16   0.53449345E-02   0.10906520E+03   0.60232059E+11   0.38623004E+01   0.16344581E+16   0.60749288E+11   0.39038062E+01   0.15964696E+16   0.12109816E+10
   0.35000000E+01   0.79432823E+11   0.40864261E+01   0.14360836E+16   0.23636176E-01   0.12023934E+03   0.18637818E+11   0.99205586E+16   0.57840704E-02   0.11773781E+03   0.75823606E+11   0.38537225E+01   0.16344581E+16   0.76475556E+11   0.38951503E+01   0.15964696E+16   0.12109816E+10
   0.35000000E+01   0.10000000E+12   0.40781070E+01   0.14360836E+16   0.25521756E-01   0.12983146E+03   0.23501160E+11   0.98758676E+16   0.62582359E-02   0.12710244E+03   0.95451525E+11   0.38458135E+01   0.16344581E+16   0.96272823E+11   0.38871641E+01   0.15964696E+16   0.12109816E+10
   0.35000000E+01   0.12589254E+12   0.40702984E+01   0.14360836E+16   0.27557758E-01   0.14018878E+03   0.29630755E+11   0.98340310E+16   0.67704516E-02   0.13721379E+03   0.12016011E+12   0.38383832E+01   0.16344581E+16   0.12119516E+12   0.38796662E+01   0.15964696E+16   0.12109816E+10
   0.35000000E+01   0.15848932E+12   0.40631156E+01   0.14360836E+16   0.29756183E-01   0.15137236E+03   0.37354705E+11   0.97956432E+16   0.73234891E-02   0.14813198E+03   0.15126608E+12   0.38315546E+01   0.16344581E+16   0.15257042E+12   0.38727754E+01   0.15964696E+16   0.12109816E+10
   0.35000000E+01   0.19952623E+12   0.40565163E+01   0.14360836E+16   0.32129987E-01   0.16344812E+03   0.47086918E+11   0.97604547E+16   0.79205862E-02   0.15992143E+03   0.19042515E+12   0.38252807E+01   0.16344581E+16   0.19206869E+12   0.38664444E+01   0.15964696E+16   0.12109816E+10
   0.35000000E+01   0.25118864E+12   0.40503487E+01   0.14360836E+16   0.34693162E-01   0.17648722E+03   0.59349907E+11   0.97276382E+16   0.85654752E-02   0.17265116E+03   0.23972215E+12   0.38194174E+01   0.16344581E+16   0.24179299E+12   0.38605277E+01   0.15964696E+16   0.12109816E+10
   0.35000000E+01   0.31622777E+12   0.40447737E+01   0.14360836E+16   0.37460814E-01   0.19056652E+03   0.74798147E+11   0.96980323E+16   0.92615354E-02   0.18639709E+03   0.30178214E+12   0.38141174E+01   0.16344581E+16   0.30439117E+12   0.38551795E+01   0.15964696E+16   0.12109816E+10
   0.35000000E+01   0.39810717E+12   0.40396555E+01   0.14360836E+16   0.40449257E-01   0.20576899E+03   0.94259221E+11   0.96709011E+16   0.10013046E-01   0.20123986E+03   0.37990945E+12   0.38092518E+01   0.16344581E+16   0.38319633E+12   0.38502695E+01   0.15964696E+16   0.12109816E+10
   0.35000000E+01   0.50118723E+12   0.40349812E+01   0.14360836E+16   0.43676103E-01   0.22218425E+03   0.11877361E+12   0.96461639E+16   0.10824363E-01   0.21726712E+03   0.47826413E+12   0.38048082E+01   0.16344581E+16   0.48240464E+12   0.38457853E+01   0.15964696E+16   0.12109816E+10
   0.35000000E+01   0.63095734E+12   0.40307763E+01   0.14360836E+16   0.47160371E-01   0.23990903E+03   0.14965004E+12   0.96239435E+16   0.11700071E-01   0.23457373E+03   0.60208267E+12   0.38008091E+01   0.16344581E+16   0.60729598E+12   0.38417449E+01   0.15964696E+16   0.12109816E+10
   0.35000000E+01   0.79432823E+12   0.40269921E+01   0.14360836E+16   0.50922598E-01   0.25904781E+03   0.18853782E+12   0.96039731E+16   0.12645318E-01   0.25326172E+03   0.75795638E+12   0.37972061E+01   0.16344581E+16   0.76452296E+12   0.38381091E+01   0.15964696E+16   0.12109816E+10
   0.35000000E+01   0.10000000E+13   0.40236022E+01   0.14360836E+16   0.54984956E-01   0.27971339E+03   0.23751276E+12   0.95861050E+16   0.13665604E-01   0.27344139E+03   0.95419079E+12   0.37939834E+01   0.16344581E+16   0.96246150E+12   0.38348571E+01   0.15964696E+16   0.12109816E+10
   0.35000000E+01   0.12589254E+13   0.40205831E+01   0.14360836E+16   0.59371390E-01   0.30202757E+03   0.29918799E+12   0.95702082E+16   0.14766861E-01   0.29523184E+03   0.12012329E+13   0.37911132E+01   0.16344581E+16   0.12116494E+13   0.38319608E+01   0.15964696E+16   0.12109816E+10
   0.35000000E+01   0.15848932E+13   0.40179451E+01   0.14360836E+16   0.64107752E-01   0.32612187E+03   0.37685051E+12   0.95563313E+16   0.15955358E-01   0.31876195E+03   0.15122382E+13   0.37886054E+01   0.16344581E+16   0.15253566E+13   0.38294301E+01   0.15964696E+16   0.12109816E+10
   0.35000000E+01   0.19952623E+13   0.40156136E+01   0.14360836E+16   0.69221958E-01   0.35213830E+03   0.47464411E+12   0.95440772E+16   0.17238202E-01   0.34417020E+03   0.19037679E+13   0.37863890E+01   0.16344581E+16   0.19202884E+13   0.38271935E+01   0.15964696E+16   0.12109816E+10
   0.35000000E+01   0.25118864E+13   0.40135833E+01   0.14360836E+16   0.74744151E-01   0.38023019E+03   0.59778016E+12   0.95334144E+16   0.18622798E-01   0.37160666E+03   0.23966720E+13   0.37844590E+01   0.16344581E+16   0.24174759E+13   0.38252459E+01   0.15964696E+16   0.12109816E+10
   0.35000000E+01   0.31622777E+13   0.40118177E+01   0.14360836E+16   0.80706878E-01   0.41056311E+03   0.75282218E+12   0.95241471E+16   0.20117284E-01   0.40123308E+03   0.30171987E+13   0.37827805E+01   0.16344581E+16   0.30433956E+13   0.38235521E+01   0.15964696E+16   0.12109816E+10
   0.35000000E+01   0.39810717E+13   0.40102932E+01   0.14360836E+16   0.87145283E-01   0.44331585E+03   0.94803153E+12   0.95161495E+16   0.21730402E-01   0.43322420E+03   0.37983926E+13   0.37813312E+01   0.16344581E+16   0.38313795E+13   0.38220896E+01   0.15964696E+16   0.12109816E+10
   0.35000000E+01   0.50118723E+13   0.40089618E+01   0.14360836E+16   0.94097312E-01   0.47868145E+03   0.11938141E+13   0.95091689E+16   0.23471741E-01   0.46776842E+03   0.47818539E+13   0.37800656E+01   0.16344581E+16   0.48233896E+13   0.38208125E+01   0.15964696E+16   0.12109816E+10
   0.35000000E+01   0.63095734E+13   0.40078112E+01   0.14360836E+16   0.10160394E+00   0.51686834E+03   0.15032637E+13   0.95031387E+16   0.25351478E-01   0.50506950E+03   0.60199549E+13   0.37789718E+01   0.16344581E+16   0.60722536E+13   0.38197088E+01   0.15964696E+16   0.12109816E+10
   0.35000000E+01   0.79432823E+13   0.40068084E+01   0.14360836E+16   0.10970941E+00   0.55810159E+03   0.18928711E+13   0.94978843E+16   0.27380748E-01   0.54534718E+03   0.75786276E+13   0.37780185E+01   0.16344581E+16   0.76444769E+13   0.38187467E+01   0.15964696E+16   0.12109816E+10
   0.35000000E+01   0.10000000E+14   0.40059386E+01   0.14360836E+16   0.11846150E+00   0.60262424E+03   0.23833924E+13   0.94933289E+16   0.29571471E-01   0.58883893E+03   0.95408759E+13   0.37771916E+01   0.16344581E+16   0.96237853E+13   0.38179123E+01   0.15964696E+16   0.12109816E+10
   0.35000000E+01   0.12589254E+14   0.40051761E+01   0.14360836E+16   0.12791178E+00   0.65069868E+03   0.30009646E+13   0.94893366E+16   0.31936618E-01   0.63580096E+03   0.12011195E+14   0.37764668E+01   0.16344581E+16   0.12115583E+14   0.38171809E+01   0.15964696E+16   0.12109816E+10
   0.35000000E+01   0.15848932E+14   0.40045117E+01   0.14360836E+16   0.13811597E+00   0.70260828E+03   0.37784861E+13   0.94858582E+16   0.34490089E-01   0.68651014E+03   0.15121137E+14   0.37758352E+01   0.16344581E+16   0.15252565E+14   0.38165435E+01   0.15964696E+16   0.12109816E+10
   0.35000000E+01   0.19952623E+14   0.40039289E+01   0.14360836E+16   0.14913419E+00   0.75865897E+03   0.47573793E+13   0.94828084E+16   0.37246962E-01   0.74126529E+03   0.19036315E+14   0.37752812E+01   0.16344581E+16   0.19201787E+14   0.38159845E+01   0.15964696E+16   0.12109816E+10
   0.35000000E+01   0.25118864E+14   0.40034201E+01   0.14360836E+16   0.16103139E+00   0.81918111E+03   0.59897874E+13   0.94801456E+16   0.40223456E-01   0.80038919E+03   0.23965226E+14   0.37747975E+01   0.16344581E+16   0.24173558E+14   0.38154964E+01   0.15964696E+16   0.12109816E+10
   0.35000000E+01   0.31622777E+14   0.40029736E+01   0.14360836E+16   0.17387770E+00   0.88453141E+03   0.75413603E+13   0.94778097E+16   0.43437133E-01   0.86423026E+03   0.30170350E+14   0.37743731E+01   0.16344581E+16   0.30432640E+14   0.38150681E+01   0.15964696E+16   0.12109816E+10
   0.35000000E+01   0.39810717E+14   0.40025832E+01   0.14360836E+16   0.18774882E+00   0.95509505E+03   0.94947422E+13   0.94757672E+16   0.46906913E-01   0.93316484E+03   0.37982129E+14   0.37740019E+01   0.16344581E+16   0.38312350E+14   0.38146935E+01   0.15964696E+16   0.12109816E+10
   0.35000000E+01   0.50118723E+14   0.40022413E+01   0.14360836E+16   0.20272651E+00   0.10312879E+04   0.11953979E+14   0.94739790E+16   0.50653246E-01   0.10075992E+04   0.47816567E+14   0.37736769E+01   0.16344581E+16   0.48232311E+14   0.38143656E+01   0.15964696E+16   0.12109816E+10
   0.35000000E+01   0.63095734E+14   0.40019427E+01   0.14360836E+16   0.21889905E+00   0.11135591E+04   0.15050056E+14   0.94724174E+16   0.54698198E-01   0.10879721E+04   0.60197381E+14   0.37733931E+01   0.16344581E+16   0.60720793E+14   0.38140791E+01   0.15964696E+16   0.12109816E+10
   0.35000000E+01   0.79432823E+14   0.40016820E+01   0.14360836E+16   0.23636176E+00   0.12023934E+04   0.18947874E+14   0.94710539E+16   0.59065603E-01   0.11747572E+04   0.75783891E+14   0.37731452E+01   0.16344581E+16   0.76442851E+14   0.38138290E+01   0.15964696E+16   0.12109816E+10
   0.35000000E+01   0.10000000E+15   0.40014547E+01   0.14360836E+16   0.25521756E+00   0.12983146E+04   0.23855031E+14   0.94698655E+16   0.63781194E-01   0.12684661E+04   0.95406133E+14   0.37729292E+01   0.16344581E+16   0.96235741E+14   0.38136110E+01   0.15964696E+16   0.12109816E+10
   0.35000000E+01   0.12589254E+15   0.40012568E+01   0.14360836E+16   0.27557758E+00   0.14018878E+04   0.30032879E+14   0.94688307E+16   0.68872755E-01   0.13696511E+04   0.12010906E+15   0.37727410E+01   0.16344581E+16   0.12115350E+15   0.38134212E+01   0.15964696E+16   0.12109816E+10
   0.35000000E+01   0.15848932E+15   0.40010848E+01   0.14360836E+16   0.29756183E+00   0.15137236E+04   0.37810440E+14   0.94679312E+16   0.74370288E-01   0.14789086E+04   0.15120819E+15   0.37725775E+01   0.16344581E+16   0.15252309E+15   0.38132561E+01   0.15964696E+16   0.12109816E+10
   0.35000000E+01   0.19952623E+15   0.40009354E+01   0.14360836E+16   0.32129987E+00   0.16344812E+04   0.47601928E+14   0.94671505E+16   0.80306187E-01   0.15968825E+04   0.19035965E+15   0.37724355E+01   0.16344581E+16   0.19201506E+15   0.38131129E+01   0.15964696E+16   0.12109816E+10
   0.35000000E+01   0.25118864E+15   0.40008060E+01   0.14360836E+16   0.34693162E+00   0.17648722E+04   0.59928810E+14   0.94664737E+16   0.86715432E-01   0.17242683E+04   0.23964842E+15   0.37723125E+01   0.16344581E+16   0.24173248E+15   0.38129887E+01   0.15964696E+16   0.12109816E+10
   0.35000000E+01   0.31622777E+15   0.40006940E+01   0.14360836E+16   0.37460814E+00   0.19056652E+04   0.75447571E+14   0.94658883E+16   0.93635791E-01   0.18618166E+04   0.30169927E+15   0.37722060E+01   0.16344581E+16   0.30432300E+15   0.38128813E+01   0.15964696E+16   0.12109816E+10
   0.35000000E+01   0.39810717E+15   0.40005971E+01   0.14360836E+16   0.40449257E+00   0.20576899E+04   0.94984683E+14   0.94653818E+16   0.10110805E+00   0.20103382E+04   0.37981665E+15   0.37721139E+01   0.16344581E+16   0.38311978E+15   0.38127883E+01   0.15964696E+16   0.12109816E+10
   0.35000000E+01   0.50118723E+15   0.40005136E+01   0.14360836E+16   0.43676103E+00   0.22218425E+04   0.11958060E+15   0.94649453E+16   0.10917624E+00   0.21707085E+04   0.47816059E+15   0.37720345E+01   0.16344581E+16   0.48231903E+15   0.38127082E+01   0.15964696E+16   0.12109816E+10
   0.35000000E+01   0.63095734E+15   0.40004415E+01   0.14360836E+16   0.47160371E+00   0.23990903E+04   0.15054521E+15   0.94645683E+16   0.11788792E+00   0.23438727E+04   0.60196825E+15   0.37719660E+01   0.16344581E+16   0.60720346E+15   0.38126390E+01   0.15964696E+16   0.12109816E+10
   0.35000000E+01   0.79432823E+15   0.40003796E+01   0.14360836E+16   0.50922598E+00   0.25904781E+04   0.18952751E+15   0.94642447E+16   0.12729441E+00   0.25308514E+04   0.75783284E+15   0.37719071E+01   0.16344581E+16   0.76442364E+15   0.38125796E+01   0.15964696E+16   0.12109816E+10
   0.35000000E+01   0.10000000E+16   0.40003261E+01   0.14360836E+16   0.54984956E+00   0.27971339E+04   0.23860352E+15   0.94639653E+16   0.13745118E+00   0.27327467E+04   0.95405471E+15   0.37718563E+01   0.16344581E+16   0.96235209E+15   0.38125284E+01   0.15964696E+16   0.12109816E+10
   0.35000000E+01   0.12589254E+16   0.40002804E+01   0.14360836E+16   0.59371390E+00   0.30202757E+04   0.30038674E+15   0.94637266E+16   0.14841807E+00   0.29507485E+04   0.12010834E+16   0.37718129E+01   0.16344581E+16   0.12115292E+16   0.38124846E+01   0.15964696E+16   0.12109816E+10
   0.35000000E+01   0.15848932E+16   0.40002410E+01   0.14360836E+16   0.64107752E+00   0.32612187E+04   0.37816745E+15   0.94635205E+16   0.16025972E+00   0.31861416E+04   0.15120740E+16   0.37717754E+01   0.16344581E+16   0.15252246E+16   0.38124467E+01   0.15964696E+16   0.12109816E+10
   0.35000000E+01   0.19952623E+16   0.40002074E+01   0.14360836E+16   0.69221958E+00   0.35213830E+04   0.47608777E+15   0.94633450E+16   0.17304592E+00   0.34403136E+04   0.19035880E+16   0.37717435E+01   0.16344581E+16   0.19201437E+16   0.38124145E+01   0.15964696E+16   0.12109816E+10
   0.35000000E+01   0.25118864E+16   0.40001785E+01   0.14360836E+16   0.74744151E+00   0.38023019E+04   0.59936242E+15   0.94631937E+16   0.18685204E+00   0.37147623E+04   0.23964749E+16   0.37717160E+01   0.16344581E+16   0.24173174E+16   0.38123867E+01   0.15964696E+16   0.12109816E+10
   0.35000000E+01   0.31622777E+16   0.40001539E+01   0.14360836E+16   0.80706878E+00   0.41056311E+04   0.75455625E+15   0.94630650E+16   0.20175944E+00   0.40111055E+04   0.30169827E+16   0.37716926E+01   0.16344581E+16   0.30432220E+16   0.38123631E+01   0.15964696E+16   0.12109816E+10
   0.35000000E+01   0.39810717E+16   0.40001326E+01   0.14360836E+16   0.87145283E+00   0.44331585E+04   0.94993403E+15   0.94629541E+16   0.21785598E+00   0.43310897E+04   0.37981557E+16   0.37716724E+01   0.16344581E+16   0.38311891E+16   0.38123428E+01   0.15964696E+16   0.12109816E+10
   0.35000000E+01   0.50118723E+16   0.40001146E+01   0.14360836E+16   0.94097312E+00   0.47868145E+04   0.11959003E+16   0.94628600E+16   0.23523654E+00   0.46766009E+04   0.47815942E+16   0.37716553E+01   0.16344581E+16   0.48231808E+16   0.38123255E+01   0.15964696E+16   0.12109816E+10
   0.35000000E+01   0.63095734E+16   0.40000991E+01   0.14360836E+16   0.10160394E+01   0.51686834E+04   0.15055540E+16   0.94627788E+16   0.25400356E+00   0.50496754E+04   0.60196699E+16   0.37716405E+01   0.16344581E+16   0.60720245E+16   0.38123106E+01   0.15964696E+16   0.12109816E+10
   0.35000000E+01   0.79432823E+16   0.40000860E+01   0.14360836E+16   0.10970941E+01   0.55810159E+04   0.18953851E+16   0.94627101E+16   0.27426763E+00   0.54525122E+04   0.75783148E+16   0.37716280E+01   0.16344581E+16   0.76442254E+16   0.38122980E+01   0.15964696E+16   0.12109816E+10
   0.35000000E+01   0.10000000E+17   0.40000746E+01   0.14360836E+16   0.11846150E+01   0.60262424E+04   0.23861538E+16   0.94626507E+16   0.29614822E+00   0.58874855E+04   0.95405324E+16   0.37716172E+01   0.16344581E+16   0.96235091E+16   0.38122871E+01   0.15964696E+16   0.12109816E+10
   0.35000000E+01   0.12589254E+17   0.40000650E+01   0.14360836E+16   0.12791178E+01   0.65069868E+04   0.30039953E+16   0.94626005E+16   0.31977426E+00   0.63571591E+04   0.12010818E+17   0.37716081E+01   0.16344581E+16   0.12115280E+17   0.38122779E+01   0.15964696E+16   0.12109816E+10
