         1        92   0.70000000E+00   0.31562220E+00   0.68437780E+00   0.82883870E+00   0.96580000E+00   0.22242000E-01  ---------------   0.27255000E+01  ---------------      0.67238290E+00                                 
   0.70000000E+00   0.10000000E+08   0.13986670E+02   0.92356339E+14   0.29567519E-02   0.38144134E+01   0.10888358E+07   0.11871416E+17   0.21139784E-03   0.47072376E+01   0.94247065E+07   0.12428334E+02   0.12406203E+15   0.10137980E+08   0.14384577E+02   0.86073584E+14   0.49117148E+10
   0.70000000E+00   0.12589254E+08   0.13852034E+02   0.92356339E+14   0.31926273E-02   0.41187088E+01   0.13773002E+07   0.11586876E+17   0.23048076E-03   0.50702826E+01   0.11862064E+08   0.12307682E+02   0.12406203E+15   0.12763708E+08   0.14246388E+02   0.86073584E+14   0.49117148E+10
   0.70000000E+00   0.15848932E+08   0.13717577E+02   0.92356339E+14   0.34473197E-02   0.44472795E+01   0.17422861E+07   0.11307035E+17   0.25130675E-03   0.54612601E+01   0.14929649E+08   0.12187179E+02   0.12406203E+15   0.16069510E+08   0.14108382E+02   0.86073584E+14   0.49117148E+10
   0.70000000E+00   0.19952623E+08   0.13581238E+02   0.92356339E+14   0.37223301E-02   0.48020619E+01   0.22042874E+07   0.11027660E+17   0.27407886E-03   0.58820883E+01   0.18790381E+08   0.12064995E+02   0.12406203E+15   0.20231529E+08   0.13968438E+02   0.86073584E+14   0.49117148E+10
   0.70000000E+00   0.25118864E+08   0.13444657E+02   0.92356339E+14   0.40192796E-02   0.51851472E+01   0.27890120E+07   0.10752183E+17   0.29894996E-03   0.63352118E+01   0.23649366E+08   0.11942599E+02   0.12406203E+15   0.25471474E+08   0.13828233E+02   0.86073584E+14   0.49117148E+10
   0.70000000E+00   0.31622777E+08   0.13308288E+02   0.92356339E+14   0.43399183E-02   0.55987932E+01   0.35290631E+07   0.10481491E+17   0.32610644E-03   0.68231549E+01   0.29764710E+08   0.11820396E+02   0.12406203E+15   0.32068591E+08   0.13688244E+02   0.86073584E+14   0.49117148E+10
   0.70000000E+00   0.39810717E+08   0.13171552E+02   0.92356339E+14   0.46861360E-02   0.60454378E+01   0.44658646E+07   0.10214415E+17   0.35577705E-03   0.73485053E+01   0.37461185E+08   0.11697869E+02   0.12406203E+15   0.40374418E+08   0.13547879E+02   0.86073584E+14   0.49117148E+10
   0.70000000E+00   0.50118723E+08   0.13033072E+02   0.92356339E+14   0.50599733E-02   0.65277136E+01   0.56521397E+07   0.99483348E+16   0.38824102E-03   0.79139069E+01   0.47147417E+08   0.11573784E+02   0.12406203E+15   0.50831596E+08   0.13405726E+02   0.86073584E+14   0.49117148E+10
   0.70000000E+00   0.63095734E+08   0.12894855E+02   0.92356339E+14   0.54636335E-02   0.70484630E+01   0.71540071E+07   0.96871463E+16   0.42370646E-03   0.85227027E+01   0.59338039E+08   0.11449947E+02   0.12406203E+15   0.63997429E+08   0.13263849E+02   0.86073584E+14   0.49117148E+10
   0.70000000E+00   0.79432823E+08   0.12756892E+02   0.92356339E+14   0.58994957E-02   0.76107553E+01   0.90555702E+07   0.94307790E+16   0.46245555E-03   0.91782124E+01   0.74680358E+08   0.11326341E+02   0.12406203E+15   0.80573405E+08   0.13122233E+02   0.86073584E+14   0.49117148E+10
   0.70000000E+00   0.10000000E+09   0.12616973E+02   0.92356339E+14   0.63701289E-02   0.82179045E+01   0.11464409E+08   0.91751728E+16   0.50488569E-03   0.98835852E+01   0.93988611E+08   0.11200984E+02   0.12406203E+15   0.10144291E+09   0.12978605E+02   0.86073584E+14   0.49117148E+10
   0.70000000E+00   0.12589254E+09   0.12476996E+02   0.92356339E+14   0.68783070E-02   0.88734892E+01   0.14515288E+08   0.89238620E+16   0.55127910E-03   0.10642956E+02   0.11828822E+09   0.11075580E+02   0.12406203E+15   0.12771803E+09   0.12834916E+02   0.86073584E+14   0.49117148E+10
   0.70000000E+00   0.15848932E+09   0.12337314E+02   0.92356339E+14   0.74270251E-02   0.95813732E+01   0.18379447E+08   0.86774358E+16   0.60199692E-03   0.11460519E+02   0.14886940E+09   0.10950444E+02   0.12406203E+15   0.16079893E+09   0.12691529E+02   0.86073584E+14   0.49117148E+10
   0.70000000E+00   0.19952623E+09   0.12196180E+02   0.92356339E+14   0.80195172E-02   0.10345729E+02   0.23275816E+08   0.84328318E+16   0.65754339E-03   0.12340293E+02   0.18735494E+09   0.10824009E+02   0.12406203E+15   0.20244866E+09   0.12546648E+02   0.86073584E+14   0.49117148E+10
   0.70000000E+00   0.25118864E+09   0.12054441E+02   0.92356339E+14   0.86592755E-02   0.11171061E+02   0.29480144E+08   0.81915851E+16   0.71834732E-03   0.13287179E+02   0.23578784E+09   0.10697037E+02   0.12406203E+15   0.25488677E+09   0.12401145E+02   0.86073584E+14   0.49117148E+10
   0.70000000E+00   0.31622777E+09   0.11913159E+02   0.92356339E+14   0.93500706E-02   0.12062234E+02   0.37341185E+08   0.79554735E+16   0.78485231E-03   0.14306562E+02   0.29673942E+09   0.10570478E+02   0.12406203E+15   0.32090771E+09   0.12256109E+02   0.86073584E+14   0.49117148E+10
   0.70000000E+00   0.39810717E+09   0.11770710E+02   0.92356339E+14   0.10095974E-01   0.13024501E+02   0.47305593E+08   0.77217831E+16   0.85772003E-03   0.15403474E+02   0.37344338E+09   0.10442878E+02   0.12406203E+15   0.40403018E+09   0.12109872E+02   0.86073584E+14   0.49117148E+10
   0.70000000E+00   0.50118723E+09   0.11627361E+02   0.92356339E+14   0.10901382E-01   0.14063533E+02   0.59937684E+08   0.74910125E+16   0.93756287E-03   0.16583836E+02   0.46996999E+09   0.10314475E+02   0.12406203E+15   0.50868419E+09   0.11962708E+02   0.86073584E+14   0.49117148E+10
   0.70000000E+00   0.63095734E+09   0.11484425E+02   0.92356339E+14   0.11771041E-01   0.15185453E+02   0.75949786E+08   0.72652634E+16   0.10249570E-02   0.17854416E+02   0.59144273E+09   0.10186448E+02   0.12406203E+15   0.64044702E+09   0.11815966E+02   0.86073584E+14   0.49117148E+10
   0.70000000E+00   0.79432823E+09   0.11340230E+02   0.92356339E+14   0.12710078E-01   0.16396875E+02   0.96255861E+08   0.70419004E+16   0.11207954E-02   0.19221427E+02   0.74430589E+09   0.10057305E+02   0.12406203E+15   0.80634352E+09   0.11667940E+02   0.86073584E+14   0.49117148E+10
   0.70000000E+00   0.10000000E+10   0.11195534E+02   0.92356339E+14   0.13724027E-01   0.17704939E+02   0.12200821E+09   0.68221399E+16   0.12258483E-02   0.20692424E+02   0.93667007E+09   0.99277230E+01   0.12406203E+15   0.10152157E+10   0.11519400E+02   0.86073584E+14   0.49117148E+10
   0.70000000E+00   0.12589254E+10   0.11051309E+02   0.92356339E+14   0.14818863E-01   0.19117353E+02   0.15466566E+09   0.66074236E+16   0.13409147E-02   0.22275710E+02   0.11787425E+10   0.97985688E+01   0.12406203E+15   0.12781955E+10   0.11371343E+02   0.86073584E+14   0.49117148E+10
   0.70000000E+00   0.15848932E+10   0.10905377E+02   0.92356339E+14   0.16001040E-01   0.20642443E+02   0.19610534E+09   0.63945287E+16   0.14672616E-02   0.23978728E+02   0.14833572E+10   0.96678937E+01   0.12406203E+15   0.16093028E+10   0.11221533E+02   0.86073584E+14   0.49117148E+10
   0.70000000E+00   0.19952623E+10   0.10759362E+02   0.92356339E+14   0.17277526E-01   0.22289197E+02   0.24868180E+09   0.61858688E+16   0.16058132E-02   0.25811289E+02   0.18666676E+10   0.95371397E+01   0.12406203E+15   0.20261756E+10   0.11071620E+02   0.86073584E+14   0.49117148E+10
   0.70000000E+00   0.25118864E+10   0.10613659E+02   0.92356339E+14   0.18655843E-01   0.24067321E+02   0.31539215E+09   0.59819584E+16   0.17577202E-02   0.27783424E+02   0.23490028E+10   0.94066631E+01   0.12406203E+15   0.25510382E+10   0.10922022E+02   0.86073584E+14   0.49117148E+10
   0.70000000E+00   0.31622777E+10   0.10465966E+02   0.92356339E+14   0.20144116E-01   0.25987296E+02   0.40009556E+09   0.57796136E+16   0.19247259E-02   0.29904230E+02   0.29559275E+10   0.92744152E+01   0.12406203E+15   0.32118755E+10   0.10770384E+02   0.86073584E+14   0.49117148E+10
   0.70000000E+00   0.39810717E+10   0.10318952E+02   0.92356339E+14   0.21751117E-01   0.28060437E+02   0.50760473E+09   0.55825098E+16   0.21078804E-02   0.32186596E+02   0.37196594E+10   0.91428006E+01   0.12406203E+15   0.40439314E+10   0.10619460E+02   0.86073584E+14   0.49117148E+10
   0.70000000E+00   0.50118723E+10   0.10171068E+02   0.92356339E+14   0.23486315E-01   0.30298963E+02   0.64413131E+09   0.53885415E+16   0.23091296E-02   0.34641625E+02   0.46806519E+10   0.90104118E+01   0.12406203E+15   0.50915487E+10   0.10467641E+02   0.86073584E+14   0.49117148E+10
   0.70000000E+00   0.63095734E+10   0.10022596E+02   0.92356339E+14   0.25359940E-01   0.32716067E+02   0.81753593E+09   0.51980991E+16   0.25302767E-02   0.37282465E+02   0.58897992E+10   0.88774789E+01   0.12406203E+15   0.64105301E+10   0.10315187E+02   0.86073584E+14   0.49117148E+10
   0.70000000E+00   0.79432823E+10   0.98746857E+01   0.92356339E+14   0.27383033E-01   0.35325997E+02   0.10377628E+10   0.50126226E+16   0.27730537E-02   0.40124081E+02   0.74112565E+10   0.87450676E+01   0.12406203E+15   0.80712383E+10   0.10163320E+02   0.86073584E+14   0.49117148E+10
   0.70000000E+00   0.10000000E+11   0.97249673E+01   0.92356339E+14   0.29567519E-01   0.38144134E+02   0.13176779E+10   0.48291513E+16   0.30403721E-02   0.43179387E+02   0.93256425E+10   0.86110679E+01   0.12406203E+15   0.10162283E+11   0.10009618E+02   0.86073584E+14   0.49117148E+10
   0.70000000E+00   0.12589254E+11   0.95760984E+01   0.92356339E+14   0.31926273E-01   0.41187088E+02   0.16733165E+10   0.46509428E+16   0.33339541E-02   0.46466979E+02   0.11734275E+11   0.84778026E+01   0.12406203E+15   0.12794982E+11   0.98567583E+01   0.86073584E+14   0.49117148E+10
   0.70000000E+00   0.15848932E+11   0.94260589E+01   0.92356339E+14   0.34473197E-01   0.44472795E+02   0.21254896E+10   0.44755511E+16   0.36572227E-02   0.50002186E+02   0.14764818E+11   0.83435101E+01   0.12406203E+15   0.16109805E+11   0.97026981E+01   0.86073584E+14   0.49117148E+10
   0.70000000E+00   0.19952623E+11   0.92761610E+01   0.92356339E+14   0.37223301E-01   0.48020619E+02   0.27003620E+10   0.43045120E+16   0.40127916E-02   0.53805032E+02   0.18577871E+11   0.82093646E+01   0.12406203E+15   0.20283631E+11   0.95488072E+01   0.86073584E+14   0.49117148E+10
   0.70000000E+00   0.25118864E+11   0.91259150E+01   0.92356339E+14   0.40192796E-01   0.51851472E+02   0.34314973E+10   0.41372332E+16   0.44042484E-02   0.57895010E+02   0.23375055E+11   0.80748893E+01   0.12406203E+15   0.25538579E+11   0.93945129E+01   0.86073584E+14   0.49117148E+10
   0.70000000E+00   0.31622777E+11   0.89752057E+01   0.92356339E+14   0.43399183E-01   0.55987932E+02   0.43616561E+10   0.39735781E+16   0.48354527E-02   0.62293444E+02   0.29410853E+11   0.79400439E+01   0.12406203E+15   0.32155489E+11   0.92397820E+01   0.86073584E+14   0.49117148E+10
   0.70000000E+00   0.39810717E+11   0.88247354E+01   0.92356339E+14   0.46861360E-01   0.60454378E+02   0.55451064E+10   0.38142755E+16   0.53102283E-02   0.67024495E+02   0.37004116E+11   0.78053848E+01   0.12406203E+15   0.40486555E+11   0.90852646E+01   0.86073584E+14   0.49117148E+10
   0.70000000E+00   0.50118723E+11   0.86734751E+01   0.92356339E+14   0.50599733E-01   0.65277136E+02   0.70516830E+10   0.36582155E+16   0.58338477E-02   0.72111421E+02   0.46557441E+11   0.76700604E+01   0.12406203E+15   0.50976703E+11   0.89299561E+01   0.86073584E+14   0.49117148E+10
   0.70000000E+00   0.63095734E+11   0.85228796E+01   0.92356339E+14   0.54636335E-01   0.70484630E+02   0.89693793E+10   0.35068609E+16   0.64105487E-02   0.77583398E+02   0.58575520E+11   0.75353082E+01   0.12406203E+15   0.64184614E+11   0.87753061E+01   0.86073584E+14   0.49117148E+10
   0.70000000E+00   0.79432823E+11   0.83713921E+01   0.92356339E+14   0.58994957E-01   0.76107553E+02   0.11412210E+11   0.33586125E+16   0.70472099E-02   0.83466361E+02   0.73695056E+11   0.73997960E+01   0.12406203E+15   0.80815794E+11   0.86197639E+01   0.86073584E+14   0.49117148E+10
   0.70000000E+00   0.10000000E+12   0.82206715E+01   0.92356339E+14   0.63701289E-01   0.82179045E+02   0.14523438E+11   0.32150551E+16   0.77489156E-02   0.89794443E+02   0.92714780E+11   0.72649545E+01   0.12406203E+15   0.10175547E+12   0.84649713E+01   0.86073584E+14   0.49117148E+10
   0.70000000E+00   0.12589254E+12   0.80691961E+01   0.92356339E+14   0.68783070E-01   0.88734892E+02   0.18489028E+11   0.30746946E+16   0.85241540E-02   0.96597659E+02   0.11664143E+12   0.71294686E+01   0.12406203E+15   0.12812323E+12   0.83094416E+01   0.86073584E+14   0.49117148E+10
   0.70000000E+00   0.15848932E+12   0.79184500E+01   0.92356339E+14   0.74270251E-01   0.95813732E+02   0.23542997E+11   0.29388633E+16   0.93793925E-02   0.10391512E+03   0.14674011E+12   0.69946460E+01   0.12406203E+15   0.16132266E+12   0.81546297E+01   0.86073584E+14   0.49117148E+10
   0.70000000E+00   0.19952623E+12   0.77672973E+01   0.92356339E+14   0.80195172E-01   0.10345729E+03   0.29988533E+11   0.28064810E+16   0.10324720E-01   0.11178246E+03   0.18459933E+12   0.68594493E+01   0.12406203E+15   0.20312576E+12   0.79993962E+01   0.86073584E+14   0.49117148E+10
   0.70000000E+00   0.25118864E+12   0.76166733E+01   0.92356339E+14   0.86592755E-01   0.11171061E+03   0.38209299E+11   0.26783181E+16   0.11368842E-01   0.12024350E+03   0.23222324E+12   0.67247556E+01   0.12406203E+15   0.25576499E+12   0.78447295E+01   0.86073584E+14   0.49117148E+10
   0.70000000E+00   0.31622777E+12   0.74661797E+01   0.92356339E+14   0.93500706E-01   0.12062234E+03   0.48699312E+11   0.25539667E+16   0.12523233E-01   0.12934165E+03   0.29212613E+12   0.65901887E+01   0.12406203E+15   0.32204471E+12   0.76901729E+01   0.86073584E+14   0.49117148E+10
   0.70000000E+00   0.39810717E+12   0.73159376E+01   0.92356339E+14   0.10095974E+00   0.13024501E+03   0.62089577E+11   0.24334687E+16   0.13799973E-01   0.13912508E+03   0.36747176E+12   0.64558574E+01   0.12406203E+15   0.40550151E+12   0.75358647E+01   0.86073584E+14   0.49117148E+10
   0.70000000E+00   0.50118723E+12   0.71667998E+01   0.92356339E+14   0.10901382E+00   0.14063533E+03   0.79182815E+11   0.23174152E+16   0.15210948E-01   0.14964856E+03   0.46223806E+12   0.63225138E+01   0.12406203E+15   0.51058987E+12   0.73826953E+01   0.86073584E+14   0.49117148E+10
   0.70000000E+00   0.63095734E+12   0.70174482E+01   0.92356339E+14   0.11771041E+00   0.15185453E+03   0.10102194E+12   0.22047048E+16   0.16773963E-01   0.16096269E+03   0.58142879E+12   0.61890027E+01   0.12406203E+15   0.64292018E+12   0.72293155E+01   0.86073584E+14   0.49117148E+10
   0.70000000E+00   0.79432823E+12   0.68693593E+01   0.92356339E+14   0.12710078E+00   0.16396875E+03   0.12892066E+12   0.20963717E+16   0.18502567E-01   0.17313324E+03   0.73133632E+12   0.60566325E+01   0.12406203E+15   0.80955060E+12   0.70772278E+01   0.86073584E+14   0.49117148E+10
   0.70000000E+00   0.10000000E+13   0.67213852E+01   0.92356339E+14   0.13724027E+00   0.17704939E+03   0.16459010E+12   0.19914856E+16   0.20418450E-01   0.18621972E+03   0.91986482E+12   0.59243776E+01   0.12406203E+15   0.10193705E+13   0.69252440E+01   0.86073584E+14   0.49117148E+10
   0.70000000E+00   0.12589254E+13   0.65745468E+01   0.92356339E+14   0.14818863E+00   0.19117353E+03   0.21019607E+12   0.18906849E+16   0.22539748E-01   0.20029632E+03   0.11569624E+13   0.57931510E+01   0.12406203E+15   0.12835784E+13   0.67744218E+01   0.86073584E+14   0.49117148E+10
   0.70000000E+00   0.15848932E+13   0.64293165E+01   0.92356339E+14   0.16001040E+00   0.20642443E+03   0.26851584E+12   0.17941610E+16   0.24887623E-01   0.21544104E+03   0.14551364E+13   0.56633750E+01   0.12406203E+15   0.16162751E+13   0.66252486E+01   0.86073584E+14   0.49117148E+10
   0.70000000E+00   0.19952623E+13   0.62843798E+01   0.92356339E+14   0.17277526E+00   0.22289197E+03   0.34316568E+12   0.17009369E+16   0.27492810E-01   0.23172749E+03   0.18300927E+13   0.55338756E+01   0.12406203E+15   0.20352222E+13   0.64763748E+01   0.86073584E+14   0.49117148E+10
   0.70000000E+00   0.25118864E+13   0.61410401E+01   0.92356339E+14   0.18655843E+00   0.24067321E+03   0.43870729E+12   0.16117502E+16   0.30378964E-01   0.24925056E+03   0.23016040E+13   0.54058179E+01   0.12406203E+15   0.25627792E+13   0.63291386E+01   0.86073584E+14   0.49117148E+10
   0.70000000E+00   0.31622777E+13   0.59996176E+01   0.92356339E+14   0.20144116E+00   0.25987296E+03   0.56101179E+12   0.15266511E+16   0.33575667E-01   0.26810744E+03   0.28945221E+13   0.52794879E+01   0.12406203E+15   0.32271058E+13   0.61838685E+01   0.86073584E+14   0.49117148E+10
   0.70000000E+00   0.39810717E+13   0.58594300E+01   0.92356339E+14   0.21751117E+00   0.28060437E+03   0.71768367E+12   0.14450945E+16   0.37121558E-01   0.28839561E+03   0.36400660E+13   0.51542768E+01   0.12406203E+15   0.40636710E+13   0.60398639E+01   0.86073584E+14   0.49117148E+10
   0.70000000E+00   0.50118723E+13   0.57212599E+01   0.92356339E+14   0.23486315E+00   0.30298963E+03   0.91838371E+12   0.13674023E+16   0.41050950E-01   0.31023135E+03   0.45775167E+13   0.50308836E+01   0.12406203E+15   0.51171324E+13   0.58979285E+01   0.86073584E+14   0.49117148E+10
   0.70000000E+00   0.63095734E+13   0.55857027E+01   0.92356339E+14   0.25359940E+00   0.32716067E+03   0.11754831E+13   0.12937397E+16   0.45401522E-01   0.33373994E+03   0.57562640E+13   0.49098399E+01   0.12406203E+15   0.64437260E+13   0.57586733E+01   0.86073584E+14   0.49117148E+10
   0.70000000E+00   0.79432823E+13   0.54522856E+01   0.92356339E+14   0.27383033E+00   0.35325997E+03   0.15049981E+13   0.12236828E+16   0.50223036E-01   0.35904733E+03   0.72383526E+13   0.47907236E+01   0.12406203E+15   0.81142742E+13   0.56216106E+01   0.86073584E+14   0.49117148E+10
   0.70000000E+00   0.10000000E+14   0.53215228E+01   0.92356339E+14   0.29567519E+00   0.38144134E+03   0.19273283E+13   0.11573390E+16   0.55562140E-01   0.38629899E+03   0.91018016E+13   0.46739887E+01   0.12406203E+15   0.10217934E+14   0.54872646E+01   0.86073584E+14   0.49117148E+10
   0.70000000E+00   0.12589254E+14   0.51945561E+01   0.92356339E+14   0.31926273E+00   0.41187088E+03   0.24683501E+13   0.10950884E+16   0.61461022E-01   0.41566044E+03   0.11444793E+14   0.45606531E+01   0.12406203E+15   0.12867016E+14   0.53568152E+01   0.86073584E+14   0.49117148E+10
   0.70000000E+00   0.15848932E+14   0.50712164E+01   0.92356339E+14   0.34473197E+00   0.44472795E+03   0.31614886E+13   0.10366333E+16   0.67978161E-01   0.44729733E+03   0.14390738E+14   0.44505714E+01   0.12406203E+15   0.16202944E+14   0.52300887E+01   0.86073584E+14   0.49117148E+10
   0.70000000E+00   0.19952623E+14   0.49517314E+01   0.92356339E+14   0.37223301E+00   0.48020619E+03   0.40493757E+13   0.98187547E+15   0.75172295E-01   0.48139363E+03   0.18094865E+14   0.43439499E+01   0.12406203E+15   0.20403851E+14   0.51073240E+01   0.86073584E+14   0.49117148E+10
   0.70000000E+00   0.25118864E+14   0.48374194E+01   0.92356339E+14   0.40192796E+00   0.51851472E+03   0.51856043E+13   0.93118866E+15   0.83087269E-01   0.51816449E+03   0.22752575E+14   0.42419597E+01   0.12406203E+15   0.25693895E+14   0.49898711E+01   0.86073584E+14   0.49117148E+10
   0.70000000E+00   0.31622777E+14   0.47284257E+01   0.92356339E+14   0.43399183E+00   0.55987932E+03   0.66389042E+13   0.88438874E+15   0.91783578E-01   0.55782877E+03   0.28609496E+14   0.41447269E+01   0.12406203E+15   0.32355365E+14   0.48778781E+01   0.86073584E+14   0.49117148E+10
   0.70000000E+00   0.39810717E+14   0.46264179E+01   0.92356339E+14   0.46861360E+00   0.60454378E+03   0.84945616E+13   0.84192350E+15   0.10129081E+00   0.60064888E+03   0.35975350E+14   0.40537393E+01   0.12406203E+15   0.40743639E+14   0.47730619E+01   0.86073584E+14   0.49117148E+10
   0.70000000E+00   0.50118723E+14   0.45314268E+01   0.92356339E+14   0.50599733E+00   0.65277136E+03   0.10861707E+14   0.80352631E+15   0.11166402E+00   0.64688581E+03   0.45239723E+14   0.39690286E+01   0.12406203E+15   0.51306469E+14   0.46754629E+01   0.86073584E+14   0.49117148E+10
   0.70000000E+00   0.63095734E+14   0.44452456E+01   0.92356339E+14   0.54636335E+00   0.70484630E+03   0.13873989E+14   0.76963658E+15   0.12290960E+00   0.69685588E+03   0.56893880E+14   0.38921857E+01   0.12406203E+15   0.64606035E+14   0.45868978E+01   0.86073584E+14   0.49117148E+10
   0.70000000E+00   0.79432823E+14   0.43679497E+01   0.92356339E+14   0.58994957E+00   0.76107553E+03   0.17701134E+14   0.73999889E+15   0.13506327E+00   0.75087409E+03   0.71554700E+14   0.38232524E+01   0.12406203E+15   0.81351571E+14   0.45074600E+01   0.86073584E+14   0.49117148E+10
   0.70000000E+00   0.10000000E+15   0.43006548E+01   0.92356339E+14   0.63701289E+00   0.82179045E+03   0.22551111E+14   0.71477410E+15   0.14811998E+00   0.80930526E+03   0.90004408E+14   0.37632678E+01   0.12406203E+15   0.10243572E+15   0.44383070E+01   0.86073584E+14   0.49117148E+10
   0.70000000E+00   0.12589254E+15   0.42430026E+01   0.92356339E+14   0.68783070E+00   0.88734892E+03   0.28686974E+14   0.69358825E+15   0.16210942E+00   0.87251609E+03   0.11322253E+15   0.37118765E+01   0.12406203E+15   0.12898128E+15   0.43790624E+01   0.86073584E+14   0.49117148E+10
   0.70000000E+00   0.15848932E+15   0.41948014E+01   0.92356339E+14   0.74270251E+00   0.95813732E+03   0.36435701E+14   0.67617395E+15   0.17705308E+00   0.94090771E+03   0.14244578E+15   0.36689113E+01   0.12406203E+15   0.16240147E+15   0.43295258E+01   0.86073584E+14   0.49117148E+10
   0.70000000E+00   0.19952623E+15   0.41550261E+01   0.92356339E+14   0.80195172E+00   0.10345729E+04   0.46210896E+14   0.66200726E+15   0.19300763E+00   0.10148928E+04   0.17923038E+15   0.36334588E+01   0.12406203E+15   0.20447589E+15   0.42886447E+01   0.86073584E+14   0.49117148E+10
   0.70000000E+00   0.25118864E+15   0.41226346E+01   0.92356339E+14   0.86592755E+00   0.11171061E+04   0.58532386E+14   0.65060568E+15   0.21004227E+00   0.10949139E+04   0.22553345E+15   0.36045781E+01   0.12406203E+15   0.25744530E+15   0.42553515E+01   0.86073584E+14   0.49117148E+10
   0.70000000E+00   0.31622777E+15   0.40965043E+01   0.92356339E+14   0.93500706E+00   0.12062234E+04   0.74055391E+14   0.64149609E+15   0.22824511E+00   0.11814431E+04   0.28382737E+15   0.35813007E+01   0.12406203E+15   0.32413298E+15   0.42285042E+01   0.86073584E+14   0.49117148E+10
   0.70000000E+00   0.39810717E+15   0.40755551E+01   0.92356339E+14   0.10095974E+01   0.13024501E+04   0.93605776E+14   0.63424937E+15   0.24772022E+00   0.12749871E+04   0.35720785E+15   0.35626217E+01   0.12406203E+15   0.40808431E+15   0.42069661E+01   0.86073584E+14   0.49117148E+10
   0.70000000E+00   0.50118723E+15   0.40588828E+01   0.92356339E+14   0.10901382E+01   0.14063533E+04   0.11822276E+15   0.62851803E+15   0.26858085E+00   0.13760944E+04   0.44959553E+15   0.35477781E+01   0.12406203E+15   0.51377663E+15   0.41898348E+01   0.86073584E+14   0.49117148E+10
   0.70000000E+00   0.63095734E+15   0.40456847E+01   0.92356339E+14   0.11771041E+01   0.15185453E+04   0.14921547E+15   0.62400351E+15   0.29095301E+00   0.14853565E+04   0.56589626E+15   0.35360109E+01   0.12406203E+15   0.64683645E+15   0.41762755E+01   0.86073584E+14   0.49117148E+10
   0.70000000E+00   0.79432823E+15   0.40352960E+01   0.92356339E+14   0.12710078E+01   0.16396875E+04   0.18823192E+15   0.62046393E+15   0.31497264E+00   0.16034131E+04   0.71231092E+15   0.35267489E+01   0.12406203E+15   0.81434580E+15   0.41655973E+01   0.86073584E+14   0.49117148E+10
   0.70000000E+00   0.10000000E+16   0.40271668E+01   0.92356339E+14   0.13724027E+01   0.17704939E+04   0.23734693E+15   0.61770279E+15   0.34078615E+00   0.17309561E+04   0.89663746E+15   0.35195018E+01   0.12406203E+15   0.10252203E+16   0.41572323E+01   0.86073584E+14   0.49117148E+10
   0.70000000E+00   0.12589254E+16   0.40208383E+01   0.92356339E+14   0.14818863E+01   0.19117353E+04   0.29917300E+15   0.61555847E+15   0.36855158E+00   0.18687330E+04   0.11287015E+16   0.35138692E+01   0.12406203E+15   0.12907050E+16   0.41507306E+01   0.86073584E+14   0.49117148E+10
   0.70000000E+00   0.15848932E+16   0.40159360E+01   0.92356339E+14   0.16001040E+01   0.20642443E+04   0.37699932E+15   0.61390052E+15   0.39843863E+00   0.20175521E+04   0.14208552E+16   0.35095061E+01   0.12406203E+15   0.16249297E+16   0.41456940E+01   0.86073584E+14   0.49117148E+10
   0.70000000E+00   0.19952623E+16   0.40121559E+01   0.92356339E+14   0.17277526E+01   0.22289197E+04   0.47496706E+15   0.61262397E+15   0.43062948E+00   0.21782869E+04   0.17886539E+16   0.35061395E+01   0.12406203E+15   0.20456929E+16   0.41418104E+01   0.86073584E+14   0.49117148E+10
   0.70000000E+00   0.25118864E+16   0.40092532E+01   0.92356339E+14   0.18655843E+01   0.24067321E+04   0.59829001E+15   0.61164483E+15   0.46531966E+00   0.23518812E+04   0.22516832E+16   0.35035517E+01   0.12406203E+15   0.25754014E+16   0.41388283E+01   0.86073584E+14   0.49117148E+10
   0.70000000E+00   0.31622777E+16   0.40070326E+01   0.92356339E+14   0.20144116E+01   0.25987296E+04   0.75353226E+15   0.61089638E+15   0.50271906E+00   0.25393552E+04   0.28346061E+16   0.35015720E+01   0.12406203E+15   0.32422640E+16   0.41365468E+01   0.86073584E+14   0.49117148E+10
   0.70000000E+00   0.39810717E+16   0.40053392E+01   0.92356339E+14   0.21751117E+01   0.28060437E+04   0.94895782E+15   0.61032603E+15   0.54305305E+00   0.27418111E+04   0.35684663E+16   0.35000623E+01   0.12406203E+15   0.40817933E+16   0.41348070E+01   0.86073584E+14   0.49117148E+10
   0.70000000E+00   0.50118723E+16   0.40040514E+01   0.92356339E+14   0.23486315E+01   0.30298963E+04   0.11949708E+16   0.60989251E+15   0.58656379E+00   0.29604397E+04   0.44923455E+16   0.34989143E+01   0.12406203E+15   0.51386969E+16   0.41334839E+01   0.86073584E+14   0.49117148E+10
   0.70000000E+00   0.63095734E+16   0.40030742E+01   0.92356339E+14   0.25359940E+01   0.32716067E+04   0.15046693E+16   0.60956369E+15   0.63351161E+00   0.31965275E+04   0.56554443E+16   0.34980432E+01   0.12406203E+15   0.64692588E+16   0.41324800E+01   0.86073584E+14   0.49117148E+10
   0.70000000E+00   0.79432823E+16   0.40023341E+01   0.92356339E+14   0.27383033E+01   0.35325997E+04   0.18945433E+16   0.60931470E+15   0.68417660E+00   0.34514641E+04   0.71197029E+16   0.34973834E+01   0.12406203E+15   0.81443358E+16   0.41317196E+01   0.86073584E+14   0.49117148E+10
   0.70000000E+00   0.10000000E+17   0.40017743E+01   0.92356339E+14   0.29567519E+01   0.38144134E+04   0.23853525E+16   0.60912639E+15   0.73886025E+00   0.37267506E+04   0.89630989E+16   0.34968843E+01   0.12406203E+15   0.10253132E+17   0.41311444E+01   0.86073584E+14   0.49117148E+10
   0.70000000E+00   0.12589254E+17   0.40013510E+01   0.92356339E+14   0.31926273E+01   0.41187088E+04   0.30032320E+16   0.60898407E+15   0.79788733E+00   0.40240082E+04   0.11283801E+17   0.34965070E+01   0.12406203E+15   0.12907948E+17   0.41307096E+01   0.86073584E+14   0.49117148E+10
