         1        92   0.50000000E+00   0.31562220E+00   0.68437780E+00   0.82883870E+00   0.96580000E+00   0.22242000E-01  ---------------   0.27255000E+01  ---------------      0.67238290E+00                                 
   0.50000000E+00   0.10000000E+08   0.16131137E+02   0.67792646E+14   0.32777533E-02   0.36228226E+01   0.10169543E+07   0.12485598E+17   0.20319419E-03   0.46401315E+01   0.93401761E+07   0.13987685E+02   0.97116948E+14   0.10252361E+08   0.17024257E+02   0.59128505E+14   0.57838999E+10
   0.50000000E+00   0.12589254E+08   0.15976154E+02   0.67792646E+14   0.35392366E-02   0.39118339E+01   0.12860626E+07   0.12184053E+17   0.22153246E-03   0.49974399E+01   0.11755277E+08   0.13851997E+02   0.97116948E+14   0.12908222E+08   0.16861244E+02   0.59128505E+14   0.57838999E+10
   0.50000000E+00   0.15848932E+08   0.15817515E+02   0.67792646E+14   0.38215798E-02   0.42239011E+01   0.16266564E+07   0.11880194E+17   0.24160432E-03   0.53818399E+01   0.14794691E+08   0.13713113E+02   0.97116948E+14   0.16252150E+08   0.16694385E+02   0.59128505E+14   0.57838999E+10
   0.50000000E+00   0.19952623E+08   0.15658188E+02   0.67792646E+14   0.41264469E-02   0.45608635E+01   0.20576252E+07   0.11579871E+17   0.26353286E-03   0.57956340E+01   0.18619855E+08   0.13573633E+02   0.97116948E+14   0.20462382E+08   0.16526801E+02   0.59128505E+14   0.57838999E+10
   0.50000000E+00   0.25118864E+08   0.15498705E+02   0.67792646E+14   0.44556349E-02   0.49247071E+01   0.26029598E+07   0.11284092E+17   0.28748434E-03   0.62411100E+01   0.23433929E+08   0.13434029E+02   0.97116948E+14   0.25763394E+08   0.16359059E+02   0.59128505E+14   0.57838999E+10
   0.50000000E+00   0.31622777E+08   0.15337481E+02   0.67792646E+14   0.48110839E-02   0.53175764E+01   0.32932259E+07   0.10989973E+17   0.31368149E-03   0.67204990E+01   0.29492437E+08   0.13292912E+02   0.97116948E+14   0.32437824E+08   0.16189490E+02   0.59128505E+14   0.57838999E+10
   0.50000000E+00   0.39810717E+08   0.15175541E+02   0.67792646E+14   0.51948889E-02   0.57417869E+01   0.41669300E+07   0.10699457E+17   0.34231984E-03   0.72364784E+01   0.37117024E+08   0.13151171E+02   0.97116948E+14   0.40841465E+08   0.16019164E+02   0.59128505E+14   0.57838999E+10
   0.50000000E+00   0.50118723E+08   0.15013865E+02   0.67792646E+14   0.56093120E-02   0.61998389E+01   0.52727741E+07   0.10414289E+17   0.37360880E-03   0.77919514E+01   0.46712525E+08   0.13009666E+02   0.97116948E+14   0.51422314E+08   0.15849112E+02   0.59128505E+14   0.57838999E+10
   0.50000000E+00   0.63095734E+08   0.14852006E+02   0.67792646E+14   0.60567958E-02   0.66944320E+01   0.66726345E+07   0.10133644E+17   0.40780995E-03   0.83898648E+01   0.58788285E+08   0.12868005E+02   0.97116948E+14   0.64744383E+08   0.15678856E+02   0.59128505E+14   0.57838999E+10
   0.50000000E+00   0.79432823E+08   0.14687905E+02   0.67792646E+14   0.65399777E-02   0.72284814E+01   0.84454166E+07   0.98540234E+16   0.44526280E-03   0.90331149E+01   0.73984962E+08   0.12724386E+02   0.97116948E+14   0.81518145E+08   0.15506240E+02   0.59128505E+14   0.57838999E+10
   0.50000000E+00   0.10000000E+09   0.14524151E+02   0.67792646E+14   0.70617054E-02   0.78051347E+01   0.10689939E+08   0.95798885E+16   0.48620436E-03   0.97255327E+01   0.93109422E+08   0.12581077E+02   0.97116948E+14   0.10263781E+09   0.15333987E+02   0.59128505E+14   0.57838999E+10
   0.50000000E+00   0.12589254E+09   0.14361060E+02   0.67792646E+14   0.76250541E-02   0.84277906E+01   0.13531810E+08   0.93116875E+16   0.53095342E-03   0.10470922E+02   0.11717678E+09   0.12438353E+02   0.97116948E+14   0.12922937E+09   0.15162430E+02   0.59128505E+14   0.57838999E+10
   0.50000000E+00   0.15848932E+09   0.14195064E+02   0.67792646E+14   0.82333441E-02   0.91001190E+01   0.17132350E+08   0.90436128E+16   0.58001458E-03   0.11272603E+02   0.14746320E+09   0.12293091E+02   0.97116948E+14   0.16271109E+09   0.14987814E+02   0.59128505E+14   0.57838999E+10
   0.50000000E+00   0.19952623E+09   0.14029428E+02   0.67792646E+14   0.88901604E-02   0.98260824E+01   0.21692612E+08   0.87810141E+16   0.63367948E-03   0.12135462E+02   0.18557648E+09   0.12148149E+02   0.97116948E+14   0.20486799E+09   0.14813575E+02   0.59128505E+14   0.57838999E+10
   0.50000000E+00   0.25118864E+09   0.13864432E+02   0.67792646E+14   0.95993744E-02   0.10609960E+02   0.27468642E+08   0.85242550E+16   0.69237414E-03   0.13064217E+02   0.23353913E+09   0.12003775E+02   0.97116948E+14   0.25794787E+09   0.14640008E+02   0.59128505E+14   0.57838999E+10
   0.50000000E+00   0.31622777E+09   0.13696882E+02   0.67792646E+14   0.10365166E-01   0.11456371E+02   0.34789144E+08   0.82684079E+16   0.75675367E-03   0.14063059E+02   0.29389377E+09   0.11857170E+02   0.97116948E+14   0.32478199E+09   0.14463751E+02   0.59128505E+14   0.57838999E+10
   0.50000000E+00   0.39810717E+09   0.13529450E+02   0.67792646E+14   0.11192049E-01   0.12370305E+02   0.44064830E+08   0.80176211E+16   0.82723603E-03   0.15137931E+02   0.36984328E+09   0.11710675E+02   0.97116948E+14   0.40893382E+09   0.14287615E+02   0.59128505E+14   0.57838999E+10
   0.50000000E+00   0.50118723E+09   0.13362736E+02   0.67792646E+14   0.12084896E-01   0.13357148E+02   0.55817931E+08   0.77727180E+16   0.90437288E-03   0.16294773E+02   0.46541700E+09   0.11564814E+02   0.97116948E+14   0.51488986E+09   0.14112222E+02   0.59128505E+14   0.57838999E+10
   0.50000000E+00   0.63095734E+09   0.13193347E+02   0.67792646E+14   0.13048971E-01   0.14422717E+02   0.70720513E+08   0.75287585E+16   0.98905687E-03   0.17538695E+02   0.58567956E+09   0.11416620E+02   0.97116948E+14   0.64830244E+09   0.13934010E+02   0.59128505E+14   0.57838999E+10
   0.50000000E+00   0.79432823E+09   0.13024277E+02   0.67792646E+14   0.14089955E-01   0.15573291E+02   0.89610841E+08   0.72901157E+16   0.10818224E-02   0.18877197E+02   0.73701266E+09   0.11268717E+02   0.97116948E+14   0.81628665E+09   0.13756135E+02   0.59128505E+14   0.57838999E+10
   0.50000000E+00   0.10000000E+10   0.12855580E+02   0.67792646E+14   0.15213983E-01   0.16815653E+02   0.11355847E+09   0.70567951E+16   0.11834537E-02   0.20317456E+02   0.92744315E+09   0.11121157E+02   0.97116948E+14   0.10278030E+10   0.13578659E+02   0.59128505E+14   0.57838999E+10
   0.50000000E+00   0.12589254E+10   0.12684561E+02   0.67792646E+14   0.16427681E-01   0.18157124E+02   0.14393634E+09   0.68251117E+16   0.12950926E-02   0.21866034E+02   0.11670599E+10   0.10971576E+02   0.97116948E+14   0.12941350E+10   0.13398737E+02   0.59128505E+14   0.57838999E+10
   0.50000000E+00   0.15848932E+10   0.12514198E+02   0.67792646E+14   0.17738202E-01   0.19605612E+02   0.18245866E+09   0.65991266E+16   0.14174462E-02   0.23532287E+02   0.14685668E+10   0.10822562E+02   0.97116948E+14   0.16294857E+10   0.13219502E+02   0.59128505E+14   0.57838999E+10
   0.50000000E+00   0.19952623E+10   0.12342947E+02   0.67792646E+14   0.19153270E-01   0.21169653E+02   0.23132928E+09   0.63767612E+16   0.15517583E-02   0.25324360E+02   0.18479399E+10   0.10672774E+02   0.97116948E+14   0.20517458E+10   0.13039330E+02   0.59128505E+14   0.57838999E+10
   0.50000000E+00   0.25118864E+10   0.12170779E+02   0.67792646E+14   0.20681225E-01   0.22858465E+02   0.29334063E+09   0.61580085E+16   0.16992524E-02   0.27251622E+02   0.23252845E+10   0.10522193E+02   0.97116948E+14   0.25834291E+10   0.12858169E+02   0.59128505E+14   0.57838999E+10
   0.50000000E+00   0.31622777E+10   0.11999363E+02   0.67792646E+14   0.22331073E-01   0.24682003E+02   0.37201540E+09   0.59449540E+16   0.18610215E-02   0.29325131E+02   0.29259212E+10   0.10372297E+02   0.97116948E+14   0.32529123E+10   0.12677809E+02   0.59128505E+14   0.57838999E+10
   0.50000000E+00   0.39810717E+10   0.11825774E+02   0.67792646E+14   0.24112538E-01   0.26651014E+02   0.47190443E+09   0.57339749E+16   0.20389818E-02   0.31554083E+02   0.36816373E+10   0.10220507E+02   0.97116948E+14   0.40959235E+10   0.12495168E+02   0.59128505E+14   0.57838999E+10
   0.50000000E+00   0.50118723E+10   0.11652603E+02   0.67792646E+14   0.26036120E-01   0.28777103E+02   0.59869512E+09   0.55282489E+16   0.22343608E-02   0.33951691E+02   0.46324638E+10   0.10069073E+02   0.97116948E+14   0.51574264E+10   0.12312962E+02   0.59128505E+14   0.57838999E+10
   0.50000000E+00   0.63095734E+10   0.11478865E+02   0.67792646E+14   0.28113156E-01   0.31072801E+02   0.75969186E+09   0.53265652E+16   0.24491234E-02   0.36529911E+02   0.58287709E+10   0.99171554E+01   0.97116948E+14   0.64940228E+10   0.12130129E+02   0.59128505E+14   0.57838999E+10
   0.50000000E+00   0.79432823E+10   0.11304271E+02   0.67792646E+14   0.30355887E-01   0.33551639E+02   0.96418063E+09   0.51286031E+16   0.26853467E-02   0.39301961E+02   0.73339540E+10   0.97645257E+01   0.97116948E+14   0.81771123E+10   0.11946420E+02   0.59128505E+14   0.57838999E+10
   0.50000000E+00   0.10000000E+11   0.11130475E+02   0.67792646E+14   0.32777533E-01   0.36228226E+02   0.12238774E+10   0.49361909E+16   0.29448459E-02   0.42283690E+02   0.92276339E+10   0.96125731E+01   0.97116948E+14   0.10296458E+11   0.11763545E+02   0.59128505E+14   0.57838999E+10
   0.50000000E+00   0.12589254E+11   0.10954553E+02   0.67792646E+14   0.35392366E-01   0.39118339E+02   0.15539606E+10   0.47461003E+16   0.32308362E-02   0.45488092E+02   0.11610054E+11   0.94587826E+01   0.97116948E+14   0.12965123E+11   0.11578406E+02   0.59128505E+14   0.57838999E+10
   0.50000000E+00   0.15848932E+11   0.10779717E+02   0.67792646E+14   0.38215798E-01   0.42239011E+02   0.19733347E+10   0.45617953E+16   0.35451578E-02   0.48934797E+02   0.14607431E+11   0.93059596E+01   0.97116948E+14   0.16325628E+11   0.11394429E+02   0.59128505E+14   0.57838999E+10
   0.50000000E+00   0.19952623E+11   0.10603328E+02   0.67792646E+14   0.41264469E-01   0.45608635E+02   0.25065742E+10   0.43804638E+16   0.38916527E-02   0.52639099E+02   0.18378143E+11   0.91517733E+01   0.97116948E+14   0.20557262E+11   0.11208801E+02   0.59128505E+14   0.57838999E+10
   0.50000000E+00   0.25118864E+11   0.10427505E+02   0.67792646E+14   0.44556349E-01   0.49247071E+02   0.31844687E+10   0.42042755E+16   0.42729636E-02   0.56622508E+02   0.23122018E+11   0.89981143E+01   0.97116948E+14   0.25885889E+11   0.11023766E+02   0.59128505E+14   0.57838999E+10
   0.50000000E+00   0.31622777E+11   0.10250821E+02   0.67792646E+14   0.48110839E-01   0.53175764E+02   0.40467468E+10   0.40317627E+16   0.46933644E-02   0.60904037E+02   0.29089586E+11   0.88436936E+01   0.97116948E+14   0.32596066E+11   0.10837829E+02   0.59128505E+14   0.57838999E+10
   0.50000000E+00   0.39810717E+11   0.10074278E+02   0.67792646E+14   0.51948889E-01   0.57417869E+02   0.51436230E+10   0.38638819E+16   0.51565870E-02   0.65507133E+02   0.36596858E+11   0.86894249E+01   0.97116948E+14   0.41045757E+11   0.10652018E+02   0.59128505E+14   0.57838999E+10
   0.50000000E+00   0.50118723E+11   0.98973064E+01   0.67792646E+14   0.56093120E-01   0.61998389E+02   0.65394930E+10   0.37000543E+16   0.56675137E-02   0.70454859E+02   0.46040305E+11   0.85347787E+01   0.97116948E+14   0.51686373E+11   0.10465764E+02   0.59128505E+14   0.57838999E+10
   0.50000000E+00   0.63095734E+11   0.97203657E+01   0.67792646E+14   0.60567958E-01   0.66944320E+02   0.83161934E+10   0.35406692E+16   0.62310370E-02   0.75773497E+02   0.57919580E+11   0.83801847E+01   0.97116948E+14   0.65085815E+11   0.10279531E+02   0.59128505E+14   0.57838999E+10
   0.50000000E+00   0.79432823E+11   0.95431785E+01   0.67792646E+14   0.65399777E-01   0.72284814E+02   0.10578459E+11   0.33854353E+16   0.68530392E-02   0.81490090E+02   0.72862130E+11   0.82253841E+01   0.97116948E+14   0.81959552E+11   0.10093028E+02   0.59128505E+14   0.57838999E+10
   0.50000000E+00   0.10000000E+12   0.93661942E+01   0.67792646E+14   0.70617054E-01   0.78051347E+02   0.13459571E+11   0.32346973E+16   0.75395676E-02   0.87635000E+02   0.91657473E+11   0.80707699E+01   0.97116948E+14   0.10320917E+12   0.99067487E+01   0.59128505E+14   0.57838999E+10
   0.50000000E+00   0.12589254E+12   0.91888993E+01   0.67792646E+14   0.76250541E-01   0.84277906E+02   0.17130492E+11   0.30879715E+16   0.82981148E-02   0.94238943E+02   0.11529843E+12   0.79159033E+01   0.97116948E+14   0.12996879E+12   0.97201227E+01   0.59128505E+14   0.57838999E+10
   0.50000000E+00   0.15848932E+12   0.90121647E+01   0.67792646E+14   0.82333441E-01   0.91001190E+02   0.21808233E+11   0.29459190E+16   0.91358118E-02   0.10133789E+03   0.14503360E+12   0.77615392E+01   0.97116948E+14   0.16366789E+12   0.95340812E+01   0.59128505E+14   0.57838999E+10
   0.50000000E+00   0.19952623E+12   0.88349348E+01   0.67792646E+14   0.88901604E-01   0.98260824E+02   0.27772698E+11   0.28076379E+16   0.10062508E-01   0.10896603E+03   0.18243182E+12   0.76067544E+01   0.97116948E+14   0.20610766E+12   0.93475247E+01   0.59128505E+14   0.57838999E+10
   0.50000000E+00   0.25118864E+12   0.86589046E+01   0.67792646E+14   0.95993744E-01   0.10609960E+03   0.35376962E+11   0.26743754E+16   0.11086130E-01   0.11716705E+03   0.22946839E+12   0.74530339E+01   0.97116948E+14   0.25955335E+12   0.91622133E+01   0.59128505E+14   0.57838999E+10
   0.50000000E+00   0.31622777E+12   0.84819647E+01   0.67792646E+14   0.10365166E+00   0.11456371E+03   0.45081212E+11   0.25444735E+16   0.12220242E-01   0.12597753E+03   0.28862233E+12   0.72985338E+01   0.97116948E+14   0.32686207E+12   0.89759384E+01   0.59128505E+14   0.57838999E+10
   0.50000000E+00   0.39810717E+12   0.83063502E+01   0.67792646E+14   0.11192049E+00   0.12370305E+03   0.57462354E+11   0.24195081E+16   0.13474087E-01   0.13544944E+03   0.36301624E+12   0.71452063E+01   0.97116948E+14   0.41162926E+12   0.87910526E+01   0.59128505E+14   0.57838999E+10
   0.50000000E+00   0.50118723E+12   0.81305972E+01   0.67792646E+14   0.12084896E+00   0.13357148E+03   0.73271532E+11   0.22983469E+16   0.14863479E-01   0.14562723E+03   0.45657029E+12   0.69917761E+01   0.97116948E+14   0.51838643E+12   0.86060173E+01   0.59128505E+14   0.57838999E+10
   0.50000000E+00   0.63095734E+12   0.79555777E+01   0.67792646E+14   0.13048971E+00   0.14422717E+03   0.93461160E+11   0.21815205E+16   0.16402292E-01   0.15656638E+03   0.57421837E+12   0.68390104E+01   0.97116948E+14   0.65283875E+12   0.84217483E+01   0.59128505E+14   0.57838999E+10
   0.50000000E+00   0.79432823E+12   0.77815838E+01   0.67792646E+14   0.14089955E+00   0.15573291E+03   0.11925263E+12   0.20691164E+16   0.18106796E-01   0.16832491E+03   0.72215696E+12   0.66871498E+01   0.97116948E+14   0.82217135E+12   0.82385480E+01   0.59128505E+14   0.57838999E+10
   0.50000000E+00   0.10000000E+13   0.76074893E+01   0.67792646E+14   0.15213983E+00   0.16815653E+03   0.15222696E+12   0.19603274E+16   0.19998691E-01   0.18095901E+03   0.90817381E+12   0.65352197E+01   0.97116948E+14   0.10354397E+13   0.80552343E+01   0.59128505E+14   0.57838999E+10
   0.50000000E+00   0.12589254E+13   0.74347955E+01   0.67792646E+14   0.16427681E+00   0.18157124E+03   0.19438294E+12   0.18560009E+16   0.22095673E-01   0.19454078E+03   0.11420691E+13   0.63845310E+01   0.97116948E+14   0.13040438E+13   0.78733878E+01   0.59128505E+14   0.57838999E+10
   0.50000000E+00   0.15848932E+13   0.72629178E+01   0.67792646E+14   0.17738202E+00   0.19605612E+03   0.24831080E+12   0.17556662E+16   0.24422970E-01   0.20913840E+03   0.14361465E+13   0.62345708E+01   0.97116948E+14   0.16423484E+13   0.76923927E+01   0.59128505E+14   0.57838999E+10
   0.50000000E+00   0.19952623E+13   0.70920111E+01   0.67792646E+14   0.19153270E+00   0.21169653E+03   0.31732669E+12   0.16593109E+16   0.27006825E-01   0.22482870E+03   0.18058731E+13   0.60854729E+01   0.97116948E+14   0.20684463E+13   0.75124118E+01   0.59128505E+14   0.57838999E+10
   0.50000000E+00   0.25118864E+13   0.69227350E+01   0.67792646E+14   0.20681225E+00   0.22858465E+03   0.40567043E+12   0.15671820E+16   0.29874356E-01   0.24169774E+03   0.22706992E+13   0.59378163E+01   0.97116948E+14   0.26051257E+13   0.73341394E+01   0.59128505E+14   0.57838999E+10
   0.50000000E+00   0.31622777E+13   0.67546803E+01   0.67792646E+14   0.22331073E+00   0.24682003E+03   0.51882312E+12   0.14789268E+16   0.33060148E-01   0.25983190E+03   0.28550599E+13   0.57912510E+01   0.97116948E+14   0.32811022E+13   0.71571471E+01   0.59128505E+14   0.57838999E+10
   0.50000000E+00   0.39810717E+13   0.65876224E+01   0.67792646E+14   0.24112538E+00   0.26651014E+03   0.66383915E+12   0.13943183E+16   0.36602794E-01   0.27932481E+03   0.35896554E+13   0.56455831E+01   0.97116948E+14   0.41325427E+13   0.69811940E+01   0.59128505E+14   0.57838999E+10
   0.50000000E+00   0.50118723E+13   0.64225083E+01   0.67792646E+14   0.26036120E+00   0.28777103E+03   0.84971294E+12   0.13137092E+16   0.40538865E-01   0.30028631E+03   0.45130851E+13   0.55016341E+01   0.97116948E+14   0.52050014E+13   0.68072785E+01   0.59128505E+14   0.57838999E+10
   0.50000000E+00   0.63095734E+13   0.62598205E+01   0.67792646E+14   0.28113156E+00   0.31072801E+03   0.10880071E+13   0.12371728E+16   0.44910482E-01   0.32283248E+03   0.56738136E+13   0.53598103E+01   0.97116948E+14   0.65558631E+13   0.66359087E+01   0.59128505E+14   0.57838999E+10
   0.50000000E+00   0.79432823E+13   0.60985276E+01   0.67792646E+14   0.30355887E+00   0.33551639E+03   0.13937827E+13   0.11640805E+16   0.49775765E-01   0.34707535E+03   0.71326937E+13   0.52192172E+01   0.97116948E+14   0.82574505E+13   0.64659977E+01   0.59128505E+14   0.57838999E+10
   0.50000000E+00   0.10000000E+14   0.59393834E+01   0.67792646E+14   0.32777533E+00   0.36228226E+03   0.17862201E+13   0.10946417E+16   0.55186761E-01   0.37315153E+03   0.89664028E+13   0.50805410E+01   0.97116948E+14   0.10400888E+14   0.62983490E+01   0.59128505E+14   0.57838999E+10
   0.50000000E+00   0.12589254E+14   0.57831683E+01   0.67792646E+14   0.35392366E+00   0.39118339E+03   0.22899069E+13   0.10290306E+16   0.61198922E-01   0.40121045E+03   0.11271050E+14   0.49444328E+01   0.97116948E+14   0.13100830E+14   0.61337677E+01   0.59128505E+14   0.57838999E+10
   0.50000000E+00   0.15848932E+14   0.56299475E+01   0.67792646E+14   0.38215798E+00   0.42239011E+03   0.29365842E+13   0.96709347E+15   0.67879493E-01   0.43140695E+03   0.14167409E+14   0.48109445E+01   0.97116948E+14   0.16501852E+14   0.59723300E+01   0.59128505E+14   0.57838999E+10
   0.50000000E+00   0.19952623E+14   0.54795188E+01   0.67792646E+14   0.41264469E+00   0.45608635E+03   0.37672270E+13   0.90857755E+15   0.75306740E-01   0.46390513E+03   0.17807556E+14   0.46799338E+01   0.97116948E+14   0.20786216E+14   0.58138362E+01   0.59128505E+14   0.57838999E+10
   0.50000000E+00   0.25118864E+14   0.53327227E+01   0.67792646E+14   0.44556349E+00   0.49247071E+03   0.48340408E+13   0.85363120E+15   0.83552721E-01   0.49889604E+03   0.22382003E+14   0.45520934E+01   0.97116948E+14   0.26183058E+14   0.56591476E+01   0.59128505E+14   0.57838999E+10
   0.50000000E+00   0.31622777E+14   0.51901151E+01   0.67792646E+14   0.48110839E+00   0.53175764E+03   0.62040025E+13   0.80226139E+15   0.92697057E-01   0.53658461E+03   0.28130788E+14   0.44279238E+01   0.97116948E+14   0.32981390E+14   0.55088617E+01   0.59128505E+14   0.57838999E+10
   0.50000000E+00   0.39810717E+14   0.50519689E+01   0.67792646E+14   0.51948889E+00   0.57417869E+03   0.79631062E+13   0.75435797E+15   0.10282900E+00   0.57718981E+03   0.35355704E+14   0.43076759E+01   0.97116948E+14   0.41545564E+14   0.53632839E+01   0.59128505E+14   0.57838999E+10
   0.50000000E+00   0.50118723E+14   0.49199912E+01   0.67792646E+14   0.56093120E+00   0.61998389E+03   0.10219317E+14   0.71027709E+15   0.11401061E+00   0.62097412E+03   0.44435927E+14   0.41928075E+01   0.97116948E+14   0.52333074E+14   0.52241820E+01   0.59128505E+14   0.57838999E+10
   0.50000000E+00   0.63095734E+14   0.47942697E+01   0.67792646E+14   0.60567958E+00   0.66944320E+03   0.13111748E+14   0.66979350E+15   0.12633407E+00   0.66819814E+03   0.55848756E+14   0.40834083E+01   0.97116948E+14   0.65921404E+14   0.50916652E+01   0.59128505E+14   0.57838999E+10
   0.50000000E+00   0.79432823E+14   0.46766611E+01   0.67792646E+14   0.65399777E+00   0.72284814E+03   0.16812972E+14   0.63323536E+15   0.13984288E+00   0.71917945E+03   0.70195809E+14   0.39810914E+01   0.97116948E+14   0.83036883E+14   0.49676936E+01   0.59128505E+14   0.57838999E+10
   0.50000000E+00   0.10000000E+15   0.45682737E+01   0.67792646E+14   0.70617054E+00   0.78051347E+03   0.21540403E+14   0.60065227E+15   0.15458149E+00   0.77425385E+03   0.88234059E+14   0.38868107E+01   0.97116948E+14   0.10459398E+15   0.48534390E+01   0.59128505E+14   0.57838999E+10
   0.50000000E+00   0.12589254E+15   0.44705840E+01   0.67792646E+14   0.76250541E+00   0.84277906E+03   0.27563259E+14   0.57218479E+15   0.17056058E+00   0.83379858E+03   0.11091911E+15   0.38018552E+01   0.97116948E+14   0.13174260E+15   0.47504516E+01   0.59128505E+14   0.57838999E+10
   0.50000000E+00   0.15848932E+15   0.43845229E+01   0.67792646E+14   0.82333441E+00   0.91001190E+03   0.35216451E+14   0.54780446E+15   0.18778199E+00   0.89821651E+03   0.13945394E+15   0.37270205E+01   0.97116948E+14   0.16593143E+15   0.46597268E+01   0.59128505E+14   0.57838999E+10
   0.50000000E+00   0.19952623E+15   0.43104538E+01   0.67792646E+14   0.88901604E+00   0.98260824E+03   0.44916780E+14   0.52733982E+15   0.20624651E+00   0.96793504E+03   0.17535534E+15   0.36626198E+01   0.97116948E+14   0.20898030E+15   0.45816299E+01   0.59128505E+14   0.57838999E+10
   0.50000000E+00   0.25118864E+15   0.42480074E+01   0.67792646E+14   0.95993744E+00   0.10609960E+04   0.57185940E+14   0.51045566E+15   0.22597358E+00   0.10434004E+04   0.22053541E+15   0.36083381E+01   0.97116948E+14   0.26318560E+15   0.45157983E+01   0.59128505E+14   0.57838999E+10
   0.50000000E+00   0.31622777E+15   0.41963130E+01   0.67792646E+14   0.10365166E+01   0.11456371E+04   0.72678457E+14   0.49673217E+15   0.24700651E+00   0.11250812E+04   0.27739903E+15   0.35634066E+01   0.97116948E+14   0.33143010E+15   0.44612896E+01   0.59128505E+14   0.57838999E+10
   0.50000000E+00   0.39810717E+15   0.41540818E+01   0.67792646E+14   0.11192049E+01   0.12370305E+04   0.92219187E+14   0.48569026E+15   0.26942293E+00   0.12134687E+04   0.34897421E+15   0.35267013E+01   0.97116948E+14   0.41735034E+15   0.44167606E+01   0.59128505E+14   0.57838999E+10
   0.50000000E+00   0.50118723E+15   0.41200401E+01   0.67792646E+14   0.12084896E+01   0.13357148E+04   0.11684493E+15   0.47689985E+15   0.29331987E+00   0.13090897E+04   0.43907347E+15   0.34971133E+01   0.97116948E+14   0.52551474E+15   0.43808493E+01   0.59128505E+14   0.57838999E+10
   0.50000000E+00   0.63095734E+15   0.40928498E+01   0.67792646E+14   0.13048971E+01   0.14422717E+04   0.14786329E+15   0.46994902E+15   0.31882360E+00   0.14125055E+04   0.55250331E+15   0.34734945E+01   0.97116948E+14   0.66169743E+15   0.43521867E+01   0.59128505E+14   0.57838999E+10
   0.50000000E+00   0.79432823E+15   0.40713570E+01   0.67792646E+14   0.14089955E+01   0.15573291E+04   0.18691925E+15   0.46449876E+15   0.34607515E+00   0.15243230E+04   0.69529183E+15   0.34548093E+01   0.97116948E+14   0.83313279E+15   0.43295141E+01   0.59128505E+14   0.57838999E+10
   0.50000000E+00   0.10000000E+16   0.40545157E+01   0.67792646E+14   0.15213983E+01   0.16815653E+04   0.23608519E+15   0.46025517E+15   0.37523552E+00   0.16451958E+04   0.87506386E+15   0.34401820E+01   0.97116948E+14   0.10489706E+16   0.43117674E+01   0.59128505E+14   0.57838999E+10
   0.50000000E+00   0.12589254E+16   0.40414282E+01   0.67792646E+14   0.16427681E+01   0.18157124E+04   0.29797085E+15   0.45697386E+15   0.40648207E+00   0.17758300E+04   0.11013881E+16   0.34288161E+01   0.97116948E+14   0.13206763E+16   0.42979586E+01   0.59128505E+14   0.57838999E+10
   0.50000000E+00   0.15848932E+16   0.40313380E+01   0.67792646E+14   0.17738202E+01   0.19605612E+04   0.37586263E+15   0.45445380E+15   0.44000781E+00   0.19169888E+04   0.13863042E+16   0.34200404E+01   0.97116948E+14   0.16627309E+16   0.42873120E+01   0.59128505E+14   0.57838999E+10
   0.50000000E+00   0.19952623E+16   0.40236112E+01   0.67792646E+14   0.19153270E+01   0.21169653E+04   0.47389942E+15   0.45252979E+15   0.47602189E+00   0.20694971E+04   0.17450064E+16   0.34133242E+01   0.97116948E+14   0.20933576E+16   0.42791651E+01   0.59128505E+14   0.57838999E+10
   0.50000000E+00   0.25118864E+16   0.40177307E+01   0.67792646E+14   0.20681225E+01   0.22858465E+04   0.59729295E+15   0.45106885E+15   0.51474891E+00   0.22342470E+04   0.21966042E+16   0.34082174E+01   0.97116948E+14   0.26354903E+16   0.42729701E+01   0.59128505E+14   0.57838999E+10
   0.50000000E+00   0.31622777E+16   0.40132798E+01   0.67792646E+14   0.22331073E+01   0.24682003E+04   0.75260559E+15   0.44996498E+15   0.55642952E+00   0.24122029E+04   0.27651428E+16   0.34043521E+01   0.97116948E+14   0.33179898E+16   0.42682811E+01   0.59128505E+14   0.57838999E+10
   0.50000000E+00   0.39810717E+16   0.40099265E+01   0.67792646E+14   0.24112538E+01   0.26651014E+04   0.94810000E+15   0.44913444E+15   0.60132120E+00   0.26044080E+04   0.34809014E+16   0.34014402E+01   0.97116948E+14   0.41771958E+16   0.42647468E+01   0.59128505E+14   0.57838999E+10
   0.50000000E+00   0.50118723E+16   0.40074101E+01   0.67792646E+14   0.26036120E+01   0.28777103E+04   0.11941792E+16   0.44851178E+15   0.64969942E+00   0.28119897E+04   0.43819995E+16   0.33992550E+01   0.97116948E+14   0.52588562E+16   0.42620916E+01   0.59128505E+14   0.57838999E+10
   0.50000000E+00   0.63095734E+16   0.40055277E+01   0.67792646E+14   0.28113156E+01   0.31072801E+04   0.15039408E+16   0.44804635E+15   0.70185897E+00   0.30361670E+04   0.55164261E+16   0.33976204E+01   0.97116948E+14   0.66205814E+16   0.42601054E+01   0.59128505E+14   0.57838999E+10
   0.50000000E+00   0.79432823E+16   0.40041234E+01   0.67792646E+14   0.30355887E+01   0.33551639E+04   0.18938741E+16   0.44769931E+15   0.75811569E+00   0.32782571E+04   0.69445957E+16   0.33964010E+01   0.97116948E+14   0.83348874E+16   0.42586236E+01   0.59128505E+14   0.57838999E+10
   0.50000000E+00   0.10000000E+17   0.40030777E+01   0.67792646E+14   0.32777533E+01   0.36228226E+04   0.23847385E+16   0.44744102E+15   0.81880831E+00   0.35396838E+04   0.87425655E+16   0.33954930E+01   0.97116948E+14   0.10493066E+17   0.42575203E+01   0.59128505E+14   0.57838999E+10
   0.50000000E+00   0.12589254E+17   0.40023002E+01   0.67792646E+14   0.35392366E+01   0.39118339E+04   0.30026689E+16   0.44724901E+15   0.88430064E+00   0.38219848E+04   0.11006086E+17   0.33948178E+01   0.97116948E+14   0.13210049E+17   0.42566998E+01   0.59128505E+14   0.57838999E+10
