         1        92   0.27000000E+01   0.31562220E+00   0.68437780E+00   0.82883870E+00   0.96580000E+00   0.22242000E-01  ---------------   0.27255000E+01  ---------------      0.67238290E+00                                 
   0.27000000E+01   0.10000000E+08   0.58584094E+01   0.80612643E+15   0.14360495E-02   0.54733157E+01   0.18029537E+07   0.12608322E+17   0.24512617E-03   0.56251311E+01   0.95968764E+07   0.55188241E+01   0.92540657E+15   0.97189054E+07   0.56200968E+01   0.88741812E+15   0.16192363E+10
   0.27000000E+01   0.12589254E+08   0.58138549E+01   0.80612643E+15   0.15506106E-02   0.59099504E+01   0.22816349E+07   0.12387174E+17   0.26670954E-03   0.60665111E+01   0.12079784E+08   0.54765547E+01   0.92540657E+15   0.12233938E+08   0.55771360E+01   0.88741812E+15   0.16192363E+10
   0.27000000E+01   0.15848932E+08   0.57694934E+01   0.80612643E+15   0.16743108E-02   0.63814176E+01   0.28874998E+07   0.12169383E+17   0.29020065E-03   0.65425490E+01   0.15205186E+08   0.54344858E+01   0.92540657E+15   0.15399913E+08   0.55343769E+01   0.88741812E+15   0.16192363E+10
   0.27000000E+01   0.19952623E+08   0.57251151E+01   0.80612643E+15   0.18078792E-02   0.68904962E+01   0.36544591E+07   0.11953891E+17   0.31578041E-03   0.70559283E+01   0.19139007E+08   0.53923849E+01   0.92540657E+15   0.19385266E+08   0.54916109E+01   0.88741812E+15   0.16192363E+10
   0.27000000E+01   0.25118864E+08   0.56805399E+01   0.80612643E+15   0.19521030E-02   0.74401867E+01   0.46255091E+07   0.11739834E+17   0.34364745E-03   0.76095401E+01   0.24090502E+08   0.53500983E+01   0.92540657E+15   0.24401641E+08   0.54486334E+01   0.88741812E+15   0.16192363E+10
   0.27000000E+01   0.31622777E+08   0.56356798E+01   0.80612643E+15   0.21078324E-02   0.80337288E+01   0.58551333E+07   0.11526814E+17   0.37401564E-03   0.82065140E+01   0.30323180E+08   0.53075581E+01   0.92540657E+15   0.30716238E+08   0.54053930E+01   0.88741812E+15   0.16192363E+10
   0.27000000E+01   0.39810717E+08   0.55908309E+01   0.80612643E+15   0.22759851E-02   0.86746208E+01   0.74120763E+07   0.11316249E+17   0.40709245E-03   0.88503128E+01   0.38167985E+08   0.52650152E+01   0.92540657E+15   0.38665068E+08   0.53621740E+01   0.88741812E+15   0.16192363E+10
   0.27000000E+01   0.50118723E+08   0.55464400E+01   0.80612643E+15   0.24575521E-02   0.93666401E+01   0.93830703E+07   0.11110190E+17   0.44308640E-03   0.95447263E+01   0.48042214E+08   0.52229058E+01   0.92540657E+15   0.48670502E+08   0.53193825E+01   0.88741812E+15   0.16192363E+10
   0.27000000E+01   0.63095734E+08   0.55018293E+01   0.80612643E+15   0.26536037E-02   0.10113865E+02   0.11879252E+08   0.10905460E+17   0.48231299E-03   0.10293552E+02   0.60471051E+08   0.51805971E+01   0.92540657E+15   0.61264844E+08   0.52763774E+01   0.88741812E+15   0.16192363E+10
   0.27000000E+01   0.79432823E+08   0.54567896E+01   0.80612643E+15   0.28652954E-02   0.10920701E+02   0.15041280E+08   0.10701139E+17   0.52508812E-03   0.11100985E+02   0.76115093E+08   0.51378845E+01   0.92540657E+15   0.77118674E+08   0.52329753E+01   0.88741812E+15   0.16192363E+10
   0.27000000E+01   0.10000000E+09   0.54121167E+01   0.80612643E+15   0.30938748E-02   0.11791901E+02   0.19045337E+08   0.10500831E+17   0.57165708E-03   0.11971863E+02   0.95805615E+08   0.50955101E+01   0.92540657E+15   0.97074869E+08   0.51899246E+01   0.88741812E+15   0.16192363E+10
   0.27000000E+01   0.12589254E+09   0.53675115E+01   0.80612643E+15   0.33406892E-02   0.12732602E+02   0.24116683E+08   0.10303151E+17   0.62239069E-03   0.12911076E+02   0.12058969E+09   0.50532010E+01   0.92540657E+15   0.12219352E+09   0.51469190E+01   0.88741812E+15   0.16192363E+10
   0.27000000E+01   0.15848932E+09   0.53231602E+01   0.80612643E+15   0.36071932E-02   0.13748347E+02   0.30539451E+08   0.10108888E+17   0.67764130E-03   0.13924060E+02   0.15178666E+09   0.50111523E+01   0.92540657E+15   0.15381332E+09   0.51041780E+01   0.88741812E+15   0.16192363E+10
   0.27000000E+01   0.19952623E+09   0.52783617E+01   0.80612643E+15   0.38949576E-02   0.14845124E+02   0.38677699E+08   0.99149750E+16   0.73791033E-03   0.15016327E+02   0.19105153E+09   0.49686627E+01   0.92540657E+15   0.19361510E+09   0.50610099E+01   0.88741812E+15   0.16192363E+10
   0.27000000E+01   0.25118864E+09   0.52338794E+01   0.80612643E+15   0.42056785E-02   0.16029396E+02   0.48986027E+08   0.97247154E+16   0.80354899E-03   0.16194410E+02   0.24047312E+09   0.49264728E+01   0.92540657E+15   0.24371474E+09   0.50181380E+01   0.88741812E+15   0.16192363E+10
   0.27000000E+01   0.31622777E+09   0.51898825E+01   0.80612643E+15   0.45411872E-02   0.17308144E+02   0.62042010E+08   0.95387614E+16   0.87500771E-03   0.17465145E+02   0.30267945E+09   0.48847465E+01   0.92540657E+15   0.30677609E+09   0.49757244E+01   0.88741812E+15   0.16192363E+10
   0.27000000E+01   0.39810717E+09   0.51456387E+01   0.80612643E+15   0.49034612E-02   0.18688904E+02   0.78586045E+08   0.93539889E+16   0.95293537E-03   0.18835458E+02   0.38097991E+09   0.48428035E+01   0.92540657E+15   0.38615793E+09   0.49330922E+01   0.88741812E+15   0.16192363E+10
   0.27000000E+01   0.50118723E+09   0.51016817E+01   0.80612643E+15   0.52946356E-02   0.20179814E+02   0.99545001E+08   0.91726132E+16   0.10378216E-02   0.20313445E+02   0.47952969E+09   0.48011144E+01   0.92540657E+15   0.48608024E+09   0.48907369E+01   0.88741812E+15   0.16192363E+10
   0.27000000E+01   0.63095734E+09   0.50579699E+01   0.80612643E+15   0.57170160E-02   0.21789662E+02   0.12609868E+09   0.89944123E+16   0.11302985E-02   0.21907554E+02   0.60357070E+09   0.47596587E+01   0.92540657E+15   0.61185390E+09   0.48486083E+01   0.88741812E+15   0.16192363E+10
   0.27000000E+01   0.79432823E+09   0.50148654E+01   0.80612643E+15   0.61730918E-02   0.23527936E+02   0.15973353E+09   0.88207899E+16   0.12309586E-02   0.23627160E+02   0.75969947E+09   0.47187838E+01   0.92540657E+15   0.77016853E+09   0.48070594E+01   0.88741812E+15   0.16192363E+10
   0.27000000E+01   0.10000000E+10   0.49715546E+01   0.80612643E+15   0.66655513E-02   0.25404881E+02   0.20236111E+09   0.86484293E+16   0.13407378E-02   0.25481606E+02   0.95622031E+09   0.46777291E+01   0.92540657E+15   0.96945351E+09   0.47653284E+01   0.88741812E+15   0.16192363E+10
   0.27000000E+01   0.12589254E+10   0.49286729E+01   0.80612643E+15   0.71972967E-02   0.27431560E+02   0.25636797E+09   0.84798329E+16   0.14602910E-02   0.27481940E+02   0.12035620E+10   0.46370632E+01   0.92540657E+15   0.12203037E+10   0.47240113E+01   0.88741812E+15   0.16192363E+10
   0.27000000E+01   0.15848932E+10   0.48865496E+01   0.80612643E+15   0.77714622E-02   0.29619917E+02   0.32477644E+09   0.83162015E+16   0.15903782E-02   0.29639935E+02   0.15148834E+10   0.45971172E+01   0.92540657E+15   0.15360546E+10   0.46834170E+01   0.88741812E+15   0.16192363E+10
   0.27000000E+01   0.19952623E+10   0.48445472E+01   0.80612643E+15   0.83914319E-02   0.31982850E+02   0.41146240E+09   0.81549868E+16   0.17321396E-02   0.31967512E+02   0.19067336E+10   0.45572906E+01   0.92540657E+15   0.19334936E+10   0.46429327E+01   0.88741812E+15   0.16192363E+10
   0.27000000E+01   0.25118864E+10   0.48031169E+01   0.80612643E+15   0.90608597E-02   0.34534288E+02   0.52127995E+09   0.79978646E+16   0.18864541E-02   0.34478439E+02   0.23999669E+10   0.45180230E+01   0.92540657E+15   0.24337904E+10   0.46030162E+01   0.88741812E+15   0.16192363E+10
   0.27000000E+01   0.31622777E+10   0.47621728E+01   0.80612643E+15   0.97836912E-02   0.37289266E+02   0.66040788E+09   0.78444274E+16   0.20544595E-02   0.37187119E+02   0.30207503E+10   0.44791983E+01   0.92540657E+15   0.30635394E+10   0.45635688E+01   0.88741812E+15   0.16192363E+10
   0.27000000E+01   0.39810717E+10   0.47222629E+01   0.80612643E+15   0.10564187E-01   0.40264023E+02   0.83659637E+09   0.76966193E+16   0.22371026E-02   0.40109776E+02   0.38021131E+10   0.44413538E+01   0.92540657E+15   0.38562192E+10   0.45251087E+01   0.88741812E+15   0.16192363E+10
   0.27000000E+01   0.50118723E+10   0.46823624E+01   0.80612643E+15   0.11406947E-01   0.43476092E+02   0.10598662E+10   0.75505684E+16   0.24361520E-02   0.43262193E+02   0.47855968E+10   0.44035262E+01   0.92540657E+15   0.48539810E+10   0.44866549E+01   0.88741812E+15   0.16192363E+10
   0.27000000E+01   0.63095734E+10   0.46437213E+01   0.80612643E+15   0.12316938E-01   0.46944404E+02   0.13425512E+10   0.74107617E+16   0.26523852E-02   0.46664040E+02   0.60235435E+10   0.43669045E+01   0.92540657E+15   0.61099752E+10   0.44494287E+01   0.88741812E+15   0.16192363E+10
   0.27000000E+01   0.79432823E+10   0.46057503E+01   0.80612643E+15   0.13299523E-01   0.50689402E+02   0.17005704E+10   0.72749386E+16   0.28875910E-02   0.50334374E+02   0.75816324E+10   0.43309000E+01   0.92540657E+15   0.76909696E+10   0.44128488E+01   0.88741812E+15   0.16192363E+10
   0.27000000E+01   0.10000000E+11   0.45685287E+01   0.80612643E+15   0.14360495E-01   0.54733157E+02   0.21539500E+10   0.71432894E+16   0.31433522E-02   0.54294582E+02   0.95427561E+10   0.42956066E+01   0.92540657E+15   0.96809452E+10   0.43769734E+01   0.88741812E+15   0.16192363E+10
   0.27000000E+01   0.12589254E+11   0.45322210E+01   0.80612643E+15   0.15506106E-01   0.59099504E+02   0.27279775E+10   0.70162908E+16   0.34213039E-02   0.58567916E+02   0.12011349E+11   0.42611995E+01   0.92540657E+15   0.12185954E+11   0.43419940E+01   0.88741812E+15   0.16192363E+10
   0.27000000E+01   0.15848932E+11   0.44972562E+01   0.80612643E+15   0.16743108E-01   0.63814176E+02   0.34544364E+10   0.68953074E+16   0.37229606E-02   0.63179994E+02   0.15118468E+11   0.42280530E+01   0.92540657E+15   0.15339242E+11   0.43083127E+01   0.88741812E+15   0.16192363E+10
   0.27000000E+01   0.19952623E+11   0.44628074E+01   0.80612643E+15   0.18078792E-01   0.68904962E+02   0.43742455E+10   0.67773689E+16   0.40509908E-02   0.68156322E+02   0.19029251E+11   0.41953890E+01   0.92540657E+15   0.19308297E+11   0.42751146E+01   0.88741812E+15   0.16192363E+10
   0.27000000E+01   0.25118864E+11   0.44299807E+01   0.80612643E+15   0.19521030E-01   0.74401867E+02   0.55377780E+10   0.66661422E+16   0.44065724E-02   0.73527960E+02   0.23952163E+11   0.41642833E+01   0.92540657E+15   0.24304619E+11   0.42434888E+01   0.88741812E+15   0.16192363E+10
   0.27000000E+01   0.31622777E+11   0.43980220E+01   0.80612643E+15   0.21078324E-01   0.80337288E+02   0.70101582E+10   0.65589385E+16   0.47926827E-02   0.79324944E+02   0.30148414E+11   0.41339868E+01   0.92540657E+15   0.30594006E+11   0.42127058E+01   0.88741812E+15   0.16192363E+10
   0.27000000E+01   0.39810717E+11   0.43674863E+01   0.80612643E+15   0.22759851E-01   0.86746208E+02   0.88723015E+10   0.64575009E+16   0.52112014E-02   0.85582392E+02   0.37947701E+11   0.41050353E+01   0.92540657E+15   0.38510553E+11   0.41832751E+01   0.88741812E+15   0.16192363E+10
   0.27000000E+01   0.50118723E+11   0.43381778E+01   0.80612643E+15   0.24575521E-01   0.93666401E+02   0.11227245E+11   0.63610495E+16   0.56649411E-02   0.92336649E+02   0.47765616E+11   0.40772687E+01   0.92540657E+15   0.48476455E+11   0.41550468E+01   0.88741812E+15   0.16192363E+10
   0.27000000E+01   0.63095734E+11   0.43102240E+01   0.80612643E+15   0.26536037E-01   0.10113865E+03   0.14204515E+11   0.62698833E+16   0.61565333E-02   0.99627742E+02   0.60122867E+11   0.40507608E+01   0.92540657E+15   0.61021149E+11   0.41281131E+01   0.88741812E+15   0.16192363E+10
   0.27000000E+01   0.79432823E+11   0.42835660E+01   0.80612643E+15   0.28652954E-01   0.10920701E+03   0.17967926E+11   0.61836927E+16   0.66890422E-02   0.10749845E+03   0.75678908E+11   0.40255073E+01   0.92540657E+15   0.76812690E+11   0.41024322E+01   0.88741812E+15   0.16192363E+10
   0.27000000E+01   0.10000000E+12   0.42584429E+01   0.80612643E+15   0.30938748E-01   0.11791901E+03   0.22723056E+11   0.61031318E+16   0.72652726E-02   0.11599589E+03   0.95258851E+11   0.40016841E+01   0.92540657E+15   0.96691469E+11   0.40782311E+01   0.88741812E+15   0.16192363E+10
   0.27000000E+01   0.12589254E+12   0.42345770E+01   0.80612643E+15   0.33406892E-01   0.12732602E+03   0.28731083E+11   0.60272007E+16   0.78890741E-02   0.12516940E+03   0.11990740E+12   0.39790760E+01   0.92540657E+15   0.12171496E+12   0.40552377E+01   0.88741812E+15   0.16192363E+10
   0.27000000E+01   0.15848932E+12   0.42121884E+01   0.80612643E+15   0.36071932E-01   0.13748347E+03   0.36319015E+11   0.59564977E+16   0.85637034E-02   0.13507390E+03   0.15093227E+12   0.39578442E+01   0.92540657E+15   0.15321542E+12   0.40336688E+01   0.88741812E+15   0.16192363E+10
   0.27000000E+01   0.19952623E+12   0.41912649E+01   0.80612643E+15   0.38949576E-01   0.14845124E+03   0.45899870E+11   0.58908823E+16   0.92930361E-02   0.14576797E+03   0.18998975E+12   0.39380271E+01   0.92540657E+15   0.19286989E+12   0.40135149E+01   0.88741812E+15   0.16192363E+10
   0.27000000E+01   0.25118864E+12   0.41716449E+01   0.80612643E+15   0.42056785E-01   0.16029396E+03   0.57995591E+11   0.58297579E+16   0.10081583E-01   0.15731434E+03   0.23915120E+12   0.39194192E+01   0.92540657E+15   0.24278700E+12   0.39946074E+01   0.88741812E+15   0.16192363E+10
   0.27000000E+01   0.31622777E+12   0.41535497E+01   0.80612643E+15   0.45411872E-01   0.17308144E+03   0.73259616E+11   0.57737292E+16   0.10933268E-01   0.16978234E+03   0.30104089E+12   0.39022771E+01   0.92540657E+15   0.30562914E+12   0.39771864E+01   0.88741812E+15   0.16192363E+10
   0.27000000E+01   0.39810717E+12   0.41367214E+01   0.80612643E+15   0.49034612E-01   0.18688904E+03   0.92520808E+11   0.57219199E+16   0.11853496E-01   0.18324481E+03   0.37894890E+12   0.38863330E+01   0.92540657E+15   0.38473421E+12   0.39609695E+01   0.88741812E+15   0.16192363E+10
   0.27000000E+01   0.50118723E+12   0.41212248E+01   0.80612643E+15   0.52946356E-01   0.20179814E+03   0.11681868E+12   0.56744629E+16   0.12847238E-01   0.19778187E+03   0.47701629E+12   0.38716335E+01   0.92540657E+15   0.48431667E+12   0.39460362E+01   0.88741812E+15   0.16192363E+10
   0.27000000E+01   0.63095734E+12   0.41070556E+01   0.80612643E+15   0.57170160E-01   0.21789662E+03   0.14746264E+12   0.56312820E+16   0.13919987E-01   0.21347980E+03   0.60047750E+12   0.38582144E+01   0.92540657E+15   0.60968565E+12   0.39323985E+01   0.88741812E+15   0.16192363E+10
   0.27000000E+01   0.79432823E+12   0.40940965E+01   0.80612643E+15   0.61730918E-01   0.23527936E+03   0.18610443E+12   0.55919655E+16   0.15078032E-01   0.23043117E+03   0.75589833E+12   0.38459420E+01   0.92540657E+15   0.76750178E+12   0.39199106E+01   0.88741812E+15   0.16192363E+10
   0.27000000E+01   0.10000000E+13   0.40823020E+01   0.80612643E+15   0.66655513E-01   0.25404881E+03   0.23482211E+12   0.55563286E+16   0.16327923E-01   0.24873633E+03   0.95153930E+12   0.38347545E+01   0.92540657E+15   0.96617351E+12   0.39085451E+01   0.88741812E+15   0.16192363E+10
   0.27000000E+01   0.12589254E+13   0.40717226E+01   0.80612643E+15   0.71972967E-01   0.27431560E+03   0.29622616E+12   0.55244812E+16   0.17676294E-01   0.26850433E+03   0.11978290E+13   0.38247229E+01   0.92540657E+15   0.12162822E+13   0.38983539E+01   0.88741812E+15   0.16192363E+10
   0.27000000E+01   0.15848932E+13   0.40621267E+01   0.80612643E+15   0.77714622E-01   0.29619917E+03   0.37361852E+12   0.54956913E+16   0.19131511E-01   0.28985097E+03   0.15078904E+13   0.38156358E+01   0.92540657E+15   0.15311535E+13   0.38891199E+01   0.88741812E+15   0.16192363E+10
   0.27000000E+01   0.19952623E+13   0.40536571E+01   0.80612643E+15   0.83914319E-01   0.31982850E+03   0.47113035E+12   0.54703570E+16   0.20700892E-01   0.31290407E+03   0.18982247E+13   0.38076154E+01   0.92540657E+15   0.19275296E+13   0.38809584E+01   0.88741812E+15   0.16192363E+10
   0.27000000E+01   0.25118864E+13   0.40461369E+01   0.80612643E+15   0.90608597E-01   0.34534288E+03   0.59398521E+12   0.54479222E+16   0.22393854E-01   0.33779919E+03   0.23896105E+13   0.38004918E+01   0.92540657E+15   0.24265282E+13   0.38737118E+01   0.88741812E+15   0.16192363E+10
   0.27000000E+01   0.31622777E+13   0.40395236E+01   0.80612643E+15   0.97836912E-01   0.37289266E+03   0.74874686E+12   0.54282395E+16   0.24219914E-01   0.36468375E+03   0.30081965E+13   0.37942191E+01   0.92540657E+15   0.30547207E+13   0.38673393E+01   0.88741812E+15   0.16192363E+10
   0.27000000E+01   0.39810717E+13   0.40337904E+01   0.80612643E+15   0.10564187E+00   0.40264023E+03   0.94367181E+12   0.54112114E+16   0.26189231E-01   0.39371714E+03   0.37869366E+13   0.37887813E+01   0.92540657E+15   0.38455591E+13   0.38618148E+01   0.88741812E+15   0.16192363E+10
   0.27000000E+01   0.50118723E+13   0.40288365E+01   0.80612643E+15   0.11406947E+00   0.43476092E+03   0.11891638E+13   0.53965244E+16   0.28313252E-01   0.42507069E+03   0.47672983E+13   0.37840827E+01   0.92540657E+15   0.48411562E+13   0.38570414E+01   0.88741812E+15   0.16192363E+10
   0.27000000E+01   0.63095734E+13   0.40245821E+01   0.80612643E+15   0.12316938E+00   0.46944404E+03   0.14983164E+13   0.53839306E+16   0.30604264E-01   0.45892952E+03   0.60015050E+13   0.37800515E+01   0.92540657E+15   0.60945481E+13   0.38529460E+01   0.88741812E+15   0.16192363E+10
   0.27000000E+01   0.79432823E+13   0.40209422E+01   0.80612643E+15   0.13299523E+00   0.50689402E+03   0.18876155E+13   0.53731700E+16   0.33075639E-01   0.49549338E+03   0.75552791E+13   0.37766047E+01   0.92540657E+15   0.76724799E+13   0.38494443E+01   0.88741812E+15   0.16192363E+10
   0.27000000E+01   0.10000000E+14   0.40178626E+01   0.80612643E+15   0.14360495E+00   0.54733157E+03   0.23778045E+13   0.53640759E+16   0.35741628E-01   0.53497823E+03   0.95113537E+13   0.37736885E+01   0.92540657E+15   0.96589715E+13   0.38464816E+01   0.88741812E+15   0.16192363E+10
   0.27000000E+01   0.12589254E+14   0.40152271E+01   0.80612643E+15   0.15506106E+00   0.59099504E+03   0.29950294E+13   0.53563012E+16   0.38618253E-01   0.57761630E+03   0.11973892E+14   0.37711930E+01   0.92540657E+15   0.12159777E+14   0.38439431E+01   0.88741812E+15   0.16192363E+10
   0.27000000E+01   0.15848932E+14   0.40129900E+01   0.80612643E+15   0.16743108E+00   0.63814176E+03   0.37721782E+13   0.53497068E+16   0.41722276E-01   0.62365916E+03   0.15074030E+14   0.37690746E+01   0.92540657E+15   0.15308085E+14   0.38417874E+01   0.88741812E+15   0.16192363E+10
   0.27000000E+01   0.19952623E+14   0.40110845E+01   0.80612643E+15   0.18078792E+00   0.68904962E+03   0.47506726E+13   0.53440939E+16   0.45072079E-01   0.67337805E+03   0.18976858E+14   0.37672703E+01   0.92540657E+15   0.19271558E+14   0.38399513E+01   0.88741812E+15   0.16192363E+10
   0.27000000E+01   0.25118864E+14   0.40094591E+01   0.80612643E+15   0.19521030E+00   0.74401867E+03   0.59826575E+13   0.53393087E+16   0.48687442E-01   0.72706593E+03   0.23890211E+14   0.37657311E+01   0.92540657E+15   0.24261262E+14   0.38383850E+01   0.88741812E+15   0.16192363E+10
   0.27000000E+01   0.31622777E+14   0.40080686E+01   0.80612643E+15   0.21078324E+00   0.80337288E+03   0.75337837E+13   0.53352173E+16   0.52589729E-01   0.78503914E+03   0.30075737E+14   0.37644144E+01   0.92540657E+15   0.30542911E+14   0.38370451E+01   0.88741812E+15   0.16192363E+10
   0.27000000E+01   0.39810717E+14   0.40068771E+01   0.80612643E+15   0.22759851E+00   0.86746208E+03   0.94866999E+13   0.53317132E+16   0.56801968E-01   0.84763932E+03   0.37862833E+14   0.37632862E+01   0.92540657E+15   0.38451023E+14   0.38358971E+01   0.88741812E+15   0.16192363E+10
   0.27000000E+01   0.50118723E+14   0.40058587E+01   0.80612643E+15   0.24575521E+00   0.93666401E+03   0.11945447E+14   0.53287189E+16   0.61348947E-01   0.91523547E+03   0.47666184E+14   0.37623219E+01   0.92540657E+15   0.48406729E+14   0.38349157E+01   0.88741812E+15   0.16192363E+10
   0.27000000E+01   0.63095734E+14   0.40049843E+01   0.80612643E+15   0.26536037E+00   0.10113865E+04   0.15041021E+14   0.53261490E+16   0.66257532E-01   0.98822591E+03   0.60007849E+14   0.37614939E+01   0.92540657E+15   0.60940201E+14   0.38340732E+01   0.88741812E+15   0.16192363E+10
   0.27000000E+01   0.79432823E+14   0.40042368E+01   0.80612643E+15   0.28652954E+00   0.10920701E+04   0.18938317E+14   0.53239527E+16   0.71556593E-01   0.10670409E+04   0.75545059E+14   0.37607861E+01   0.92540657E+15   0.76718887E+14   0.38333529E+01   0.88741812E+15   0.16192363E+10
   0.27000000E+01   0.10000000E+15   0.40035958E+01   0.80612643E+15   0.30938748E+00   0.11791901E+04   0.23844946E+14   0.53220696E+16   0.77277402E-01   0.11521449E+04   0.95105220E+14   0.37601791E+01   0.92540657E+15   0.96583053E+14   0.38327353E+01   0.88741812E+15   0.16192363E+10
   0.27000000E+01   0.12589254E+15   0.40030485E+01   0.80612643E+15   0.33406892E+00   0.12732602E+04   0.30022252E+14   0.53204623E+16   0.83453627E-01   0.12440397E+04   0.11972998E+15   0.37596610E+01   0.92540657E+15   0.12159053E+15   0.38322079E+01   0.88741812E+15   0.16192363E+10
   0.27000000E+01   0.15848932E+15   0.40025812E+01   0.80612643E+15   0.36071932E+00   0.13748347E+04   0.37799264E+14   0.53190901E+16   0.90121674E-01   0.13432667E+04   0.15073068E+15   0.37592185E+01   0.92540657E+15   0.15307306E+15   0.38317577E+01   0.88741812E+15   0.16192363E+10
   0.27000000E+01   0.19952623E+15   0.40021829E+01   0.80612643E+15   0.38949576E+00   0.14845124E+04   0.47590198E+14   0.53179206E+16   0.97320831E-01   0.14504109E+04   0.18975822E+15   0.37588413E+01   0.92540657E+15   0.19270719E+15   0.38313738E+01   0.88741812E+15   0.16192363E+10
   0.27000000E+01   0.25118864E+15   0.40018440E+01   0.80612643E+15   0.42056785E+00   0.16029396E+04   0.59916520E+14   0.53169257E+16   0.10509351E+00   0.15661038E+04   0.23889094E+15   0.37585204E+01   0.92540657E+15   0.24260358E+15   0.38310473E+01   0.88741812E+15   0.16192363E+10
   0.27000000E+01   0.31622777E+15   0.40015560E+01   0.80612643E+15   0.45411872E+00   0.17308144E+04   0.75434722E+14   0.53160802E+16   0.11348553E+00   0.16910272E+04   0.30074530E+15   0.37582475E+01   0.92540657E+15   0.30541938E+15   0.38307698E+01   0.88741812E+15   0.16192363E+10
   0.27000000E+01   0.39810717E+15   0.40013117E+01   0.80612643E+15   0.49034612E+00   0.18688904E+04   0.94971271E+14   0.53153633E+16   0.12254634E+00   0.18259175E+04   0.37861521E+15   0.37580158E+01   0.92540657E+15   0.38449976E+15   0.38305344E+01   0.88741812E+15   0.16192363E+10
   0.27000000E+01   0.50118723E+15   0.40011049E+01   0.80612643E+15   0.52946356E+00   0.20179814E+04   0.11956663E+15   0.53147564E+16   0.13232934E+00   0.19715697E+04   0.47664758E+15   0.37578197E+01   0.92540657E+15   0.48405603E+15   0.38303351E+01   0.88741812E+15   0.16192363E+10
   0.27000000E+01   0.63095734E+15   0.40009301E+01   0.80612643E+15   0.57170160E+00   0.21789662E+04   0.15053067E+15   0.53142433E+16   0.14289217E+00   0.21288423E+04   0.60006298E+15   0.37576538E+01   0.92540657E+15   0.60938991E+15   0.38301667E+01   0.88741812E+15   0.16192363E+10
   0.27000000E+01   0.79432823E+15   0.40007824E+01   0.80612643E+15   0.61730918E+00   0.23527936E+04   0.18951242E+15   0.53138100E+16   0.15429711E+00   0.22986621E+04   0.75543370E+15   0.37575138E+01   0.92540657E+15   0.76717589E+15   0.38300244E+01   0.88741812E+15   0.16192363E+10
   0.27000000E+01   0.10000000E+16   0.40006581E+01   0.80612643E+15   0.66655513E+00   0.25404881E+04   0.23858786E+15   0.53134452E+16   0.16661137E+00   0.24820302E+04   0.95103381E+15   0.37573959E+01   0.92540657E+15   0.96581664E+15   0.38299046E+01   0.88741812E+15   0.16192363E+10
   0.27000000E+01   0.12589254E+16   0.40005533E+01   0.80612643E+15   0.71972967E+00   0.27431560E+04   0.30037054E+15   0.53131376E+16   0.17990753E+00   0.26800272E+04   0.11972797E+16   0.37572965E+01   0.92540657E+15   0.12158905E+16   0.38298036E+01   0.88741812E+15   0.16192363E+10
   0.27000000E+01   0.15848932E+16   0.40004654E+01   0.80612643E+15   0.77714622E+00   0.29619917E+04   0.37815068E+15   0.53128795E+16   0.19426395E+00   0.28938201E+04   0.15072849E+16   0.37572130E+01   0.92540657E+15   0.15307148E+16   0.38297189E+01   0.88741812E+15   0.16192363E+10
   0.27000000E+01   0.19952623E+16   0.40003914E+01   0.80612643E+15   0.83914319E+00   0.31982850E+04   0.47607046E+15   0.53126626E+16   0.20976527E+00   0.31246691E+04   0.18975582E+16   0.37571429E+01   0.92540657E+15   0.19270550E+16   0.38296476E+01   0.88741812E+15   0.16192363E+10
   0.27000000E+01   0.25118864E+16   0.40003293E+01   0.80612643E+15   0.90608597E+00   0.34534288E+04   0.59934455E+15   0.53124804E+16   0.22650284E+00   0.33739346E+04   0.23888831E+16   0.37570840E+01   0.92540657E+15   0.24260178E+16   0.38295878E+01   0.88741812E+15   0.16192363E+10
   0.27000000E+01   0.31622777E+16   0.40002775E+01   0.80612643E+15   0.97836912E+00   0.37289266E+04   0.75453782E+15   0.53123282E+16   0.24457532E+00   0.36430858E+04   0.30074245E+16   0.37570348E+01   0.92540657E+15   0.30541747E+16   0.38295378E+01   0.88741812E+15   0.16192363E+10
   0.27000000E+01   0.39810717E+16   0.40002338E+01   0.80612643E+15   0.10564187E+01   0.40264023E+04   0.94991503E+15   0.53122002E+16   0.26408923E+00   0.39337091E+04   0.37861219E+16   0.37569934E+01   0.92540657E+15   0.38449773E+16   0.38294958E+01   0.88741812E+15   0.16192363E+10
   0.27000000E+01   0.50118723E+16   0.40001974E+01   0.80612643E+15   0.11406947E+01   0.43476092E+04   0.11958808E+16   0.53120935E+16   0.28515959E+00   0.42475173E+04   0.47664438E+16   0.37569589E+01   0.92540657E+15   0.48405388E+16   0.38294607E+01   0.88741812E+15   0.16192363E+10
   0.27000000E+01   0.63095734E+16   0.40001669E+01   0.80612643E+15   0.12316938E+01   0.46944404E+04   0.15055338E+16   0.53120039E+16   0.30791059E+00   0.45863600E+04   0.60005959E+16   0.37569300E+01   0.92540657E+15   0.60938764E+16   0.38294313E+01   0.88741812E+15   0.16192363E+10
   0.27000000E+01   0.79432823E+16   0.40001414E+01   0.80612643E+15   0.13299523E+01   0.50689402E+04   0.18953643E+16   0.53119289E+16   0.33247633E+00   0.49522343E+04   0.75543012E+16   0.37569057E+01   0.92540657E+15   0.76717349E+16   0.38294067E+01   0.88741812E+15   0.16192363E+10
   0.27000000E+01   0.10000000E+17   0.40001201E+01   0.80612643E+15   0.14360495E+01   0.54733157E+04   0.23861323E+16   0.53118665E+16   0.35900160E+00   0.53472966E+04   0.95103002E+16   0.37568855E+01   0.92540657E+15   0.96581409E+16   0.38293862E+01   0.88741812E+15   0.16192363E+10
   0.27000000E+01   0.12589254E+17   0.40001021E+01   0.80612643E+15   0.15506106E+01   0.59099504E+04   0.30039733E+16   0.53118137E+16   0.38764275E+00   0.57738754E+04   0.11972757E+17   0.37568685E+01   0.92540657E+15   0.12158878E+17   0.38293688E+01   0.88741812E+15   0.16192363E+10
