         1        92   0.55000000E+01   0.31562220E+00   0.68437780E+00   0.82883870E+00   0.96580000E+00   0.22242000E-01  ---------------   0.27255000E+01  ---------------      0.67238290E+00                                 
   0.55000000E+01   0.10000000E+08   0.41237762E+01   0.42918248E+16   0.82241268E-03   0.72325310E+01   0.23297122E+07   0.30252406E+17   0.19943194E-03   0.70890654E+01   0.95729492E+07   0.39020972E+01   0.48492968E+16   0.96002489E+07   0.39160556E+01   0.48113084E+16   0.69939728E+09
   0.55000000E+01   0.12589254E+08   0.41181535E+01   0.42918248E+16   0.88802078E-03   0.78095073E+01   0.29360630E+07   0.30160972E+17   0.21563567E-03   0.76534560E+01   0.12051271E+08   0.38967382E+01   0.48492968E+16   0.12085639E+08   0.39106775E+01   0.48113084E+16   0.69939728E+09
   0.55000000E+01   0.15848932E+08   0.41126630E+01   0.42918248E+16   0.95886279E-03   0.84325121E+01   0.37001423E+07   0.30071851E+17   0.23314888E-03   0.82628096E+01   0.15171260E+08   0.38915094E+01   0.48492968E+16   0.15214524E+08   0.39054299E+01   0.48113084E+16   0.69939728E+09
   0.55000000E+01   0.19952623E+08   0.41074221E+01   0.42918248E+16   0.10353562E-02   0.91052171E+01   0.46628524E+07   0.29986932E+17   0.25206960E-03   0.89207385E+01   0.19098918E+08   0.38865118E+01   0.48492968E+16   0.19153478E+08   0.39004210E+01   0.48113084E+16   0.69939728E+09
   0.55000000E+01   0.25118864E+08   0.41023400E+01   0.42918248E+16   0.11179519E-02   0.98315873E+01   0.58758747E+07   0.29904727E+17   0.27251567E-03   0.96310963E+01   0.24043390E+08   0.38816641E+01   0.48492968E+16   0.24112222E+08   0.38955639E+01   0.48113084E+16   0.69939728E+09
   0.55000000E+01   0.31622777E+08   0.40973500E+01   0.42918248E+16   0.12071367E-02   0.10615904E+02   0.74043417E+07   0.29824147E+17   0.29461401E-03   0.10398046E+02   0.30267939E+08   0.38769044E+01   0.48492968E+16   0.30354774E+08   0.38907949E+01   0.48113084E+16   0.69939728E+09
   0.55000000E+01   0.39810717E+08   0.40925735E+01   0.42918248E+16   0.13034363E-02   0.11462789E+02   0.93300363E+07   0.29747137E+17   0.31848817E-03   0.11226134E+02   0.38103997E+08   0.38723483E+01   0.48492968E+16   0.38213329E+08   0.38862230E+01   0.48113084E+16   0.69939728E+09
   0.55000000E+01   0.50118723E+08   0.40879286E+01   0.42918248E+16   0.14074181E-02   0.12377235E+02   0.11756279E+08   0.29672366E+17   0.34428637E-03   0.12120213E+02   0.47968767E+08   0.38679178E+01   0.48492968E+16   0.48106404E+08   0.38817766E+01   0.48113084E+16   0.69939728E+09
   0.55000000E+01   0.63095734E+08   0.40834444E+01   0.42918248E+16   0.15196951E-02   0.13364631E+02   0.14813022E+08   0.29600290E+17   0.37216011E-03   0.13085554E+02   0.60387489E+08   0.38636405E+01   0.48492968E+16   0.60560759E+08   0.38774840E+01   0.48113084E+16   0.69939728E+09
   0.55000000E+01   0.79432823E+08   0.40791851E+01   0.42918248E+16   0.16409290E-02   0.14430797E+02   0.18663763E+08   0.29531930E+17   0.40226883E-03   0.14127868E+02   0.76021416E+08   0.38595779E+01   0.48492968E+16   0.76239545E+08   0.38734068E+01   0.48113084E+16   0.69939728E+09
   0.55000000E+01   0.10000000E+09   0.40750325E+01   0.42918248E+16   0.17718344E-02   0.15582016E+02   0.23515075E+08   0.29465375E+17   0.43480252E-03   0.15253249E+02   0.95702924E+08   0.38556170E+01   0.48492968E+16   0.95977525E+08   0.38694318E+01   0.48113084E+16   0.69939728E+09
   0.55000000E+01   0.12589254E+09   0.40709930E+01   0.42918248E+16   0.19131828E-02   0.16825074E+02   0.29626785E+08   0.29400719E+17   0.46995482E-03   0.16468324E+02   0.12048034E+09   0.38517683E+01   0.48492968E+16   0.12082603E+09   0.38655693E+01   0.48113084E+16   0.69939728E+09
   0.55000000E+01   0.15848932E+09   0.40671549E+01   0.42918248E+16   0.20658072E-02   0.18167297E+02   0.37325554E+08   0.29339368E+17   0.50792441E-03   0.17780288E+02   0.15167297E+09   0.38481133E+01   0.48492968E+16   0.15210817E+09   0.38619012E+01   0.48113084E+16   0.69939728E+09
   0.55000000E+01   0.19952623E+09   0.40634420E+01   0.42918248E+16   0.22306074E-02   0.19616596E+02   0.47023819E+08   0.29280093E+17   0.54894529E-03   0.19196834E+02   0.19094124E+09   0.38445754E+01   0.48492968E+16   0.19148943E+09   0.38583528E+01   0.48113084E+16   0.69939728E+09
   0.55000000E+01   0.25118864E+09   0.40598971E+01   0.42918248E+16   0.24085544E-02   0.21181513E+02   0.59240103E+08   0.29223569E+17   0.59325504E-03   0.20726329E+02   0.24037565E+09   0.38411941E+01   0.48492968E+16   0.24106682E+09   0.38549650E+01   0.48113084E+16   0.69939728E+09
   0.55000000E+01   0.31622777E+09   0.40565055E+01   0.42918248E+16   0.26006972E-02   0.22871271E+02   0.74627892E+08   0.29169551E+17   0.64111764E-03   0.22377776E+02   0.30260883E+09   0.38379591E+01   0.48492968E+16   0.30348020E+09   0.38517237E+01   0.48113084E+16   0.69939728E+09
   0.55000000E+01   0.39810717E+09   0.40531981E+01   0.42918248E+16   0.28081683E-02   0.24695831E+02   0.94011237E+08   0.29116934E+17   0.69282779E-03   0.24160863E+02   0.38095435E+09   0.38348044E+01   0.48492968E+16   0.38205286E+09   0.38485629E+01   0.48113084E+16   0.69939728E+09
   0.55000000E+01   0.50118723E+09   0.40500501E+01   0.42918248E+16   0.30321904E-02   0.26665945E+02   0.11842550E+09   0.29066905E+17   0.74867972E-03   0.26086138E+02   0.47958401E+09   0.38318017E+01   0.48492968E+16   0.48096856E+09   0.38455537E+01   0.48113084E+16   0.69939728E+09
   0.55000000E+01   0.63095734E+09   0.40470711E+01   0.42918248E+16   0.32740838E-02   0.28793225E+02   0.14917523E+09   0.29019611E+17   0.80900083E-03   0.28164956E+02   0.60374963E+09   0.38289603E+01   0.48492968E+16   0.60549265E+09   0.38427021E+01   0.48113084E+16   0.69939728E+09
   0.55000000E+01   0.79432823E+09   0.40442044E+01   0.42918248E+16   0.35352744E-02   0.31090209E+02   0.18790527E+09   0.28974144E+17   0.87415820E-03   0.30409527E+02   0.76006259E+09   0.38262260E+01   0.48492968E+16   0.76225688E+09   0.38399580E+01   0.48113084E+16   0.69939728E+09
   0.55000000E+01   0.10000000E+10   0.40414339E+01   0.42918248E+16   0.38173015E-02   0.33570435E+02   0.23668640E+09   0.28930245E+17   0.94454137E-03   0.32833060E+02   0.95684608E+09   0.38235835E+01   0.48492968E+16   0.95960848E+09   0.38373060E+01   0.48113084E+16   0.69939728E+09
   0.55000000E+01   0.12589254E+10   0.40388213E+01   0.42918248E+16   0.41218274E-02   0.36248522E+02   0.29812232E+09   0.28888884E+17   0.10205521E-02   0.35449888E+02   0.12045788E+10   0.38210916E+01   0.48492968E+16   0.12080564E+10   0.38348052E+01   0.48113084E+16   0.69939728E+09
   0.55000000E+01   0.15848932E+10   0.40363157E+01   0.42918248E+16   0.44506468E-02   0.39140254E+02   0.37549729E+09   0.28849253E+17   0.11026508E-02   0.38275388E+02   0.15164519E+10   0.38187018E+01   0.48492968E+16   0.15208298E+10   0.38324068E+01   0.48113084E+16   0.69939728E+09
   0.55000000E+01   0.19952623E+10   0.40339253E+01   0.42918248E+16   0.48056979E-02   0.42262674E+02   0.47294380E+09   0.28811472E+17   0.11913205E-02   0.41326218E+02   0.19090722E+10   0.38164218E+01   0.48492968E+16   0.19145836E+10   0.38301186E+01   0.48113084E+16   0.69939728E+09
   0.55000000E+01   0.25118864E+10   0.40316697E+01   0.42918248E+16   0.51890732E-02   0.45634186E+02   0.59566349E+09   0.28775852E+17   0.12870780E-02   0.44620380E+02   0.24033466E+10   0.38142705E+01   0.48492968E+16   0.24102850E+10   0.38279596E+01   0.48113084E+16   0.69939728E+09
   0.55000000E+01   0.31622777E+10   0.40294999E+01   0.42918248E+16   0.56030324E-02   0.49274660E+02   0.75021422E+09   0.28741610E+17   0.13905032E-02   0.48177233E+02   0.30255943E+10   0.38122009E+01   0.48492968E+16   0.30343291E+10   0.38258826E+01   0.48113084E+16   0.69939728E+09
   0.55000000E+01   0.39810717E+10   0.40274287E+01   0.42918248E+16   0.60500152E-02   0.53205554E+02   0.94484670E+09   0.28708949E+17   0.15022029E-02   0.52017752E+02   0.38089497E+10   0.38102255E+01   0.48492968E+16   0.38199461E+10   0.38239001E+01   0.48113084E+16   0.69939728E+09
   0.55000000E+01   0.50118723E+10   0.40255003E+01   0.42918248E+16   0.65326561E-02   0.57450036E+02   0.11899409E+10   0.28678560E+17   0.16228184E-02   0.56164633E+02   0.47951371E+10   0.38083888E+01   0.48492968E+16   0.48089805E+10   0.38220568E+01   0.48113084E+16   0.69939728E+09
   0.55000000E+01   0.63095734E+10   0.40236491E+01   0.42918248E+16   0.70537998E-02   0.62033122E+02   0.14985904E+10   0.28649405E+17   0.17530853E-02   0.60642230E+02   0.60366655E+10   0.38066260E+01   0.48492968E+16   0.60540932E+10   0.38202876E+01   0.48113084E+16   0.69939728E+09
   0.55000000E+01   0.79432823E+10   0.40218793E+01   0.42918248E+16   0.76165178E-02   0.66981824E+02   0.18872685E+10   0.28621551E+17   0.18937709E-02   0.65476934E+02   0.75996461E+10   0.38049408E+01   0.48492968E+16   0.76215861E+10   0.38185964E+01   0.48113084E+16   0.69939728E+09
   0.55000000E+01   0.10000000E+11   0.40202176E+01   0.42918248E+16   0.82241268E-02   0.72325310E+02   0.23767051E+10   0.28595412E+17   0.20456920E-02   0.70697285E+02   0.95673101E+10   0.38033584E+01   0.48492968E+16   0.95949308E+10   0.38170083E+01   0.48113084E+16   0.69939728E+09
   0.55000000E+01   0.12589254E+11   0.40186639E+01   0.42918248E+16   0.88802078E-02   0.78095073E+02   0.29930074E+10   0.28570985E+17   0.22097414E-02   0.76334062E+02   0.12044438E+11   0.38018789E+01   0.48492968E+16   0.12079211E+11   0.38155235E+01   0.48113084E+16   0.69939728E+09
   0.55000000E+01   0.15848932E+11   0.40171695E+01   0.42918248E+16   0.95886279E-02   0.84325121E+02   0.37690794E+10   0.28547502E+17   0.23869115E-02   0.82420395E+02   0.15162911E+11   0.38004535E+01   0.48492968E+16   0.15206714E+11   0.38140954E+01   0.48113084E+16   0.69939728E+09
   0.55000000E+01   0.19952623E+11   0.40157577E+01   0.42918248E+16   0.10353562E-01   0.91052171E+02   0.47463066E+10   0.28525329E+17   0.25782338E-02   0.88992201E+02   0.19088809E+11   0.37991069E+01   0.48492968E+16   0.19143987E+11   0.38127462E+01   0.48113084E+16   0.69939728E+09
   0.55000000E+01   0.25118864E+11   0.40144543E+01   0.42918248E+16   0.11179519E-01   0.98315873E+02   0.59767776E+10   0.28504867E+17   0.27848167E-02   0.96088285E+02   0.24031195E+11   0.37978637E+01   0.48492968E+16   0.24100699E+11   0.38115006E+01   0.48113084E+16   0.69939728E+09
   0.55000000E+01   0.31622777E+11   0.40132185E+01   0.42918248E+16   0.12071367E-01   0.10615904E+03   0.75261466E+10   0.28485475E+17   0.30079018E-02   0.10375038E+03   0.30253253E+11   0.37966851E+01   0.48492968E+16   0.30340799E+11   0.38103197E+01   0.48113084E+16   0.69939728E+09
   0.55000000E+01   0.39810717E+11   0.40120545E+01   0.42918248E+16   0.13034363E-01   0.11462789E+03   0.94770279E+10   0.28467217E+17   0.32487999E-02   0.11202367E+03   0.38086317E+11   0.37955749E+01   0.48492968E+16   0.38196586E+11   0.38092073E+01   0.48113084E+16   0.69939728E+09
   0.55000000E+01   0.50118723E+11   0.40109690E+01   0.42918248E+16   0.14074181E-01   0.12377235E+03   0.11933421E+11   0.28450197E+17   0.35089229E-02   0.12095694E+03   0.47947514E+11   0.37945395E+01   0.48492968E+16   0.48086398E+11   0.38081700E+01   0.48113084E+16   0.69939728E+09
   0.55000000E+01   0.63095734E+11   0.40099697E+01   0.42918248E+16   0.15196951E-01   0.13364631E+03   0.15026244E+11   0.28434533E+17   0.37897920E-02   0.13060288E+03   0.60361973E+11   0.37935864E+01   0.48492968E+16   0.60536893E+11   0.38072150E+01   0.48113084E+16   0.69939728E+09
   0.55000000E+01   0.79432823E+11   0.40090378E+01   0.42918248E+16   0.16409290E-01   0.14430797E+03   0.18920394E+11   0.28419931E+17   0.40930744E-02   0.14101830E+03   0.75990788E+11   0.37926976E+01   0.48492968E+16   0.76211086E+11   0.38063244E+01   0.48113084E+16   0.69939728E+09
   0.55000000E+01   0.10000000E+12   0.40081787E+01   0.42918248E+16   0.17718344E-01   0.15582016E+03   0.23823399E+11   0.28406472E+17   0.44205475E-02   0.15226463E+03   0.95666230E+11   0.37918781E+01   0.48492968E+16   0.95943669E+11   0.38055034E+01   0.48113084E+16   0.69939728E+09
   0.55000000E+01   0.12589254E+12   0.40073843E+01   0.42918248E+16   0.19131828E-01   0.16825074E+03   0.29996579E+11   0.28394033E+17   0.47741435E-02   0.16440815E+03   0.12043606E+12   0.37911205E+01   0.48492968E+16   0.12078545E+12   0.38047443E+01   0.48113084E+16   0.69939728E+09
   0.55000000E+01   0.15848932E+12   0.40066683E+01   0.42918248E+16   0.20658072E-01   0.18167297E+03   0.37768788E+11   0.28382823E+17   0.51559228E-02   0.17752050E+03   0.15161935E+12   0.37904375E+01   0.48492968E+16   0.15205935E+12   0.38040600E+01   0.48113084E+16   0.69939728E+09
   0.55000000E+01   0.19952623E+12   0.40060176E+01   0.42918248E+16   0.22306074E-01   0.19616596E+03   0.47554190E+11   0.28372637E+17   0.55681417E-02   0.19167896E+03   0.19087669E+12   0.37898169E+01   0.48492968E+16   0.19143076E+12   0.38034382E+01   0.48113084E+16   0.69939728E+09
   0.55000000E+01   0.25118864E+12   0.40054226E+01   0.42918248E+16   0.24085544E-01   0.21181513E+03   0.59874205E+11   0.28363327E+17   0.60132342E-02   0.20696696E+03   0.24029864E+12   0.37892494E+01   0.48492968E+16   0.24099635E+12   0.38028696E+01   0.48113084E+16   0.69939728E+09
   0.55000000E+01   0.31622777E+12   0.40048870E+01   0.42918248E+16   0.26006972E-01   0.22871271E+03   0.75385125E+11   0.28354946E+17   0.64938093E-02   0.22347465E+03   0.30251707E+12   0.37887385E+01   0.48492968E+16   0.30339564E+12   0.38023577E+01   0.48113084E+16   0.69939728E+09
   0.55000000E+01   0.39810717E+12   0.40044100E+01   0.42918248E+16   0.28081683E-01   0.24695831E+03   0.94913183E+11   0.28347485E+17   0.70126892E-02   0.24129936E+03   0.38084532E+12   0.37882836E+01   0.48492968E+16   0.38195159E+12   0.38019020E+01   0.48113084E+16   0.69939728E+09
   0.55000000E+01   0.50118723E+12   0.40039785E+01   0.42918248E+16   0.30321904E-01   0.26665945E+03   0.11949880E+12   0.28340735E+17   0.75729437E-02   0.26054612E+03   0.47945458E+12   0.37878720E+01   0.48492968E+16   0.48084729E+12   0.38014889E+01   0.48113084E+16   0.69939728E+09
   0.55000000E+01   0.63095734E+12   0.40035921E+01   0.42918248E+16   0.32740838E-01   0.28793225E+03   0.15045155E+12   0.28334691E+17   0.81778658E-02   0.28132838E+03   0.60359612E+12   0.37875035E+01   0.48492968E+16   0.60534944E+12   0.38011190E+01   0.48113084E+16   0.69939728E+09
   0.55000000E+01   0.79432823E+12   0.40032448E+01   0.42918248E+16   0.35352744E-01   0.31090209E+03   0.18942026E+12   0.28329261E+17   0.88310224E-02   0.30376863E+03   0.75988087E+12   0.37871722E+01   0.48492968E+16   0.76208816E+12   0.38007866E+01   0.48113084E+16   0.69939728E+09
   0.55000000E+01   0.10000000E+13   0.40029312E+01   0.42918248E+16   0.38173015E-01   0.33570435E+03   0.23848075E+12   0.28324358E+17   0.95362655E-02   0.32799913E+03   0.95663149E+12   0.37868732E+01   0.48492968E+16   0.95941031E+12   0.38004864E+01   0.48113084E+16   0.69939728E+09
   0.55000000E+01   0.12589254E+13   0.40026509E+01   0.42918248E+16   0.41218274E-01   0.36248522E+03   0.30024610E+12   0.28319975E+17   0.10297744E-01   0.35416272E+03   0.12043256E+13   0.37866058E+01   0.48492968E+16   0.12078239E+13   0.38002181E+01   0.48113084E+16   0.69939728E+09
   0.55000000E+01   0.15848932E+13   0.40023972E+01   0.42918248E+16   0.44506468E-01   0.39140254E+03   0.37800638E+12   0.28316010E+17   0.11119953E-01   0.38241357E+03   0.15161538E+13   0.37863638E+01   0.48492968E+16   0.15205579E+13   0.37999753E+01   0.48113084E+16   0.69939728E+09
   0.55000000E+01   0.19952623E+13   0.40021671E+01   0.42918248E+16   0.48056979E-01   0.42262674E+03   0.47590346E+12   0.28312413E+17   0.12007739E-01   0.41291819E+03   0.19087218E+13   0.37861443E+01   0.48492968E+16   0.19142662E+13   0.37997550E+01   0.48113084E+16   0.69939728E+09
   0.55000000E+01   0.25118864E+13   0.40019592E+01   0.42918248E+16   0.51890732E-01   0.45634186E+03   0.59915157E+12   0.28309163E+17   0.12966332E-01   0.44585638E+03   0.24029353E+13   0.37859461E+01   0.48492968E+16   0.24099153E+13   0.37995560E+01   0.48113084E+16   0.69939728E+09
   0.55000000E+01   0.31622777E+13   0.40017702E+01   0.42918248E+16   0.56030324E-01   0.49274660E+03   0.75431530E+12   0.28306210E+17   0.14001385E-01   0.48142226E+03   0.30251128E+13   0.37857658E+01   0.48492968E+16   0.30339002E+13   0.37993751E+01   0.48113084E+16   0.69939728E+09
   0.55000000E+01   0.39810717E+13   0.40015987E+01   0.42918248E+16   0.60500152E-01   0.53205554E+03   0.94965887E+12   0.28303529E+17   0.15118995E-01   0.51982547E+03   0.38083874E+13   0.37856022E+01   0.48492968E+16   0.38194500E+13   0.37992109E+01   0.48113084E+16   0.69939728E+09
   0.55000000E+01   0.50118723E+13   0.40014432E+01   0.42918248E+16   0.65326561E-01   0.57450036E+03   0.11955864E+13   0.28301100E+17   0.16325750E-01   0.56129234E+03   0.47944711E+13   0.37854539E+01   0.48492968E+16   0.48083980E+13   0.37990621E+01   0.48113084E+16   0.69939728E+09
   0.55000000E+01   0.63095734E+13   0.40013015E+01   0.42918248E+16   0.70537998E-01   0.62033122E+03   0.15051963E+13   0.28298885E+17   0.17628764E-01   0.60606728E+03   0.60358762E+13   0.37853188E+01   0.48492968E+16   0.60534092E+13   0.37989264E+01   0.48113084E+16   0.69939728E+09
   0.55000000E+01   0.79432823E+13   0.40011727E+01   0.42918248E+16   0.76165178E-01   0.66981824E+03   0.18949780E+13   0.28296873E+17   0.19035714E-01   0.65441419E+03   0.75987120E+13   0.37851960E+01   0.48492968E+16   0.76207847E+13   0.37988032E+01   0.48113084E+16   0.69939728E+09
   0.55000000E+01   0.10000000E+14   0.40010560E+01   0.42918248E+16   0.82241268E-01   0.72325310E+03   0.23856910E+13   0.28295050E+17   0.20554890E-01   0.70661803E+03   0.95662047E+13   0.37850847E+01   0.48492968E+16   0.95939926E+13   0.37986915E+01   0.48113084E+16   0.69939728E+09
   0.55000000E+01   0.12589254E+14   0.40009498E+01   0.42918248E+16   0.88802078E-01   0.78095073E+03   0.30034701E+13   0.28293390E+17   0.22195249E-01   0.76298648E+03   0.12043130E+14   0.37849833E+01   0.48492968E+16   0.12078113E+14   0.37985898E+01   0.48113084E+16   0.69939728E+09
   0.55000000E+01   0.15848932E+14   0.40008536E+01   0.42918248E+16   0.95886279E-01   0.84325121E+03   0.37812167E+13   0.28291887E+17   0.23966455E-01   0.82385178E+03   0.15161394E+14   0.37848916E+01   0.48492968E+16   0.15205435E+14   0.37984977E+01   0.48113084E+16   0.69939728E+09
   0.55000000E+01   0.19952623E+14   0.40007665E+01   0.42918248E+16   0.10353562E+00   0.91052171E+03   0.47603517E+13   0.28290526E+17   0.25878947E-01   0.88957266E+03   0.19087054E+14   0.37848085E+01   0.48492968E+16   0.19142498E+14   0.37984143E+01   0.48113084E+16   0.69939728E+09
   0.55000000E+01   0.25118864E+14   0.40006875E+01   0.42918248E+16   0.11179519E+00   0.98315873E+03   0.59930212E+13   0.28289292E+17   0.27943995E-01   0.96053648E+03   0.24029165E+14   0.37847332E+01   0.48492968E+16   0.24098965E+14   0.37983388E+01   0.48113084E+16   0.69939728E+09
   0.55000000E+01   0.31622777E+14   0.40006162E+01   0.42918248E+16   0.12071367E+00   0.10615904E+04   0.75448730E+13   0.28288179E+17   0.30173770E-01   0.10371615E+04   0.30250914E+14   0.37846652E+01   0.48492968E+16   0.30338786E+14   0.37982705E+01   0.48113084E+16   0.69939728E+09
   0.55000000E+01   0.39810717E+14   0.40005518E+01   0.42918248E+16   0.13034363E+00   0.11462789E+04   0.94985532E+13   0.28287173E+17   0.32581411E-01   0.11198993E+04   0.38083629E+14   0.37846038E+01   0.48492968E+16   0.38194254E+14   0.37982089E+01   0.48113084E+16   0.69939728E+09
   0.55000000E+01   0.50118723E+14   0.40004938E+01   0.42918248E+16   0.14074181E+00   0.12377235E+04   0.11958107E+14   0.28286266E+17   0.35181109E-01   0.12092376E+04   0.47944431E+14   0.37845484E+01   0.48492968E+16   0.48083700E+14   0.37981533E+01   0.48113084E+16   0.69939728E+09
   0.55000000E+01   0.63095734E+14   0.40004415E+01   0.42918248E+16   0.15196951E+00   0.13364631E+04   0.15054521E+14   0.28285448E+17   0.37988185E-01   0.13057030E+04   0.60358443E+14   0.37844985E+01   0.48492968E+16   0.60533772E+14   0.37981032E+01   0.48113084E+16   0.69939728E+09
   0.55000000E+01   0.79432823E+14   0.40003945E+01   0.42918248E+16   0.16409290E+00   0.14430797E+04   0.18952695E+14   0.28284714E+17   0.41019180E-01   0.14098639E+04   0.75986756E+14   0.37844537E+01   0.48492968E+16   0.76207482E+14   0.37980582E+01   0.48113084E+16   0.69939728E+09
   0.55000000E+01   0.10000000E+15   0.40003522E+01   0.42918248E+16   0.17718344E+00   0.15582016E+04   0.23860228E+14   0.28284054E+17   0.44291960E-01   0.15223344E+04   0.95661634E+14   0.37844134E+01   0.48492968E+16   0.95939511E+14   0.37980178E+01   0.48113084E+16   0.69939728E+09
   0.55000000E+01   0.12589254E+15   0.40003143E+01   0.42918248E+16   0.19131828E+00   0.16825074E+04   0.30038473E+14   0.28283462E+17   0.47825812E-01   0.16437772E+04   0.12043083E+15   0.37843772E+01   0.48492968E+16   0.12078066E+15   0.37979815E+01   0.48113084E+16   0.69939728E+09
   0.55000000E+01   0.15848932E+15   0.40002803E+01   0.42918248E+16   0.20658072E+00   0.18167297E+04   0.37816451E+14   0.28282931E+17   0.51641562E-01   0.17749082E+04   0.15161341E+15   0.37843448E+01   0.48492968E+16   0.15205381E+15   0.37979490E+01   0.48113084E+16   0.69939728E+09
   0.55000000E+01   0.19952623E+15   0.40002499E+01   0.42918248E+16   0.22306074E+00   0.19616596E+04   0.47608378E+14   0.28282455E+17   0.55761701E-01   0.19165003E+04   0.19086993E+15   0.37843158E+01   0.48492968E+16   0.19142437E+15   0.37979198E+01   0.48113084E+16   0.69939728E+09
   0.55000000E+01   0.25118864E+15   0.40002227E+01   0.42918248E+16   0.24085544E+00   0.21181513E+04   0.59935718E+14   0.28282031E+17   0.60210508E-01   0.20693879E+04   0.24029097E+15   0.37842899E+01   0.48492968E+16   0.24098896E+15   0.37978938E+01   0.48113084E+16   0.69939728E+09
   0.55000000E+01   0.31622777E+15   0.40001984E+01   0.42918248E+16   0.26006972E+00   0.22871271E+04   0.75454961E+14   0.28281652E+17   0.65014206E-01   0.22344723E+04   0.30250836E+15   0.37842667E+01   0.48492968E+16   0.30338709E+15   0.37978706E+01   0.48113084E+16   0.69939728E+09
   0.55000000E+01   0.39810717E+15   0.40001767E+01   0.42918248E+16   0.28081683E+00   0.24695831E+04   0.94992575E+14   0.28281313E+17   0.70201106E-01   0.24127263E+04   0.38083541E+15   0.37842460E+01   0.48492968E+16   0.38194166E+15   0.37978498E+01   0.48113084E+16   0.69939728E+09
   0.55000000E+01   0.50118723E+15   0.40001574E+01   0.42918248E+16   0.30321904E+00   0.26665945E+04   0.11958902E+15   0.28281011E+17   0.75801776E-01   0.26052006E+04   0.47944332E+15   0.37842276E+01   0.48492968E+16   0.48083600E+15   0.37978314E+01   0.48113084E+16   0.69939728E+09
   0.55000000E+01   0.63095734E+15   0.40001401E+01   0.42918248E+16   0.32740838E+00   0.28793225E+04   0.15055417E+15   0.28280741E+17   0.81849228E-01   0.28130296E+04   0.60358332E+15   0.37842111E+01   0.48492968E+16   0.60533660E+15   0.37978148E+01   0.48113084E+16   0.69939728E+09
   0.55000000E+01   0.79432823E+15   0.40001249E+01   0.42918248E+16   0.35352744E+00   0.31090209E+04   0.18953705E+15   0.28280503E+17   0.88379101E-01   0.30374383E+04   0.75986631E+15   0.37841966E+01   0.48492968E+16   0.76207356E+15   0.37978002E+01   0.48113084E+16   0.69939728E+09
   0.55000000E+01   0.10000000E+16   0.40001113E+01   0.42918248E+16   0.38173015E+00   0.33570435E+04   0.23861365E+15   0.28280290E+17   0.95429883E-01   0.32797493E+04   0.95661492E+15   0.37841836E+01   0.48492968E+16   0.95939369E+15   0.37977872E+01   0.48113084E+16   0.69939728E+09
   0.55000000E+01   0.12589254E+16   0.40000991E+01   0.42918248E+16   0.41218274E+00   0.36248522E+04   0.30039750E+15   0.28280101E+17   0.10304313E+00   0.35413907E+04   0.12043067E+16   0.37841720E+01   0.48492968E+16   0.12078050E+16   0.37977756E+01   0.48113084E+16   0.69939728E+09
   0.55000000E+01   0.15848932E+16   0.40000885E+01   0.42918248E+16   0.44506468E+00   0.39140254E+04   0.37817885E+15   0.28279934E+17   0.11126371E+00   0.38239046E+04   0.15161323E+16   0.37841618E+01   0.48492968E+16   0.15205363E+16   0.37977653E+01   0.48113084E+16   0.69939728E+09
   0.55000000E+01   0.19952623E+16   0.40000789E+01   0.42918248E+16   0.48056979E+00   0.42262674E+04   0.47609987E+15   0.28279784E+17   0.12014008E+00   0.41289562E+04   0.19086973E+16   0.37841527E+01   0.48492968E+16   0.19142417E+16   0.37977561E+01   0.48113084E+16   0.69939728E+09
   0.55000000E+01   0.25118864E+16   0.40000705E+01   0.42918248E+16   0.51890732E+00   0.45634186E+04   0.59937522E+15   0.28279653E+17   0.12972454E+00   0.44583434E+04   0.24029074E+16   0.37841447E+01   0.48492968E+16   0.24098874E+16   0.37977481E+01   0.48113084E+16   0.69939728E+09
   0.55000000E+01   0.31622777E+16   0.40000630E+01   0.42918248E+16   0.56030324E+00   0.49274660E+04   0.75456981E+15   0.28279536E+17   0.14007360E+00   0.48140075E+04   0.30250811E+16   0.37841375E+01   0.48492968E+16   0.30338683E+16   0.37977410E+01   0.48113084E+16   0.69939728E+09
   0.55000000E+01   0.39810717E+16   0.40000563E+01   0.42918248E+16   0.60500152E+00   0.53205554E+04   0.94994836E+15   0.28279432E+17   0.15124825E+00   0.51980449E+04   0.38083513E+16   0.37841312E+01   0.48492968E+16   0.38194138E+16   0.37977346E+01   0.48113084E+16   0.69939728E+09
   0.55000000E+01   0.50118723E+16   0.40000505E+01   0.42918248E+16   0.65326561E+00   0.57450036E+04   0.11959155E+16   0.28279341E+17   0.16331434E+00   0.56127189E+04   0.47944301E+16   0.37841256E+01   0.48492968E+16   0.48083569E+16   0.37977290E+01   0.48113084E+16   0.69939728E+09
   0.55000000E+01   0.63095734E+16   0.40000453E+01   0.42918248E+16   0.70537998E+00   0.62033122E+04   0.15055700E+16   0.28279259E+17   0.17634300E+00   0.60604736E+04   0.60358297E+16   0.37841206E+01   0.48492968E+16   0.60533625E+16   0.37977240E+01   0.48113084E+16   0.69939728E+09
   0.55000000E+01   0.79432823E+16   0.40000407E+01   0.42918248E+16   0.76165178E+00   0.66981824E+04   0.18954020E+16   0.28279188E+17   0.19041101E+00   0.65439481E+04   0.75986591E+16   0.37841163E+01   0.48492968E+16   0.76207316E+16   0.37977196E+01   0.48113084E+16   0.69939728E+09
   0.55000000E+01   0.10000000E+17   0.40000366E+01   0.42918248E+16   0.82241268E+00   0.72325310E+04   0.23861717E+16   0.28279125E+17   0.20560129E+00   0.70659918E+04   0.95661448E+16   0.37841124E+01   0.48492968E+16   0.95939325E+16   0.37977157E+01   0.48113084E+16   0.69939728E+09
   0.55000000E+01   0.12589254E+17   0.40000330E+01   0.42918248E+16   0.88802078E+00   0.78095073E+04   0.30040143E+16   0.28279067E+17   0.22200337E+00   0.76296818E+04   0.12043063E+17   0.37841089E+01   0.48492968E+16   0.12078045E+17   0.37977122E+01   0.48113084E+16   0.69939728E+09
