         1        92   0.40000000E+01   0.31562220E+00   0.68437780E+00   0.82883870E+00   0.96580000E+00   0.22242000E-01  ---------------   0.27255000E+01  ---------------      0.67238290E+00                                 
   0.40000000E+01   0.10000000E+08   0.45532623E+01   0.19632923E+16   0.10673548E-02   0.63486414E+01   0.21593722E+07   0.17266760E+17   0.23441540E-03   0.62951471E+01   0.95800743E+07   0.43033490E+01   0.22279331E+16   0.96368411E+07   0.43366214E+01   0.21899446E+16   0.10350495E+10
   0.40000000E+01   0.12589254E+08   0.45325456E+01   0.19632923E+16   0.11525032E-02   0.68551053E+01   0.27278304E+07   0.17090677E+17   0.25427283E-03   0.67935052E+01   0.12059331E+08   0.42836193E+01   0.22279331E+16   0.12131048E+08   0.43167699E+01   0.21899446E+16   0.10350495E+10
   0.40000000E+01   0.15848932E+08   0.45120924E+01   0.19632923E+16   0.12444443E-02   0.74019725E+01   0.34458599E+07   0.16917917E+17   0.27580205E-03   0.73313721E+01   0.15180288E+08   0.42641479E+01   0.22279331E+16   0.15270618E+08   0.42971528E+01   0.21899446E+16   0.10350495E+10
   0.40000000E+01   0.19952623E+08   0.44917249E+01   0.19632923E+16   0.13437201E-02   0.79924660E+01   0.43529228E+07   0.16746951E+17   0.29915458E-03   0.79118465E+01   0.19108846E+08   0.42447512E+01   0.22279331E+16   0.19222962E+08   0.42776363E+01   0.21899446E+16   0.10350495E+10
   0.40000000E+01   0.25118864E+08   0.44716749E+01   0.19632923E+16   0.14509156E-02   0.86300663E+01   0.54985775E+07   0.16579688E+17   0.32446803E-03   0.85383592E+01   0.24054117E+08   0.42256576E+01   0.22279331E+16   0.24198080E+08   0.42584132E+01   0.21899446E+16   0.10350495E+10
   0.40000000E+01   0.31622777E+08   0.44521364E+01   0.19632923E+16   0.15666626E-02   0.93185312E+01   0.69453016E+07   0.16417682E+17   0.35189007E-03   0.92146162E+01   0.30279389E+08   0.42070574E+01   0.22279331E+16   0.30460946E+08   0.42396844E+01   0.21899446E+16   0.10350495E+10
   0.40000000E+01   0.39810717E+08   0.44328810E+01   0.19632923E+16   0.16916434E-02   0.10061919E+02   0.87724242E+07   0.16258975E+17   0.38161263E-03   0.99445159E+01   0.38115638E+08   0.41887207E+01   0.22279331E+16   0.38344969E+08   0.42212345E+01   0.21899446E+16   0.10350495E+10
   0.40000000E+01   0.50118723E+08   0.44140904E+01   0.19632923E+16   0.18265945E-02   0.10864610E+02   0.11079547E+08   0.16105010E+17   0.41380994E-03   0.10732373E+02   0.47980073E+08   0.41708298E+01   0.22279331E+16   0.48268985E+08   0.42032113E+01   0.21899446E+16   0.10350495E+10
   0.40000000E+01   0.63095734E+08   0.43953110E+01   0.19632923E+16   0.19723114E-02   0.11731336E+02   0.13993678E+08   0.15952033E+17   0.44873078E-03   0.11582657E+02   0.60397437E+08   0.41529502E+01   0.22279331E+16   0.60762207E+08   0.41852178E+01   0.21899446E+16   0.10350495E+10
   0.40000000E+01   0.79432823E+08   0.43772126E+01   0.19632923E+16   0.21296528E-02   0.12667205E+02   0.17672523E+08   0.15805448E+17   0.48653173E-03   0.12500544E+02   0.76028508E+08   0.41357162E+01   0.22279331E+16   0.76489114E+08   0.41678760E+01   0.21899446E+16   0.10350495E+10
   0.40000000E+01   0.10000000E+09   0.43594096E+01   0.19632923E+16   0.22995462E-02   0.13677733E+02   0.22317762E+08   0.15662064E+17   0.52749029E-03   0.13491284E+02   0.95705412E+08   0.41187691E+01   0.22279331E+16   0.96285472E+08   0.41508006E+01   0.21899446E+16   0.10350495E+10
   0.40000000E+01   0.12589254E+09   0.43422113E+01   0.19632923E+16   0.24829929E-02   0.14768877E+02   0.28181500E+08   0.15524310E+17   0.57182682E-03   0.14560792E+02   0.12047474E+09   0.41023926E+01   0.22279331E+16   0.12120722E+09   0.41343228E+01   0.21899446E+16   0.10350495E+10
   0.40000000E+01   0.15848932E+09   0.43251624E+01   0.19632923E+16   0.26810740E-02   0.15947066E+02   0.35585521E+08   0.15388487E+17   0.61987824E-03   0.15715155E+02   0.15165462E+09   0.40861588E+01   0.22279331E+16   0.15257903E+09   0.41179838E+01   0.21899446E+16   0.10350495E+10
   0.40000000E+01   0.19952623E+09   0.43085883E+01   0.19632923E+16   0.28949572E-02   0.17219246E+02   0.44931714E+08   0.15257147E+17   0.67190387E-03   0.16961261E+02   0.19090516E+09   0.40703819E+01   0.22279331E+16   0.19206958E+09   0.41020896E+01   0.21899446E+16   0.10350495E+10
   0.40000000E+01   0.25118864E+09   0.42925456E+01   0.19632923E+16   0.31259028E-02   0.18592914E+02   0.56728090E+08   0.15130674E+17   0.72821657E-03   0.18306445E+02   0.24031408E+09   0.40551065E+01   0.22279331E+16   0.24178421E+09   0.40867196E+01   0.21899446E+16   0.10350495E+10
   0.40000000E+01   0.31622777E+09   0.42769545E+01   0.19632923E+16   0.33752722E-02   0.20076167E+02   0.71616734E+08   0.15008377E+17   0.78917657E-03   0.19758564E+02   0.30251136E+09   0.40402614E+01   0.22279331E+16   0.30436661E+09   0.40717794E+01   0.21899446E+16   0.10350495E+10
   0.40000000E+01   0.39810717E+09   0.42618567E+01   0.19632923E+16   0.36445351E-02   0.21677746E+02   0.90406209E+08   0.14890529E+17   0.85515197E-03   0.21326161E+02   0.38080835E+09   0.40258903E+01   0.22279331E+16   0.38314436E+09   0.40572982E+01   0.21899446E+16   0.10350495E+10
   0.40000000E+01   0.50118723E+09   0.42470215E+01   0.19632923E+16   0.39352785E-02   0.23407092E+02   0.11412141E+09   0.14775283E+17   0.92659728E-03   0.23018300E+02   0.47936939E+09   0.40117651E+01   0.22279331E+16   0.48231816E+09   0.40430856E+01   0.21899446E+16   0.10350495E+10
   0.40000000E+01   0.63095734E+09   0.42328965E+01   0.19632923E+16   0.42492160E-02   0.25274397E+02   0.14404073E+09   0.14666065E+17   0.10038554E-02   0.24845187E+02   0.60344230E+09   0.39983165E+01   0.22279331E+16   0.60716409E+09   0.40295537E+01   0.21899446E+16   0.10350495E+10
   0.40000000E+01   0.79432823E+09   0.42192129E+01   0.19632923E+16   0.45881979E-02   0.27290666E+02   0.18179148E+09   0.14560731E+17   0.10874535E-02   0.26817396E+02   0.75963010E+09   0.39852885E+01   0.22279331E+16   0.76431738E+09   0.40164277E+01   0.21899446E+16   0.10350495E+10
   0.40000000E+01   0.10000000E+10   0.42059900E+01   0.19632923E+16   0.49542221E-02   0.29467783E+02   0.22941920E+09   0.14459384E+17   0.11778968E-02   0.28946527E+02   0.95624803E+09   0.39727023E+01   0.22279331E+16   0.96215832E+09   0.40037568E+01   0.21899446E+16   0.10350495E+10
   0.40000000E+01   0.12589254E+10   0.41932246E+01   0.19632923E+16   0.53494460E-02   0.31818580E+02   0.28950353E+09   0.14361955E+17   0.12757356E-02   0.31245091E+02   0.12037570E+10   0.39605486E+01   0.22279331E+16   0.12112151E+10   0.39915278E+01   0.21899446E+16   0.10350495E+10
   0.40000000E+01   0.15848932E+10   0.41809234E+01   0.19632923E+16   0.57761989E-02   0.34356913E+02   0.36529593E+09   0.14268450E+17   0.13815606E-02   0.33726607E+02   0.15153334E+10   0.39488370E+01   0.22279331E+16   0.15247412E+10   0.39797414E+01   0.21899446E+16   0.10350495E+10
   0.40000000E+01   0.19952623E+10   0.41693191E+01   0.19632923E+16   0.62369961E-02   0.37097741E+02   0.46087524E+09   0.14180584E+17   0.14959268E-02   0.36405896E+02   0.19075644E+10   0.39377892E+01   0.22279331E+16   0.19194073E+10   0.39686072E+01   0.21899446E+16   0.10350495E+10
   0.40000000E+01   0.25118864E+10   0.41580133E+01   0.19632923E+16   0.67345535E-02   0.40057219E+02   0.58143515E+09   0.14095297E+17   0.16196566E-02   0.39298356E+02   0.24013288E+10   0.39270282E+01   0.22279331E+16   0.24162626E+10   0.39577758E+01   0.21899446E+16   0.10350495E+10
   0.40000000E+01   0.31622777E+10   0.41472479E+01   0.19632923E+16   0.72718036E-02   0.43252791E+02   0.73346357E+09   0.14014379E+17   0.17534046E-02   0.42421244E+02   0.30229045E+10   0.39167791E+01   0.22279331E+16   0.30417425E+10   0.39474631E+01   0.21899446E+16   0.10350495E+10
   0.40000000E+01   0.39810717E+10   0.41370332E+01   0.19632923E+16   0.78519129E-02   0.46703289E+02   0.92515367E+09   0.13937864E+17   0.18979575E-02   0.45792980E+02   0.38053846E+10   0.39070544E+01   0.22279331E+16   0.38291451E+10   0.39376781E+01   0.21899446E+16   0.10350495E+10
   0.40000000E+01   0.50118723E+10   0.41272463E+01   0.19632923E+16   0.84783006E-02   0.50429051E+02   0.11668551E+10   0.13864793E+17   0.20542270E-02   0.49433282E+02   0.47904212E+10   0.38977372E+01   0.22279331E+16   0.48203452E+10   0.39282915E+01   0.21899446E+16   0.10350495E+10
   0.40000000E+01   0.63095734E+10   0.41179761E+01   0.19632923E+16   0.91546584E-02   0.54452037E+02   0.14715668E+10   0.13795797E+17   0.22230965E-02   0.53363713E+02   0.60304648E+10   0.38889141E+01   0.22279331E+16   0.60681466E+10   0.39194017E+01   0.21899446E+16   0.10350495E+10
   0.40000000E+01   0.79432823E+10   0.41091444E+01   0.19632923E+16   0.98849727E-02   0.58795957E+02   0.18557062E+10   0.13730260E+17   0.24056036E-02   0.57607333E+02   0.75915093E+10   0.38805062E+01   0.22279331E+16   0.76390263E+10   0.39109417E+01   0.21899446E+16   0.10350495E+10
   0.40000000E+01   0.10000000E+11   0.41008197E+01   0.19632923E+16   0.10673548E-01   0.63486414E+02   0.23399068E+10   0.13668659E+17   0.26027841E-02   0.62189264E+02   0.95566730E+10   0.38725810E+01   0.22279331E+16   0.96165866E+10   0.39029674E+01   0.21899446E+16   0.10350495E+10
   0.40000000E+01   0.12589254E+11   0.40929435E+01   0.19632923E+16   0.11525032E-01   0.68551053E+02   0.29502075E+10   0.13610534E+17   0.28158297E-02   0.67136437E+02   0.12030576E+11   0.38650831E+01   0.22279331E+16   0.12106114E+11   0.38954230E+01   0.21899446E+16   0.10350495E+10
   0.40000000E+01   0.15848932E+11   0.40854485E+01   0.19632923E+16   0.12444443E-01   0.74019725E+02   0.37194313E+10   0.13555362E+17   0.30460409E-02   0.72477902E+02   0.15144924E+11   0.38579481E+01   0.22279331E+16   0.15240112E+11   0.38882400E+01   0.21899446E+16   0.10350495E+10
   0.40000000E+01   0.19952623E+11   0.40784710E+01   0.19632923E+16   0.13437201E-01   0.79924660E+02   0.46887695E+10   0.13504122E+17   0.32946663E-02   0.78245420E+02   0.19065537E+11   0.38513057E+01   0.22279331E+16   0.19185367E+11   0.38815455E+01   0.21899446E+16   0.10350495E+10
   0.40000000E+01   0.25118864E+11   0.40718908E+01   0.19632923E+16   0.14509156E-01   0.86300663E+02   0.59102973E+10   0.13455908E+17   0.35632478E-02   0.84472793E+02   0.24001175E+11   0.38450432E+01   0.22279331E+16   0.24152053E+11   0.38752353E+01   0.21899446E+16   0.10350495E+10
   0.40000000E+01   0.31622777E+11   0.40656487E+01   0.19632923E+16   0.15666626E-01   0.93185312E+02   0.74495944E+10   0.13410270E+17   0.38534136E-02   0.91196612E+02   0.30214556E+11   0.38391009E+01   0.22279331E+16   0.30404724E+11   0.38692561E+01   0.21899446E+16   0.10350495E+10
   0.40000000E+01   0.39810717E+11   0.40598952E+01   0.19632923E+16   0.16916434E-01   0.10061919E+03   0.93889270E+10   0.13368287E+17   0.41667168E-02   0.98456908E+02   0.38036556E+11   0.38336238E+01   0.22279331E+16   0.38276224E+11   0.38637450E+01   0.21899446E+16   0.10350495E+10
   0.40000000E+01   0.50118723E+11   0.40544843E+01   0.19632923E+16   0.18265945E-01   0.10864610E+03   0.11832360E+11   0.13328878E+17   0.45051216E-02   0.10629618E+03   0.47883626E+11   0.38284729E+01   0.22279331E+16   0.48185659E+11   0.38585622E+01   0.21899446E+16   0.10350495E+10
   0.40000000E+01   0.63095734E+11   0.40493863E+01   0.19632923E+16   0.19723114E-01   0.11731336E+03   0.14910810E+11   0.13291813E+17   0.48706426E-02   0.11476057E+03   0.60280060E+11   0.38236199E+01   0.22279331E+16   0.60660664E+11   0.38536790E+01   0.21899446E+16   0.10350495E+10
   0.40000000E+01   0.79432823E+11   0.40447202E+01   0.19632923E+16   0.21296528E-01   0.12667205E+03   0.18788640E+11   0.13257943E+17   0.52652661E-02   0.12390040E+03   0.75885961E+11   0.38191780E+01   0.22279331E+16   0.76365536E+11   0.38492096E+01   0.21899446E+16   0.10350495E+10
   0.40000000E+01   0.10000000E+12   0.40403482E+01   0.19632923E+16   0.22995462E-01   0.13677733E+03   0.23673649E+11   0.13226255E+17   0.56914556E-02   0.13376920E+03   0.95532240E+11   0.38150162E+01   0.22279331E+16   0.96136378E+11   0.38450204E+01   0.21899446E+16   0.10350495E+10
   0.40000000E+01   0.12589254E+12   0.40362740E+01   0.19632923E+16   0.24829929E-01   0.14768877E+03   0.29827053E+11   0.13196769E+17   0.61516955E-02   0.14442519E+03   0.12026500E+12   0.38111379E+01   0.22279331E+16   0.12102555E+12   0.38411117E+01   0.21899446E+16   0.10350495E+10
   0.40000000E+01   0.15848932E+12   0.40325606E+01   0.19632923E+16   0.26810740E-01   0.15947066E+03   0.37577281E+11   0.13169928E+17   0.66485648E-02   0.15593152E+03   0.15140126E+12   0.38076031E+01   0.22279331E+16   0.15235871E+12   0.38375490E+01   0.21899446E+16   0.10350495E+10
   0.40000000E+01   0.19952623E+12   0.40291103E+01   0.19632923E+16   0.28949572E-01   0.17219246E+03   0.47338925E+11   0.13145019E+17   0.71851027E-02   0.16835573E+03   0.19059890E+12   0.38043187E+01   0.22279331E+16   0.19180423E+12   0.38342389E+01   0.21899446E+16   0.10350495E+10
   0.40000000E+01   0.25118864E+12   0.40259451E+01   0.19632923E+16   0.31259028E-01   0.18592914E+03   0.59633121E+11   0.13122193E+17   0.77643951E-02   0.18177124E+03   0.23994536E+12   0.38013066E+01   0.22279331E+16   0.24146294E+12   0.38312041E+01   0.21899446E+16   0.10350495E+10
   0.40000000E+01   0.31622777E+12   0.40230551E+01   0.19632923E+16   0.33752722E-01   0.20076167E+03   0.75116187E+11   0.13101373E+17   0.83898236E-02   0.19625718E+03   0.30206798E+12   0.37985556E+01   0.22279331E+16   0.30397956E+12   0.38284359E+01   0.21899446E+16   0.10350495E+10
   0.40000000E+01   0.39810717E+12   0.40204422E+01   0.19632923E+16   0.36445351E-01   0.21677746E+03   0.94614164E+11   0.13082567E+17   0.90650106E-02   0.21189911E+03   0.38027498E+12   0.37960683E+01   0.22279331E+16   0.38268272E+12   0.38259332E+01   0.21899446E+16   0.10350495E+10
   0.40000000E+01   0.50118723E+12   0.40180753E+01   0.19632923E+16   0.39352785E-01   0.23407092E+03   0.11916755E+12   0.13065545E+17   0.97939393E-02   0.22878919E+03   0.47873091E+12   0.37938151E+01   0.22279331E+16   0.48176344E+12   0.38236660E+01   0.21899446E+16   0.10350495E+10
   0.40000000E+01   0.63095734E+12   0.40159311E+01   0.19632923E+16   0.42492160E-01   0.25274397E+03   0.15008628E+12   0.13050137E+17   0.10580899E-01   0.24702700E+03   0.60267860E+12   0.37917740E+01   0.22279331E+16   0.60649789E+12   0.38216123E+01   0.21899446E+16   0.10350495E+10
   0.40000000E+01   0.79432823E+12   0.40140458E+01   0.19632923E+16   0.45881979E-01   0.27290666E+03   0.18901749E+12   0.13036599E+17   0.11430358E-01   0.26672043E+03   0.75871865E+12   0.37899794E+01   0.22279331E+16   0.76352859E+12   0.38198065E+01   0.21899446E+16   0.10350495E+10
   0.40000000E+01   0.10000000E+13   0.40123560E+01   0.19632923E+16   0.49542221E-01   0.29467783E+03   0.23803805E+12   0.13024471E+17   0.12347414E-01   0.28798535E+03   0.95516030E+12   0.37883709E+01   0.22279331E+16   0.96121761E+12   0.38181880E+01   0.21899446E+16   0.10350495E+10
   0.40000000E+01   0.12589254E+13   0.40108666E+01   0.19632923E+16   0.53494460E-01   0.31818580E+03   0.29976004E+12   0.13013788E+17   0.13337382E-01   0.31094729E+03   0.12024646E+13   0.37869531E+01   0.22279331E+16   0.12100925E+13   0.38167614E+01   0.21899446E+16   0.10350495E+10
   0.40000000E+01   0.15848932E+13   0.40095516E+01   0.19632923E+16   0.57761989E-01   0.34356913E+03   0.37747329E+12   0.13004360E+17   0.14406097E-01   0.33574159E+03   0.15138010E+13   0.37857013E+01   0.22279331E+16   0.15234064E+13   0.38155019E+01   0.21899446E+16   0.10350495E+10
   0.40000000E+01   0.19952623E+13   0.40084066E+01   0.19632923E+16   0.62369961E-01   0.37097741E+03   0.47531794E+12   0.12996154E+17   0.15559789E-01   0.36251456E+03   0.19057492E+13   0.37846114E+01   0.22279331E+16   0.19178443E+13   0.38144052E+01   0.21899446E+16   0.10350495E+10
   0.40000000E+01   0.25118864E+13   0.40074003E+01   0.19632923E+16   0.67345535E-01   0.40057219E+03   0.59850855E+12   0.12988945E+17   0.16805293E-01   0.39142390E+03   0.23991813E+13   0.37836534E+01   0.22279331E+16   0.24144110E+13   0.38134413E+01   0.21899446E+16   0.10350495E+10
   0.40000000E+01   0.31622777E+13   0.40065161E+01   0.19632923E+16   0.72718036E-01   0.43252791E+03   0.75360901E+12   0.12982613E+17   0.18149942E-01   0.42264002E+03   0.30203739E+13   0.37828118E+01   0.22279331E+16   0.30395502E+13   0.38125944E+01   0.21899446E+16   0.10350495E+10
   0.40000000E+01   0.39810717E+13   0.40057419E+01   0.19632923E+16   0.78519129E-01   0.46703289E+03   0.94888243E+12   0.12977069E+17   0.19601645E-01   0.45634695E+03   0.38024074E+13   0.37820748E+01   0.22279331E+16   0.38265525E+13   0.38118529E+01   0.21899446E+16   0.10350495E+10
   0.40000000E+01   0.50118723E+13   0.40050613E+01   0.19632923E+16   0.84783006E-01   0.50429051E+03   0.11947326E+13   0.12972198E+17   0.21168966E-01   0.49274332E+03   0.47869273E+13   0.37814270E+01   0.22279331E+16   0.48173282E+13   0.38112010E+01   0.21899446E+16   0.10350495E+10
   0.40000000E+01   0.63095734E+13   0.40044636E+01   0.19632923E+16   0.91546584E-01   0.54452037E+03   0.15042567E+13   0.12967921E+17   0.22861135E-01   0.53204367E+03   0.60263624E+13   0.37808581E+01   0.22279331E+16   0.60646391E+13   0.38106285E+01   0.21899446E+16   0.10350495E+10
   0.40000000E+01   0.79432823E+13   0.40039336E+01   0.19632923E+16   0.98849727E-01   0.58795957E+03   0.18939451E+13   0.12964128E+17   0.24688154E-01   0.57447957E+03   0.75867160E+13   0.37803535E+01   0.22279331E+16   0.76349085E+13   0.38101209E+01   0.21899446E+16   0.10350495E+10
   0.40000000E+01   0.10000000E+14   0.40034665E+01   0.19632923E+16   0.10673548E+00   0.63486414E+03   0.23845554E+13   0.12960786E+17   0.26660765E-01   0.62030118E+03   0.95510822E+13   0.37799089E+01   0.22279331E+16   0.96117584E+13   0.38096735E+01   0.21899446E+16   0.10350495E+10
   0.40000000E+01   0.12589254E+14   0.40030528E+01   0.19632923E+16   0.11525032E+00   0.68551053E+03   0.30022227E+13   0.12957827E+17   0.28790607E-01   0.66977856E+03   0.12024070E+14   0.37795151E+01   0.22279331E+16   0.12100462E+14   0.38092772E+01   0.21899446E+16   0.10350495E+10
   0.40000000E+01   0.15848932E+14   0.40026869E+01   0.19632923E+16   0.12444443E+00   0.74019725E+03   0.37798475E+13   0.12955210E+17   0.31090224E-01   0.72320333E+03   0.15137373E+14   0.37791668E+01   0.22279331E+16   0.15233552E+14   0.38089267E+01   0.21899446E+16   0.10350495E+10
   0.40000000E+01   0.19952623E+14   0.40023629E+01   0.19632923E+16   0.13437201E+00   0.79924660E+03   0.47588506E+13   0.12952893E+17   0.33573170E-01   0.78089037E+03   0.19056785E+14   0.37788584E+01   0.22279331E+16   0.19177876E+14   0.38086164E+01   0.21899446E+16   0.10350495E+10
   0.40000000E+01   0.25118864E+14   0.40020756E+01   0.19632923E+16   0.14509156E+00   0.86300663E+03   0.59913779E+13   0.12950839E+17   0.36254077E-01   0.84317968E+03   0.23991029E+14   0.37785849E+01   0.22279331E+16   0.24143481E+14   0.38083413E+01   0.21899446E+16   0.10350495E+10
   0.40000000E+01   0.31622777E+14   0.40018219E+01   0.19632923E+16   0.15666626E+00   0.93185312E+03   0.75430760E+13   0.12949025E+17   0.39148734E-01   0.91043843E+03   0.30202869E+14   0.37783434E+01   0.22279331E+16   0.30394804E+14   0.38080982E+01   0.21899446E+16   0.10350495E+10
   0.40000000E+01   0.39810717E+14   0.40015970E+01   0.19632923E+16   0.16916434E+00   0.10061919E+04   0.94965918E+13   0.12947418E+17   0.42274206E-01   0.98306302E+03   0.38023107E+14   0.37781293E+01   0.22279331E+16   0.38264749E+14   0.38078829E+01   0.21899446E+16   0.10350495E+10
   0.40000000E+01   0.50118723E+14   0.40013989E+01   0.19632923E+16   0.18265945E+00   0.10864610E+04   0.11955969E+14   0.12946001E+17   0.45648898E-01   0.10614815E+04   0.47868197E+14   0.37779407E+01   0.22279331E+16   0.48172418E+14   0.38076931E+01   0.21899446E+16   0.10350495E+10
   0.40000000E+01   0.63095734E+14   0.40012238E+01   0.19632923E+16   0.19723114E+00   0.11731336E+04   0.15052194E+14   0.12944750E+17   0.49292703E-01   0.11461561E+04   0.60262425E+14   0.37777741E+01   0.22279331E+16   0.60645430E+14   0.38075254E+01   0.21899446E+16   0.10350495E+10
   0.40000000E+01   0.79432823E+14   0.40010697E+01   0.19632923E+16   0.21296528E+00   0.12667205E+04   0.18950166E+14   0.12943648E+17   0.53227086E-01   0.12375859E+04   0.75865826E+14   0.37776274E+01   0.22279331E+16   0.76348015E+14   0.38073778E+01   0.21899446E+16   0.10350495E+10
   0.40000000E+01   0.10000000E+15   0.40009340E+01   0.19632923E+16   0.22995462E+00   0.13677733E+04   0.23857485E+14   0.12942678E+17   0.57475235E-01   0.13363098E+04   0.95509336E+14   0.37774982E+01   0.22279331E+16   0.96116392E+14   0.38072478E+01   0.21899446E+16   0.10350495E+10
   0.40000000E+01   0.12589254E+15   0.40008148E+01   0.19632923E+16   0.24829929E+00   0.14768877E+04   0.30035502E+14   0.12941827E+17   0.62062180E-01   0.14429096E+04   0.12023904E+15   0.37773848E+01   0.22279331E+16   0.12100330E+15   0.38071337E+01   0.21899446E+16   0.10350495E+10
   0.40000000E+01   0.15848932E+15   0.40007103E+01   0.19632923E+16   0.26810740E+00   0.15947066E+04   0.37813238E+14   0.12941080E+17   0.67014951E-01   0.15580137E+04   0.15137189E+15   0.37772853E+01   0.22279331E+16   0.15233405E+15   0.38070335E+01   0.21899446E+16   0.10350495E+10
   0.40000000E+01   0.19952623E+15   0.40006187E+01   0.19632923E+16   0.28949572E+00   0.17219246E+04   0.47604908E+14   0.12940425E+17   0.72362737E-01   0.16823005E+04   0.19056581E+15   0.37771980E+01   0.22279331E+16   0.19177712E+15   0.38069458E+01   0.21899446E+16   0.10350495E+10
   0.40000000E+01   0.25118864E+15   0.40005385E+01   0.19632923E+16   0.31259028E+00   0.18592914E+04   0.59931977E+14   0.12939852E+17   0.78137051E-01   0.18165025E+04   0.23990802E+15   0.37771218E+01   0.22279331E+16   0.24143299E+15   0.38068690E+01   0.21899446E+16   0.10350495E+10
   0.40000000E+01   0.31622777E+15   0.40004685E+01   0.19632923E+16   0.33752722E+00   0.20076167E+04   0.75450933E+14   0.12939351E+17   0.84371925E-01   0.19614107E+04   0.30202618E+15   0.37770551E+01   0.22279331E+16   0.30394603E+15   0.38068019E+01   0.21899446E+16   0.10350495E+10
   0.40000000E+01   0.39810717E+15   0.40004074E+01   0.19632923E+16   0.36445351E+00   0.21677746E+04   0.94988245E+14   0.12938915E+17   0.91104100E-01   0.21178791E+04   0.38022829E+15   0.37769969E+01   0.22279331E+16   0.38264526E+15   0.38067434E+01   0.21899446E+16   0.10350495E+10
   0.40000000E+01   0.50118723E+15   0.40003541E+01   0.19632923E+16   0.39352785E+00   0.23407092E+04   0.11958437E+15   0.12938534E+17   0.98373255E-01   0.22868301E+04   0.47867890E+15   0.37769462E+01   0.22279331E+16   0.48172172E+15   0.38066924E+01   0.21899446E+16   0.10350495E+10
   0.40000000E+01   0.63095734E+15   0.40003077E+01   0.19632923E+16   0.42492160E+00   0.25274397E+04   0.15054919E+15   0.12938203E+17   0.10622223E+00   0.24692593E+04   0.60262085E+15   0.37769021E+01   0.22279331E+16   0.60645158E+15   0.38066480E+01   0.21899446E+16   0.10350495E+10
   0.40000000E+01   0.79432823E+15   0.40002674E+01   0.19632923E+16   0.45881979E+00   0.27290666E+04   0.18953171E+15   0.12937915E+17   0.11469728E+00   0.26662421E+04   0.75865452E+15   0.37768637E+01   0.22279331E+16   0.76347715E+15   0.38066094E+01   0.21899446E+16   0.10350495E+10
   0.40000000E+01   0.10000000E+16   0.40002323E+01   0.19632923E+16   0.49542221E+00   0.29467783E+04   0.23860794E+15   0.12937664E+17   0.12384836E+00   0.28789394E+04   0.95508925E+15   0.37768303E+01   0.22279331E+16   0.96116062E+15   0.38065758E+01   0.21899446E+16   0.10350495E+10
   0.40000000E+01   0.12589254E+16   0.40002020E+01   0.19632923E+16   0.53494460E+00   0.31818580E+04   0.30039140E+15   0.12937447E+17   0.13372940E+00   0.31086047E+04   0.12023859E+16   0.37768014E+01   0.22279331E+16   0.12100293E+16   0.38065467E+01   0.21899446E+16   0.10350495E+10
   0.40000000E+01   0.15848932E+16   0.40001756E+01   0.19632923E+16   0.57761989E+00   0.34356913E+04   0.37817234E+15   0.12937259E+17   0.14439863E+00   0.33565919E+04   0.15137139E+16   0.37767763E+01   0.22279331E+16   0.15233365E+16   0.38065214E+01   0.21899446E+16   0.10350495E+10
   0.40000000E+01   0.19952623E+16   0.40001528E+01   0.19632923E+16   0.62369961E+00   0.37097741E+04   0.47609291E+15   0.12937096E+17   0.15591895E+00   0.36243624E+04   0.19056526E+16   0.37767546E+01   0.22279331E+16   0.19177668E+16   0.38064996E+01   0.21899446E+16   0.10350495E+10
   0.40000000E+01   0.25118864E+16   0.40001330E+01   0.19632923E+16   0.67345535E+00   0.40057219E+04   0.59936781E+15   0.12936954E+17   0.16835824E+00   0.39134944E+04   0.23990743E+16   0.37767357E+01   0.22279331E+16   0.24143251E+16   0.38064806E+01   0.21899446E+16   0.10350495E+10
   0.40000000E+01   0.31622777E+16   0.40001159E+01   0.19632923E+16   0.72718036E+00   0.43252791E+04   0.75456191E+15   0.12936832E+17   0.18178982E+00   0.42256922E+04   0.30202552E+16   0.37767195E+01   0.22279331E+16   0.30394550E+16   0.38064643E+01   0.21899446E+16   0.10350495E+10
   0.40000000E+01   0.39810717E+16   0.40001011E+01   0.19632923E+16   0.78519129E+00   0.46703289E+04   0.94993996E+15   0.12936726E+17   0.19629286E+00   0.45627957E+04   0.38022757E+16   0.37767053E+01   0.22279331E+16   0.38264469E+16   0.38064500E+01   0.21899446E+16   0.10350495E+10
   0.40000000E+01   0.50118723E+16   0.40000884E+01   0.19632923E+16   0.84783006E+00   0.50429051E+04   0.11959066E+16   0.12936635E+17   0.21195283E+00   0.49267918E+04   0.47867811E+16   0.37766933E+01   0.22279331E+16   0.48172109E+16   0.38064379E+01   0.21899446E+16   0.10350495E+10
   0.40000000E+01   0.63095734E+16   0.40000772E+01   0.19632923E+16   0.91546584E+00   0.54452037E+04   0.15055605E+16   0.12936556E+17   0.22886204E+00   0.53198259E+04   0.60262000E+16   0.37766826E+01   0.22279331E+16   0.60645089E+16   0.38064272E+01   0.21899446E+16   0.10350495E+10
   0.40000000E+01   0.79432823E+16   0.40000678E+01   0.19632923E+16   0.98849727E+00   0.58795957E+04   0.18953919E+16   0.12936488E+17   0.24712013E+00   0.57442145E+04   0.75865359E+16   0.37766737E+01   0.22279331E+16   0.76347640E+16   0.38064181E+01   0.21899446E+16   0.10350495E+10
   0.40000000E+01   0.10000000E+17   0.40000595E+01   0.19632923E+16   0.10673548E+01   0.63486414E+04   0.23861609E+16   0.12936429E+17   0.26683473E+00   0.62024588E+04   0.95508823E+16   0.37766657E+01   0.22279331E+16   0.96115980E+16   0.38064102E+01   0.21899446E+16   0.10350495E+10
   0.40000000E+01   0.12589254E+17   0.40000524E+01   0.19632923E+16   0.11525032E+01   0.68551053E+04   0.30040028E+16   0.12936378E+17   0.28812203E+00   0.66972597E+04   0.12023848E+17   0.37766590E+01   0.22279331E+16   0.12100285E+17   0.38064034E+01   0.21899446E+16   0.10350495E+10
