         1        92   0.10000000E+00   0.31562220E+00   0.68437780E+00   0.82883870E+00   0.96580000E+00   0.22242000E-01  ---------------   0.27255000E+01  ---------------      0.67238290E+00                                 
   0.10000000E+00   0.10000000E+08   0.22508898E+02   0.34291386E+14   0.41137900E-02   0.32338074E+01   0.87797522E+06   0.14813593E+17   0.18276283E-03   0.45460310E+01   0.90665588E+07   0.17949821E+02   0.61306973E+14   0.10623444E+08   0.26117843E+02   0.23318530E+14   0.83854090E+10
   0.10000000E+00   0.12589254E+08   0.22293669E+02   0.34291386E+14   0.44419682E-02   0.34917849E+01   0.11097467E+07   0.14450535E+17   0.19924797E-03   0.48949716E+01   0.11409850E+08   0.17775967E+02   0.61306973E+14   0.13377062E+08   0.25869999E+02   0.23318530E+14   0.83854090E+10
   0.10000000E+00   0.15848932E+08   0.22075189E+02   0.34291386E+14   0.47963270E-02   0.37703426E+01   0.14028615E+07   0.14087811E+17   0.21727229E-03   0.52703618E+01   0.14358567E+08   0.17599481E+02   0.61306973E+14   0.16844538E+08   0.25618405E+02   0.23318530E+14   0.83854090E+10
   0.10000000E+00   0.19952623E+08   0.21855642E+02   0.34291386E+14   0.51789547E-02   0.40711223E+01   0.17735297E+07   0.13729179E+17   0.23696192E-03   0.56743375E+01   0.18069180E+08   0.17422137E+02   0.61306973E+14   0.21210922E+08   0.25365574E+02   0.23318530E+14   0.83854090E+10
   0.10000000E+00   0.25118864E+08   0.21635035E+02   0.34291386E+14   0.55921067E-02   0.43958967E+01   0.22423102E+07   0.13374696E+17   0.25847458E-03   0.61090563E+01   0.22738534E+08   0.17243952E+02   0.61306973E+14   0.26709295E+08   0.25111522E+02   0.23318530E+14   0.83854090E+10
   0.10000000E+00   0.31622777E+08   0.21408909E+02   0.34291386E+14   0.60382179E-02   0.47465801E+01   0.28354748E+07   0.13017418E+17   0.28204229E-03   0.65764418E+01   0.28614080E+08   0.17061329E+02   0.61306973E+14   0.33633308E+08   0.24851104E+02   0.23318530E+14   0.83854090E+10
   0.10000000E+00   0.39810717E+08   0.21181315E+02   0.34291386E+14   0.65199177E-02   0.51252393E+01   0.35858828E+07   0.12663982E+17   0.30781458E-03   0.70792729E+01   0.36007475E+08   0.16877529E+02   0.61306973E+14   0.42352503E+08   0.24588983E+02   0.23318530E+14   0.83854090E+10
   0.10000000E+00   0.50118723E+08   0.20952696E+02   0.34291386E+14   0.70400452E-02   0.55341061E+01   0.45352781E+07   0.12315132E+17   0.33599711E-03   0.76202531E+01   0.45310758E+08   0.16692911E+02   0.61306973E+14   0.53332383E+08   0.24325672E+02   0.23318530E+14   0.83854090E+10
   0.10000000E+00   0.63095734E+08   0.20720383E+02   0.34291386E+14   0.76016660E-02   0.59755903E+01   0.57368619E+07   0.11966942E+17   0.36686898E-03   0.82019460E+01   0.57016860E+08   0.16505320E+02   0.61306973E+14   0.67159390E+08   0.24058100E+02   0.23318530E+14   0.83854090E+10
   0.10000000E+00   0.79432823E+08   0.20484759E+02   0.34291386E+14   0.82080901E-02   0.64522940E+01   0.72578219E+07   0.11620220E+17   0.40069253E-03   0.88273985E+01   0.71746156E+08   0.16315065E+02   0.61306973E+14   0.84571940E+08   0.23786703E+02   0.23318530E+14   0.83854090E+10
   0.10000000E+00   0.10000000E+09   0.20248352E+02   0.34291386E+14   0.88628918E-02   0.69670268E+01   0.91828717E+07   0.11278802E+17   0.43770929E-03   0.95001744E+01   0.90279546E+08   0.16124188E+02   0.61306973E+14   0.10649972E+09   0.23514395E+02   0.23318530E+14   0.83854090E+10
   0.10000000E+00   0.12589254E+09   0.20010142E+02   0.34291386E+14   0.95699304E-02   0.75228225E+01   0.11619886E+08   0.10941271E+17   0.47825401E-03   0.10223670E+02   0.11359897E+09   0.15931867E+02   0.61306973E+14   0.13411395E+09   0.23239999E+02   0.23318530E+14   0.83854090E+10
   0.10000000E+00   0.15848932E+09   0.19769760E+02   0.34291386E+14   0.10333373E-01   0.81229568E+01   0.14705565E+08   0.10607213E+17   0.52268583E-03   0.11001596E+02   0.14293979E+09   0.15737805E+02   0.61306973E+14   0.16888964E+09   0.22963091E+02   0.23318530E+14   0.83854090E+10
   0.10000000E+00   0.19952623E+09   0.19530485E+02   0.34291386E+14   0.11157720E-01   0.87709670E+01   0.18611792E+08   0.10281174E+17   0.57129761E-03   0.11838539E+02   0.17985749E+09   0.15544649E+02   0.61306973E+14   0.21268359E+09   0.22687448E+02   0.23318530E+14   0.83854090E+10
   0.10000000E+00   0.25118864E+09   0.19289941E+02   0.34291386E+14   0.12047829E-01   0.94706724E+01   0.23558379E+08   0.99598661E+16   0.62456535E-03   0.12738520E+02   0.22630707E+09   0.15350481E+02   0.61306973E+14   0.26783557E+09   0.22410331E+02   0.23318530E+14   0.83854090E+10
   0.10000000E+00   0.31622777E+09   0.19047402E+02   0.34291386E+14   0.13008946E-01   0.10226197E+02   0.29823759E+08   0.96423976E+16   0.68297745E-03   0.13706078E+02   0.28474844E+09   0.15154720E+02   0.61306973E+14   0.33729252E+09   0.22130910E+02   0.23318530E+14   0.83854090E+10
   0.10000000E+00   0.39810717E+09   0.18805994E+02   0.34291386E+14   0.14046737E-01   0.11041993E+02   0.37758038E+08   0.93328374E+16   0.74692873E-03   0.14746886E+02   0.35827904E+09   0.14959892E+02   0.61306973E+14   0.42476347E+09   0.21852777E+02   0.23318530E+14   0.83854090E+10
   0.10000000E+00   0.50118723E+09   0.18562650E+02   0.34291386E+14   0.15167318E-01   0.11922870E+02   0.47810042E+08   0.90272288E+16   0.81708796E-03   0.15865741E+02   0.45078876E+09   0.14763502E+02   0.61306973E+14   0.53492351E+09   0.21572401E+02   0.23318530E+14   0.83854090E+10
   0.10000000E+00   0.63095734E+09   0.18318281E+02   0.34291386E+14   0.16377293E-01   0.12874019E+02   0.60545829E+08   0.87267757E+16   0.89404091E-03   0.17068628E+02   0.56717663E+09   0.14566299E+02   0.61306973E+14   0.67365863E+09   0.21290832E+02   0.23318530E+14   0.83854090E+10
   0.10000000E+00   0.79432823E+09   0.18074929E+02   0.34291386E+14   0.17683794E-01   0.13901046E+02   0.76680469E+08   0.84339301E+16   0.97836034E-03   0.18362346E+02   0.71360704E+09   0.14369932E+02   0.61306973E+14   0.84838036E+09   0.21010421E+02   0.23318530E+14   0.83854090E+10
   0.10000000E+00   0.10000000E+10   0.17828497E+02   0.34291386E+14   0.19094522E-01   0.15010004E+02   0.97132954E+08   0.81437834E+16   0.10710113E-02   0.19752473E+02   0.89782323E+09   0.14171095E+02   0.61306973E+14   0.10684311E+10   0.20726447E+02   0.23318530E+14   0.83854090E+10
   0.10000000E+00   0.12589254E+10   0.17582535E+02   0.34291386E+14   0.20617790E-01   0.16207430E+02   0.12305336E+09   0.78605581E+16   0.11726290E-02   0.21247197E+02   0.11295802E+10   0.13972654E+02   0.61306973E+14   0.13455678E+10   0.20443001E+02   0.23318530E+14   0.83854090E+10
   0.10000000E+00   0.15848932E+10   0.17336415E+02   0.34291386E+14   0.22262578E-01   0.17500380E+02   0.15591001E+09   0.75834588E+16   0.12841511E-02   0.22854100E+02   0.14211400E+10   0.13774103E+02   0.61306973E+14   0.16946089E+10   0.20159376E+02   0.23318530E+14   0.83854090E+10
   0.10000000E+00   0.19952623E+10   0.17087983E+02   0.34291386E+14   0.24038578E-01   0.18896476E+02   0.19757639E+09   0.73100926E+16   0.14067534E-02   0.24580671E+02   0.17879156E+10   0.13573698E+02   0.61306973E+14   0.21342128E+10   0.19873056E+02   0.23318530E+14   0.83854090E+10
   0.10000000E+00   0.25118864E+10   0.16840571E+02   0.34291386E+14   0.25956260E-01   0.20403945E+02   0.25040361E+09   0.70441144E+16   0.15412934E-02   0.26437041E+02   0.22493217E+10   0.13374135E+02   0.61306973E+14   0.26878754E+10   0.19587896E+02   0.23318530E+14   0.83854090E+10
   0.10000000E+00   0.31622777E+10   0.16591132E+02   0.34291386E+14   0.28026925E-01   0.22031673E+02   0.31741595E+09   0.67822252E+16   0.16892714E-02   0.28431506E+02   0.28297376E+10   0.13172952E+02   0.61306973E+14   0.33852147E+10   0.19300388E+02   0.23318530E+14   0.83854090E+10
   0.10000000E+00   0.39810717E+10   0.16341483E+02   0.34291386E+14   0.30262777E-01   0.23789253E+02   0.40242107E+09   0.65263528E+16   0.18518990E-02   0.30575031E+02   0.35598604E+10   0.12971619E+02   0.61306973E+14   0.42635259E+10   0.19012639E+02   0.23318530E+14   0.83854090E+10
   0.10000000E+00   0.50118723E+10   0.16091860E+02   0.34291386E+14   0.32676995E-01   0.25687045E+02   0.51026517E+09   0.62766816E+16   0.20306537E-02   0.32878745E+02   0.44782894E+10   0.12770327E+02   0.61306973E+14   0.53697589E+10   0.18724884E+02   0.23318530E+14   0.83854090E+10
   0.10000000E+00   0.63095734E+10   0.15840291E+02   0.34291386E+14   0.35283808E-01   0.27736233E+02   0.64714582E+09   0.60312456E+16   0.22274722E-02   0.35353314E+02   0.56335150E+10   0.12567475E+02   0.61306973E+14   0.67631216E+10   0.18434874E+02   0.23318530E+14   0.83854090E+10
   0.10000000E+00   0.79432823E+10   0.15590245E+02   0.34291386E+14   0.38098579E-01   0.29948896E+02   0.82083877E+09   0.57933815E+16   0.24437447E-02   0.38013357E+02   0.70866511E+10   0.12365880E+02   0.61306973E+14   0.85181331E+10   0.18146619E+02   0.23318530E+14   0.83854090E+10
   0.10000000E+00   0.10000000E+11   0.15337031E+02   0.34291386E+14   0.41137900E-01   0.32338074E+02   0.10414240E+10   0.55586190E+16   0.26822596E-02   0.40869430E+02   0.89143487E+10   0.12161754E+02   0.61306973E+14   0.10728716E+11   0.17854671E+02   0.23318530E+14   0.83854090E+10
   0.10000000E+00   0.12589254E+11   0.15085579E+02   0.34291386E+14   0.44419682E-01   0.34917849E+02   0.13214452E+10   0.53315136E+16   0.29445129E-02   0.43939291E+02   0.11213183E+11   0.11959050E+02   0.61306973E+14   0.13513175E+11   0.17564767E+02   0.23318530E+14   0.83854090E+10
   0.10000000E+00   0.15848932E+11   0.14831822E+02   0.34291386E+14   0.47963270E-01   0.37703426E+02   0.16771862E+10   0.51083445E+16   0.32338084E-02   0.47235520E+02   0.14104482E+11   0.11754530E+02   0.61306973E+14   0.17020500E+11   0.17272156E+02   0.23318530E+14   0.83854090E+10
   0.10000000E+00   0.19952623E+11   0.14579036E+02   0.34291386E+14   0.51789547E-01   0.40711223E+02   0.21290321E+10   0.48919730E+16   0.35523300E-02   0.50777306E+02   0.17740814E+11   0.11550791E+02   0.61306973E+14   0.21438526E+11   0.16980680E+02   0.23318530E+14   0.83854090E+10
   0.10000000E+00   0.25118864E+11   0.14324866E+02   0.34291386E+14   0.55921067E-01   0.43958967E+02   0.27032686E+10   0.46803287E+16   0.39037758E-02   0.54580483E+02   0.22314100E+11   0.11345982E+02   0.61306973E+14   0.27003644E+11   0.16687553E+02   0.23318530E+14   0.83854090E+10
   0.10000000E+00   0.31622777E+11   0.14071381E+02   0.34291386E+14   0.60382179E-01   0.47465801E+02   0.34330186E+10   0.44750899E+16   0.42911337E-02   0.58666105E+02   0.28065451E+11   0.11141726E+02   0.61306973E+14   0.34014077E+11   0.16395233E+02   0.23318530E+14   0.83854090E+10
   0.10000000E+00   0.39810717E+11   0.13816454E+02   0.34291386E+14   0.65199177E-01   0.51252393E+02   0.43609309E+10   0.42744906E+16   0.47189517E-02   0.63052461E+02   0.35298039E+11   0.10936336E+02   0.61306973E+14   0.42844998E+11   0.16101188E+02   0.23318530E+14   0.83854090E+10
   0.10000000E+00   0.50118723E+11   0.13562673E+02   0.34291386E+14   0.70400452E-01   0.55341061E+02   0.55406800E+10   0.40805095E+16   0.51907504E-02   0.67764410E+02   0.44393564E+11   0.10731910E+02   0.61306973E+14   0.53969841E+11   0.15808487E+02   0.23318530E+14   0.83854090E+10
   0.10000000E+00   0.63095734E+11   0.13307507E+02   0.34291386E+14   0.76016660E-01   0.59755903E+02   0.70416133E+10   0.38911471E+16   0.57123143E-02   0.72822443E+02   0.55830342E+11   0.10526367E+02   0.61306973E+14   0.67984447E+11   0.15514144E+02   0.23318530E+14   0.83854090E+10
   0.10000000E+00   0.79432823E+11   0.13053513E+02   0.34291386E+14   0.82080901E-01   0.64522940E+02   0.89509724E+10   0.37082398E+16   0.62880317E-02   0.78255154E+02   0.70211793E+11   0.10321809E+02   0.61306973E+14   0.85639565E+11   0.15221128E+02   0.23318530E+14   0.83854090E+10
   0.10000000E+00   0.10000000E+12   0.12798058E+02   0.34291386E+14   0.88628918E-01   0.69670268E+02   0.11381672E+11   0.35298291E+16   0.69251850E-02   0.84085778E+02   0.88294523E+11   0.10116114E+02   0.61306973E+14   0.10788266E+12   0.14926428E+02   0.23318530E+14   0.83854090E+10
   0.10000000E+00   0.12589254E+12   0.12544513E+02   0.34291386E+14   0.95699304E-01   0.75228225E+02   0.14475302E+11   0.33581842E+16   0.76287778E-02   0.90348624E+02   0.11103030E+12   0.99119561E+01   0.61306973E+14   0.13590485E+12   0.14633900E+02   0.23318530E+14   0.83854090E+10
   0.10000000E+00   0.15848932E+12   0.12289261E+02   0.34291386E+14   0.10333373E+00   0.81229568E+02   0.18416360E+11   0.31907776E+16   0.84084576E-02   0.97068636E+02   0.13961405E+12   0.97064526E+01   0.61306973E+14   0.17120943E+12   0.14339355E+02   0.23318530E+14   0.83854090E+10
   0.10000000E+00   0.19952623E+12   0.12035444E+02   0.34291386E+14   0.11157720E+00   0.87709670E+02   0.23436059E+11   0.30296077E+16   0.92707168E-02   0.10428476E+03   0.17555090E+12   0.95021424E+01   0.61306973E+14   0.21569015E+12   0.14046459E+02   0.23318530E+14   0.83854090E+10
   0.10000000E+00   0.25118864E+12   0.11781458E+02   0.34291386E+14   0.12047829E+00   0.94706724E+02   0.29833580E+11   0.28735442E+16   0.10226093E-01   0.11202966E+03   0.22072866E+12   0.92977313E+01   0.61306973E+14   0.27173455E+12   0.13753353E+02   0.23318530E+14   0.83854090E+10
   0.10000000E+00   0.31622777E+12   0.11528078E+02   0.34291386E+14   0.13008946E+00   0.10226197E+03   0.37989032E+11   0.27229793E+16   0.11284575E-01   0.12034324E+03   0.27752079E+12   0.90938361E+01   0.61306973E+14   0.34234956E+12   0.13460921E+02   0.23318530E+14   0.83854090E+10
   0.10000000E+00   0.39810717E+12   0.11276195E+02   0.34291386E+14   0.14046737E+00   0.11041993E+03   0.48387317E+11   0.25783074E+16   0.12456983E-01   0.12926905E+03   0.34891090E+12   0.88911748E+01   0.61306973E+14   0.43132481E+12   0.13170189E+02   0.23318530E+14   0.83854090E+10
   0.10000000E+00   0.50118723E+12   0.11023390E+02   0.34291386E+14   0.15167318E+00   0.11922870E+03   0.61656913E+11   0.24380503E+16   0.13759214E-01   0.13884469E+03   0.43864069E+12   0.86878007E+01   0.61306973E+14   0.54344126E+12   0.12878362E+02   0.23318530E+14   0.83854090E+10
   0.10000000E+00   0.63095734E+12   0.10772313E+02   0.34291386E+14   0.16377293E+00   0.12874019E+03   0.78589015E+11   0.23035846E+16   0.15203135E-01   0.14912469E+03   0.55142174E+12   0.84858493E+01   0.61306973E+14   0.68471748E+12   0.12588502E+02   0.23318530E+14   0.83854090E+10
   0.10000000E+00   0.79432823E+12   0.10522239E+02   0.34291386E+14   0.17683794E+00   0.13901046E+03   0.10020606E+12   0.21743720E+16   0.16806114E-01   0.16015797E+03   0.69316490E+12   0.82847368E+01   0.61306973E+14   0.86274495E+12   0.12299768E+02   0.23318530E+14   0.83854090E+10
   0.10000000E+00   0.10000000E+13   0.10272400E+02   0.34291386E+14   0.19094522E+00   0.15010004E+03   0.12782150E+12   0.20499116E+16   0.18588179E-01   0.17199616E+03   0.87129178E+12   0.80838490E+01   0.61306973E+14   0.10870949E+13   0.12011273E+02   0.23318530E+14   0.83854090E+10
   0.10000000E+00   0.12589254E+13   0.10024390E+02   0.34291386E+14   0.20617790E+00   0.16207430E+03   0.16310367E+12   0.19308700E+16   0.20567625E-01   0.18470344E+03   0.10951361E+13   0.78844678E+01   0.61306973E+14   0.13698242E+13   0.11724856E+02   0.23318530E+14   0.83854090E+10
   0.10000000E+00   0.15848932E+13   0.97778211E+01   0.34291386E+14   0.22262578E+00   0.17500380E+03   0.20820456E+12   0.18169037E+16   0.22768444E-01   0.19834152E+03   0.13764096E+13   0.76862831E+01   0.61306973E+14   0.17261392E+13   0.11440069E+02   0.23318530E+14   0.83854090E+10
   0.10000000E+00   0.19952623E+13   0.95318943E+01   0.34291386E+14   0.24038578E+00   0.18896476E+03   0.26589657E+12   0.17075200E+16   0.25219099E-01   0.21297410E+03   0.17298128E+13   0.74886577E+01   0.61306973E+14   0.21752285E+13   0.11156008E+02   0.23318530E+14   0.83854090E+10
   0.10000000E+00   0.25118864E+13   0.92880511E+01   0.34291386E+14   0.25956260E+00   0.20403945E+03   0.33970695E+12   0.16032219E+16   0.27945863E-01   0.22868025E+03   0.21738170E+13   0.72927386E+01   0.61306973E+14   0.27412546E+13   0.10874326E+02   0.23318530E+14   0.83854090E+10
   0.10000000E+00   0.31622777E+13   0.90462743E+01   0.34291386E+14   0.28026925E+00   0.22031673E+03   0.43418434E+12   0.15038303E+16   0.30981732E-01   0.24553841E+03   0.27316162E+13   0.70985236E+01   0.61306973E+14   0.34546920E+13   0.10594996E+02   0.23318530E+14   0.83854090E+10
   0.10000000E+00   0.39810717E+13   0.88057661E+01   0.34291386E+14   0.30262777E+00   0.23789253E+03   0.55520560E+12   0.14088693E+16   0.34367001E-01   0.26362786E+03   0.34322809E+13   0.69053624E+01   0.61306973E+14   0.43539535E+13   0.10317070E+02   0.23318530E+14   0.83854090E+10
   0.10000000E+00   0.50118723E+13   0.85671084E+01   0.34291386E+14   0.32676995E+00   0.25687045E+03   0.71029452E+12   0.13184288E+16   0.38142386E-01   0.28304176E+03   0.43123631E+13   0.67137385E+01   0.61306973E+14   0.54875721E+13   0.10041277E+02   0.23318530E+14   0.83854090E+10
   0.10000000E+00   0.63095734E+13   0.83308377E+01   0.34291386E+14   0.35283808E+00   0.27736233E+03   0.90912322E+12   0.12325490E+16   0.42353253E-01   0.30388075E+03   0.54177037E+13   0.65240730E+01   0.61306973E+14   0.69166164E+13   0.97681995E+01   0.23318530E+14   0.83854090E+10
   0.10000000E+00   0.79432823E+13   0.80971168E+01   0.34291386E+14   0.38098579E+00   0.29948896E+03   0.11641574E+13   0.11511140E+16   0.47052031E-01   0.32625101E+03   0.68058267E+13   0.63364949E+01   0.61306973E+14   0.87181549E+13   0.94980231E+01   0.23318530E+14   0.83854090E+10
   0.10000000E+00   0.10000000E+14   0.78658641E+01   0.34291386E+14   0.41137900E+00   0.32338074E+03   0.14914834E+13   0.10739230E+16   0.52299276E-01   0.35026486E+03   0.85489164E+13   0.61509451E+01   0.61306973E+14   0.10989474E+14   0.92306729E+01   0.23318530E+14   0.83854090E+10
   0.10000000E+00   0.12589254E+14   0.76366102E+01   0.34291386E+14   0.44419682E+00   0.34917849E+03   0.19119248E+13   0.10006636E+16   0.58166753E-01   0.37603926E+03   0.10737491E+14   0.59670537E+01   0.61306973E+14   0.13853201E+14   0.89655847E+01   0.23318530E+14   0.83854090E+10
   0.10000000E+00   0.15848932E+14   0.74101720E+01   0.34291386E+14   0.47963270E+00   0.37703426E+03   0.24521868E+13   0.93143775E+15   0.64726257E-01   0.40371207E+03   0.13485010E+14   0.57854494E+01   0.61306973E+14   0.17464062E+14   0.87037150E+01   0.23318530E+14   0.83854090E+10
   0.10000000E+00   0.19952623E+14   0.71866698E+01   0.34291386E+14   0.51789547E+00   0.40711223E+03   0.31468345E+13   0.86610869E+15   0.72063346E-01   0.43342599E+03   0.16934189E+14   0.56062726E+01   0.61306973E+14   0.22017265E+14   0.84452031E+01   0.23318530E+14   0.83854090E+10
   0.10000000E+00   0.25118864E+14   0.69661605E+01   0.34291386E+14   0.55921067E+00   0.43958967E+03   0.40405613E+13   0.80452129E+15   0.80275307E-01   0.46533430E+03   0.21263492E+14   0.54295444E+01   0.61306973E+14   0.27759078E+14   0.81901107E+01   0.23318530E+14   0.83854090E+10
   0.10000000E+00   0.31622777E+14   0.67487538E+01   0.34291386E+14   0.60382179E+00   0.47465801E+03   0.51911676E+13   0.74653680E+15   0.89471599E-01   0.49960311E+03   0.26696652E+14   0.52553410E+01   0.61306973E+14   0.35000291E+14   0.79385665E+01   0.23318530E+14   0.83854090E+10
   0.10000000E+00   0.39810717E+14   0.65345259E+01   0.34291386E+14   0.65199177E+00   0.51252393E+03   0.66734993E+13   0.69200828E+15   0.99776446E-01   0.53641140E+03   0.33514462E+14   0.50837387E+01   0.61306973E+14   0.44132844E+14   0.76906434E+01   0.23318530E+14   0.83854090E+10
   0.10000000E+00   0.50118723E+14   0.63240320E+01   0.34291386E+14   0.70400452E+00   0.55341061E+03   0.85841171E+13   0.64090437E+15   0.11132210E+00   0.57596000E+03   0.42069183E+14   0.49151919E+01   0.61306973E+14   0.55651855E+14   0.74470093E+01   0.23318530E+14   0.83854090E+10
   0.10000000E+00   0.63095734E+14   0.61171405E+01   0.34291386E+14   0.76016660E+00   0.59755903E+03   0.11048624E+14   0.59301948E+15   0.12426829E+00   0.61845646E+03   0.52801503E+14   0.47495843E+01   0.61306973E+14   0.70181822E+14   0.72074995E+01   0.23318530E+14   0.83854090E+10
   0.10000000E+00   0.79432823E+14   0.59140421E+01   0.34291386E+14   0.82080901E+00   0.64522940E+03   0.14229644E+14   0.54822985E+15   0.13878985E+00   0.66413041E+03   0.66264006E+14   0.45870699E+01   0.61306973E+14   0.88511060E+14   0.69723344E+01   0.23318530E+14   0.83854090E+10
   0.10000000E+00   0.10000000E+15   0.57151803E+01   0.34291386E+14   0.88628918E+00   0.69670268E+03   0.18337564E+14   0.50646199E+15   0.15507633E+00   0.71323602E+03   0.83149408E+14   0.44280044E+01   0.61306973E+14   0.11163436E+15   0.67420274E+01   0.23318530E+14   0.83854090E+10
   0.10000000E+00   0.12589254E+15   0.55217018E+01   0.34291386E+14   0.95699304E+00   0.75228225E+03   0.23642692E+14   0.46776873E+15   0.17331487E+00   0.76606523E+03   0.10432720E+15   0.42733046E+01   0.61306973E+14   0.14080622E+15   0.65179074E+01   0.23318530E+14   0.83854090E+10
   0.10000000E+00   0.15848932E+15   0.53345669E+01   0.34291386E+14   0.10333373E+01   0.81229568E+03   0.30493286E+14   0.43213270E+15   0.19370594E+00   0.82293558E+03   0.13088810E+15   0.41237368E+01   0.61306973E+14   0.17760919E+15   0.63010887E+01   0.23318530E+14   0.83854090E+10
   0.10000000E+00   0.19952623E+15   0.51552957E+01   0.34291386E+14   0.11157720E+01   0.87709670E+03   0.39333467E+14   0.39961188E+15   0.21643220E+00   0.88420992E+03   0.16420279E+15   0.39805108E+01   0.61306973E+14   0.22403760E+15   0.60933366E+01   0.23318530E+14   0.83854090E+10
   0.10000000E+00   0.25118864E+15   0.49863193E+01   0.34291386E+14   0.12047829E+01   0.94706724E+03   0.50721532E+14   0.37038043E+15   0.24161767E+00   0.95031380E+03   0.20599870E+15   0.38455633E+01   0.61306973E+14   0.28259972E+15   0.58974637E+01   0.23318530E+14   0.83854090E+10
   0.10000000E+00   0.31622777E+15   0.48298862E+01   0.34291386E+14   0.13008946E+01   0.10226197E+04   0.65357634E+14   0.34452635E+15   0.26934270E+00   0.10217173E+04   0.25845220E+15   0.37206775E+01   0.61306973E+14   0.35645233E+15   0.57160849E+01   0.23318530E+14   0.83854090E+10
   0.10000000E+00   0.39810717E+15   0.46878104E+01   0.34291386E+14   0.14046737E+01   0.11041993E+04   0.84115433E+14   0.32203363E+15   0.29964388E+00   0.10989308E+04   0.32431057E+15   0.36072989E+01   0.61306973E+14   0.44957021E+15   0.55513316E+01   0.23318530E+14   0.83854090E+10
   0.10000000E+00   0.50118723E+15   0.45616492E+01   0.34291386E+14   0.15167318E+01   0.11922870E+04   0.10807544E+15   0.30283642E+15   0.33249636E+00   0.11825112E+04   0.40704644E+15   0.35066702E+01   0.61306973E+14   0.56693810E+15   0.54049920E+01   0.23318530E+14   0.83854090E+10
   0.10000000E+00   0.63095734E+15   0.44516911E+01   0.34291386E+14   0.16377293E+01   0.12874019E+04   0.13858750E+15   0.28669131E+15   0.36788924E+00   0.12730301E+04   0.51102459E+15   0.34189862E+01   0.61306973E+14   0.71484010E+15   0.52774316E+01   0.23318530E+14   0.83854090E+10
   0.10000000E+00   0.79432823E+15   0.43577931E+01   0.34291386E+14   0.17683794E+01   0.13901046E+04   0.17732656E+15   0.27333108E+15   0.40579701E+00   0.13710954E+04   0.64176518E+15   0.33441343E+01   0.61306973E+14   0.90116555E+15   0.51684789E+01   0.23318530E+14   0.83854090E+10
   0.10000000E+00   0.10000000E+16   0.42791406E+01   0.34291386E+14   0.19094522E+01   0.15010004E+04   0.22638289E+15   0.26243918E+15   0.44622328E+00   0.14773415E+04   0.80622134E+15   0.32814544E+01   0.61306973E+14   0.11358540E+16   0.50772125E+01   0.23318530E+14   0.83854090E+10
   0.10000000E+00   0.12589254E+16   0.42146103E+01   0.34291386E+14   0.20617790E+01   0.16207430E+04   0.28836374E+15   0.25370459E+15   0.48919802E+00   0.15924404E+04   0.10131530E+16   0.32300369E+01   0.61306973E+14   0.14313818E+16   0.50023092E+01   0.23318530E+14   0.83854090E+10
   0.10000000E+00   0.15848932E+16   0.41627738E+01   0.34291386E+14   0.22262578E+01   0.17500380E+04   0.36653408E+15   0.24681878E+15   0.53480153E+00   0.17171019E+04   0.12736075E+16   0.31887446E+01   0.61306973E+14   0.18034881E+16   0.49421417E+01   0.23318530E+14   0.83854090E+10
   0.10000000E+00   0.19952623E+16   0.41219553E+01   0.34291386E+14   0.24038578E+01   0.18896476E+04   0.46499914E+15   0.24147791E+15   0.58318386E+00   0.18520748E+04   0.16014838E+16   0.31562340E+01   0.61306973E+14   0.22719573E+16   0.48947588E+01   0.23318530E+14   0.83854090E+10
   0.10000000E+00   0.25118864E+16   0.40904005E+01   0.34291386E+14   0.25956260E+01   0.20403945E+04   0.58893058E+15   0.23739797E+15   0.63456525E+00   0.19981547E+04   0.20142955E+16   0.31311120E+01   0.61306973E+14   0.28617103E+16   0.48581285E+01   0.23318530E+14   0.83854090E+10
   0.10000000E+00   0.31622777E+16   0.40664102E+01   0.34291386E+14   0.28026925E+01   0.22031673E+04   0.74484984E+15   0.23432451E+15   0.68923014E+00   0.21561920E+04   0.25340264E+16   0.31120026E+01   0.61306973E+14   0.36041082E+16   0.48302738E+01   0.23318530E+14   0.83854090E+10
   0.10000000E+00   0.39810717E+16   0.40484218E+01   0.34291386E+14   0.30262777E+01   0.23789253E+04   0.94098491E+15   0.23203599E+15   0.74752036E+00   0.23270999E+04   0.31884508E+16   0.30976859E+01   0.61306973E+14   0.45386736E+16   0.48093903E+01   0.23318530E+14   0.83854090E+10
   0.10000000E+00   0.50118723E+16   0.40350947E+01   0.34291386E+14   0.32676995E+01   0.25687045E+04   0.11877098E+16   0.23034933E+15   0.80981978E+00   0.25118643E+04   0.40124083E+16   0.30870749E+01   0.61306973E+14   0.57151349E+16   0.47939171E+01   0.23318530E+14   0.83854090E+10
   0.10000000E+00   0.63095734E+16   0.40253249E+01   0.34291386E+14   0.35283808E+01   0.27736233E+04   0.14980983E+16   0.22911765E+15   0.87654558E+00   0.27115530E+04   0.50497932E+16   0.30792896E+01   0.61306973E+14   0.71961073E+16   0.47825712E+01   0.23318530E+14   0.83854090E+10
   0.10000000E+00   0.79432823E+16   0.40182187E+01   0.34291386E+14   0.38098579E+01   0.29948896E+04   0.18886251E+16   0.22822430E+15   0.94814599E+00   0.29273219E+04   0.63559553E+16   0.30736346E+01   0.61306973E+14   0.90604590E+16   0.47743207E+01   0.23318530E+14   0.83854090E+10
   0.10000000E+00   0.10000000E+17   0.40130814E+01   0.34291386E+14   0.41137900E+01   0.32338074E+04   0.23800408E+16   0.22757979E+15   0.10250951E+01   0.31604238E+04   0.80004364E+16   0.30695467E+01   0.61306973E+14   0.11407442E+17   0.47683560E+01   0.23318530E+14   0.83854090E+10
   0.10000000E+00   0.12589254E+17   0.40093836E+01   0.34291386E+14   0.44419682E+01   0.34917849E+04   0.29984761E+16   0.22711659E+15   0.11078930E+01   0.34122165E+04   0.10070831E+17   0.30666045E+01   0.61306973E+14   0.14362025E+17   0.47640626E+01   0.23318530E+14   0.83854090E+10
