         1        92   0.15000000E+01   0.31562220E+00   0.68437780E+00   0.82883870E+00   0.96580000E+00   0.22242000E-01  ---------------   0.27255000E+01  ---------------      0.67238290E+00                                 
   0.15000000E+01   0.10000000E+08   0.89620886E+01   0.26042205E+15   0.20928810E-02   0.45338060E+01   0.13804438E+07   0.11164893E+17   0.23352604E-03   0.50428600E+01   0.95722863E+07   0.83185342E+01   0.31173152E+15   0.98809822E+07   0.87791838E+01   0.27374308E+15   0.28719989E+10
   0.15000000E+01   0.12589254E+08   0.88823440E+01   0.26042205E+15   0.22598410E-02   0.48954911E+01   0.17468989E+07   0.10925936E+17   0.25441944E-03   0.54349298E+01   0.12048515E+08   0.82439961E+01   0.31173152E+15   0.12438814E+08   0.87009255E+01   0.27374308E+15   0.28719989E+10
   0.15000000E+01   0.15848932E+08   0.88020677E+01   0.26042205E+15   0.24401201E-02   0.52860297E+01   0.22108541E+07   0.10688637E+17   0.27722124E-03   0.58573610E+01   0.15165254E+08   0.81689632E+01   0.31173152E+15   0.15658688E+08   0.86221326E+01   0.27374308E+15   0.28719989E+10
   0.15000000E+01   0.19952623E+08   0.87218824E+01   0.26042205E+15   0.26347811E-02   0.57077236E+01   0.27982000E+07   0.10454844E+17   0.30208859E-03   0.63125876E+01   0.19088273E+08   0.80940295E+01   0.31173152E+15   0.19712062E+08   0.85434335E+01   0.27374308E+15   0.28719989E+10
   0.15000000E+01   0.25118864E+08   0.86417852E+01   0.26042205E+15   0.28449712E-02   0.61630581E+01   0.35418029E+07   0.10224520E+17   0.32921105E-03   0.68031523E+01   0.24026121E+08   0.80191874E+01   0.31173152E+15   0.24814738E+08   0.84648299E+01   0.27374308E+15   0.28719989E+10
   0.15000000E+01   0.31622777E+08   0.85606896E+01   0.26042205E+15   0.30719292E-02   0.66547171E+01   0.44836326E+07   0.99945768E+16   0.35884133E-03   0.73316037E+01   0.30241138E+08   0.79434129E+01   0.31173152E+15   0.31238246E+08   0.83852465E+01   0.27374308E+15   0.28719989E+10
   0.15000000E+01   0.39810717E+08   0.84791406E+01   0.26042205E+15   0.33169929E-02   0.71855983E+01   0.56765047E+07   0.97666281E+16   0.39119447E-03   0.79009507E+01   0.38063429E+08   0.78671993E+01   0.31173152E+15   0.39324485E+08   0.83052183E+01   0.27374308E+15   0.28719989E+10
   0.15000000E+01   0.50118723E+08   0.83976956E+01   0.26042205E+15   0.35816065E-02   0.77588305E+01   0.71872300E+07   0.95422338E+16   0.42649874E-03   0.85144598E+01   0.47908921E+08   0.77910848E+01   0.31173152E+15   0.49503804E+08   0.82252894E+01   0.27374308E+15   0.28719989E+10
   0.15000000E+01   0.63095734E+08   0.83163509E+01   0.26042205E+15   0.38673298E-02   0.83777925E+01   0.91006495E+07   0.93213525E+16   0.46502725E-03   0.91755518E+01   0.60300865E+08   0.77150663E+01   0.31173152E+15   0.62317738E+08   0.81454466E+01   0.27374308E+15   0.28719989E+10
   0.15000000E+01   0.79432823E+08   0.82336111E+01   0.26042205E+15   0.41758467E-02   0.90461322E+01   0.11525541E+08   0.90999811E+16   0.50717075E-03   0.98875516E+01   0.75897889E+08   0.76377585E+01   0.31173152E+15   0.78448774E+08   0.80642491E+01   0.27374308E+15   0.28719989E+10
   0.15000000E+01   0.10000000E+09   0.81509558E+01   0.26042205E+15   0.45089755E-02   0.97677889E+01   0.14597676E+08   0.88821368E+16   0.55318365E-03   0.10654729E+02   0.95528840E+08   0.75605324E+01   0.31173152E+15   0.98755303E+08   0.79831363E+01   0.27374308E+15   0.28719989E+10
   0.15000000E+01   0.12589254E+09   0.80684362E+01   0.26042205E+15   0.48686798E-02   0.10547016E+02   0.18490076E+08   0.86679209E+16   0.60342297E-03   0.11481368E+02   0.12023690E+09   0.74834346E+01   0.31173152E+15   0.12431807E+09   0.79021571E+01   0.27374308E+15   0.28719989E+10
   0.15000000E+01   0.15848932E+09   0.79854667E+01   0.26042205E+15   0.52570795E-02   0.11388406E+02   0.23423201E+08   0.84558115E+16   0.65833090E-03   0.12371895E+02   0.15133476E+09   0.74059176E+01   0.31173152E+15   0.15649752E+09   0.78207366E+01   0.27374308E+15   0.28719989E+10
   0.15000000E+01   0.19952623E+09   0.79015455E+01   0.26042205E+15   0.56764638E-02   0.12296918E+02   0.29677321E+08   0.82445880E+16   0.71839919E-03   0.13331059E+02   0.19047437E+09   0.73275125E+01   0.31173152E+15   0.19700616E+09   0.77383822E+01   0.27374308E+15   0.28719989E+10
   0.15000000E+01   0.25118864E+09   0.78177687E+01   0.26042205E+15   0.61293047E-02   0.13277906E+02   0.37604458E+08   0.80370361E+16   0.78402226E-03   0.14364505E+02   0.23973510E+09   0.72492382E+01   0.31173152E+15   0.24799999E+09   0.76561701E+01   0.27374308E+15   0.28719989E+10
   0.15000000E+01   0.31622777E+09   0.77341353E+01   0.26042205E+15   0.66182709E-02   0.14337153E+02   0.47653089E+08   0.78331148E+16   0.85572215E-03   0.15477982E+02   0.30173447E+09   0.71710996E+01   0.31173152E+15   0.31219291E+09   0.75740991E+01   0.27374308E+15   0.28719989E+10
   0.15000000E+01   0.39810717E+09   0.76490660E+01   0.26042205E+15   0.71462446E-02   0.15480902E+02   0.60399846E+08   0.76290277E+16   0.93426368E-03   0.16677018E+02   0.37976477E+09   0.70916231E+01   0.31173152E+15   0.39300068E+09   0.74906190E+01   0.27374308E+15   0.28719989E+10
   0.15000000E+01   0.50118723E+09   0.75642050E+01   0.26042205E+15   0.77163374E-02   0.16715894E+02   0.76562987E+08   0.74287692E+16   0.10201122E-02   0.17968866E+02   0.47797228E+09   0.70123438E+01   0.31173152E+15   0.49472408E+09   0.74073438E+01   0.27374308E+15   0.28719989E+10
   0.15000000E+01   0.63095734E+09   0.74796008E+01   0.26042205E+15   0.83319095E-02   0.18049407E+02   0.97059786E+08   0.72324049E+16   0.11139511E-02   0.19360734E+02   0.60157401E+09   0.69333074E+01   0.31173152E+15   0.62277661E+09   0.73243213E+01   0.27374308E+15   0.28719989E+10
   0.15000000E+01   0.79432823E+09   0.73939703E+01   0.26042205E+15   0.89965889E-02   0.19489301E+02   0.12306795E+09   0.70369780E+16   0.12167467E-02   0.20859678E+02   0.75713283E+09   0.68533157E+01   0.31173152E+15   0.78397190E+09   0.72402917E+01   0.27374308E+15   0.28719989E+10
   0.15000000E+01   0.10000000E+10   0.73080912E+01   0.26042205E+15   0.97142932E-02   0.21044063E+02   0.15606662E+09   0.68443154E+16   0.13292518E-02   0.22474321E+02   0.95291162E+09   0.67730951E+01   0.31173152E+15   0.98688816E+09   0.71560188E+01   0.27374308E+15   0.28719989E+10
   0.15000000E+01   0.12589254E+10   0.72224237E+01   0.26042205E+15   0.10489253E-01   0.22722857E+02   0.19793336E+09   0.66554283E+16   0.14523175E-02   0.24213853E+02   0.11993094E+10   0.66930754E+01   0.31173152E+15   0.12423238E+10   0.70719540E+01   0.27374308E+15   0.28719989E+10
   0.15000000E+01   0.15848932E+10   0.71358820E+01   0.26042205E+15   0.11326034E-01   0.24535576E+02   0.25108148E+09   0.64679373E+16   0.15871947E-02   0.26087198E+02   0.15094071E+10   0.66122429E+01   0.31173152E+15   0.15638697E+10   0.69870318E+01   0.27374308E+15   0.28719989E+10
   0.15000000E+01   0.19952623E+10   0.70492837E+01   0.26042205E+15   0.12229571E-01   0.26492906E+02   0.31854326E+09   0.62836433E+16   0.17348671E-02   0.28105176E+02   0.18996740E+10   0.65313611E+01   0.31173152E+15   0.19686368E+10   0.69020546E+01   0.27374308E+15   0.28719989E+10
   0.15000000E+01   0.25118864E+10   0.69629475E+01   0.26042205E+15   0.13205187E-01   0.28606382E+02   0.40417487E+09   0.61031888E+16   0.18964938E-02   0.30279183E+02   0.23908273E+10   0.64507201E+01   0.31173152E+15   0.24781637E+10   0.68173352E+01   0.27374308E+15   0.28719989E+10
   0.15000000E+01   0.31622777E+10   0.68756624E+01   0.26042205E+15   0.14258632E-01   0.30888461E+02   0.51294112E+09   0.59240577E+16   0.20737831E-02   0.32620251E+02   0.30089362E+10   0.63691950E+01   0.31173152E+15   0.31195587E+10   0.67316852E+01   0.27374308E+15   0.28719989E+10
   0.15000000E+01   0.39810717E+10   0.67882339E+01   0.26042205E+15   0.15396117E-01   0.33352593E+02   0.65107905E+09   0.57479403E+16   0.22680593E-02   0.35141869E+02   0.37868192E+10   0.62875386E+01   0.31173152E+15   0.39269508E+10   0.66458952E+01   0.27374308E+15   0.28719989E+10
   0.15000000E+01   0.50118723E+10   0.67012970E+01   0.26042205E+15   0.16624345E-01   0.36013301E+02   0.82650138E+09   0.55760713E+16   0.24807653E-02   0.37858566E+02   0.47657796E+10   0.62063443E+01   0.31173152E+15   0.49433021E+10   0.65605883E+01   0.27374308E+15   0.28719989E+10
   0.15000000E+01   0.63095734E+10   0.66133134E+01   0.26042205E+15   0.17950555E-01   0.38886268E+02   0.10494546E+10   0.54054157E+16   0.27143058E-02   0.40783795E+02   0.59977509E+10   0.61241750E+01   0.31173152E+15   0.62226800E+10   0.64742550E+01   0.27374308E+15   0.28719989E+10
   0.15000000E+01   0.79432823E+10   0.65256207E+01   0.26042205E+15   0.19382563E-01   0.41988426E+02   0.13327244E+10   0.52385846E+16   0.29702252E-02   0.43935006E+02   0.75481681E+10   0.60422871E+01   0.31173152E+15   0.78331860E+10   0.63882148E+01   0.27374308E+15   0.28719989E+10
   0.15000000E+01   0.10000000E+11   0.64378535E+01   0.26042205E+15   0.20928810E-01   0.45338060E+02   0.16927446E+10   0.50748456E+16   0.32508988E-02   0.47329203E+02   0.94993332E+10   0.59603415E+01   0.31173152E+15   0.98604877E+10   0.63021020E+01   0.27374308E+15   0.28719989E+10
   0.15000000E+01   0.12589254E+11   0.63496116E+01   0.26042205E+15   0.22598410E-01   0.48954911E+02   0.21504903E+10   0.49134564E+16   0.35590224E-02   0.50984550E+02   0.11954675E+11   0.58779437E+01   0.31173152E+15   0.12412398E+11   0.62155170E+01   0.27374308E+15   0.28719989E+10
   0.15000000E+01   0.15848932E+11   0.62620094E+01   0.26042205E+15   0.24401201E-01   0.52860297E+02   0.27323163E+10   0.47564206E+16   0.38967047E-02   0.54922708E+02   0.15044540E+11   0.57961422E+01   0.31173152E+15   0.15624724E+11   0.61295609E+01   0.27374308E+15   0.28719989E+10
   0.15000000E+01   0.19952623E+11   0.61737277E+01   0.26042205E+15   0.26347811E-01   0.57077236E+02   0.34724393E+10   0.46013494E+16   0.42677313E-02   0.59163519E+02   0.18932809E+11   0.57137096E+01   0.31173152E+15   0.19668334E+11   0.60429388E+01   0.27374308E+15   0.28719989E+10
   0.15000000E+01   0.25118864E+11   0.60856436E+01   0.26042205E+15   0.28449712E-01   0.61630581E+02   0.44137853E+10   0.44497835E+16   0.46748896E-02   0.63731644E+02   0.23825960E+11   0.56314772E+01   0.31173152E+15   0.24758511E+11   0.59565239E+01   0.27374308E+15   0.28719989E+10
   0.15000000E+01   0.31622777E+11   0.59981315E+01   0.26042205E+15   0.30719292E-01   0.66547171E+02   0.56110559E+10   0.43022998E+16   0.51214770E-02   0.68653058E+02   0.29983502E+11   0.55497801E+01   0.31173152E+15   0.31165774E+11   0.58706585E+01   0.27374308E+15   0.28719989E+10
   0.15000000E+01   0.39810717E+11   0.59101665E+01   0.26042205E+15   0.33169929E-01   0.71855983E+02   0.71348894E+10   0.41571389E+16   0.56123510E-02   0.73953105E+02   0.37731733E+11   0.54676534E+01   0.31173152E+15   0.39231047E+11   0.57843499E+01   0.27374308E+15   0.28719989E+10
   0.15000000E+01   0.50118723E+11   0.58229210E+01   0.26042205E+15   0.35816065E-01   0.77588305E+02   0.90736914E+10   0.40161954E+16   0.61508761E-02   0.79663378E+02   0.47481932E+11   0.53862028E+01   0.31173152E+15   0.49383417E+11   0.56987483E+01   0.27374308E+15   0.28719989E+10
   0.15000000E+01   0.63095734E+11   0.57355804E+01   0.26042205E+15   0.38673298E-01   0.83777925E+02   0.11541924E+11   0.38780952E+16   0.67427000E-02   0.85813851E+02   0.59751631E+11   0.53046854E+01   0.31173152E+15   0.62163227E+11   0.56130652E+01   0.27374308E+15   0.28719989E+10
   0.15000000E+01   0.79432823E+11   0.56490372E+01   0.26042205E+15   0.41758467E-01   0.90461322E+02   0.14683386E+11   0.37441880E+16   0.73921387E-02   0.92440706E+02   0.75190614E+11   0.52238976E+01   0.31173152E+15   0.78249692E+11   0.55281546E+01   0.27374308E+15   0.28719989E+10
   0.15000000E+01   0.10000000E+12   0.55624613E+01   0.26042205E+15   0.45089755E-01   0.97677889E+02   0.18684172E+11   0.36131252E+16   0.81060797E-02   0.99578757E+02   0.94617789E+11   0.51430840E+01   0.31173152E+15   0.98498680E+11   0.54432132E+01   0.27374308E+15   0.28719989E+10
   0.15000000E+01   0.12589254E+12   0.54770942E+01   0.26042205E+15   0.48686798E-01   0.10547016E+03   0.23776951E+11   0.34867028E+16   0.88891656E-02   0.10727111E+03   0.11906486E+12   0.50634177E+01   0.31173152E+15   0.12398809E+12   0.53594686E+01   0.27374308E+15   0.28719989E+10
   0.15000000E+01   0.15848932E+12   0.53920822E+01   0.26042205E+15   0.52570795E-01   0.11388406E+03   0.30263624E+11   0.33635554E+16   0.97496278E-02   0.11555843E+03   0.14982569E+12   0.49840717E+01   0.31173152E+15   0.15607234E+12   0.52760636E+01   0.27374308E+15   0.28719989E+10
   0.15000000E+01   0.19952623E+12   0.53080437E+01   0.26042205E+15   0.56764638E-01   0.12296918E+03   0.38524317E+11   0.32444907E+16   0.10694079E-01   0.12448900E+03   0.18853269E+12   0.49056405E+01   0.31173152E+15   0.19645881E+12   0.51936162E+01   0.27374308E+15   0.28719989E+10
   0.15000000E+01   0.25118864E+12   0.52251645E+01   0.26042205E+15   0.61293047E-01   0.13277906E+03   0.49044182E+11   0.31296483E+16   0.11730357E-01   0.13411376E+03   0.23723954E+12   0.48283047E+01   0.31173152E+15   0.24729653E+12   0.51123139E+01   0.27374308E+15   0.28719989E+10
   0.15000000E+01   0.31622777E+12   0.51430906E+01   0.26042205E+15   0.66182709E-01   0.14337153E+03   0.62445273E+11   0.30184239E+16   0.12868276E-01   0.14448568E+03   0.29852548E+12   0.47517143E+01   0.31173152E+15   0.31128753E+12   0.50317952E+01   0.27374308E+15   0.28719989E+10
   0.15000000E+01   0.39810717E+12   0.50629462E+01   0.26042205E+15   0.71462446E-01   0.15480902E+03   0.79506483E+11   0.29121961E+16   0.14114795E-01   0.15566795E+03   0.37564533E+12   0.46769385E+01   0.31173152E+15   0.39183880E+12   0.49531787E+01   0.27374308E+15   0.28719989E+10
   0.15000000E+01   0.50118723E+12   0.49839863E+01   0.26042205E+15   0.77163374E-01   0.16715894E+03   0.10123712E+12   0.28098197E+16   0.15482260E-01   0.16772118E+03   0.47268260E+12   0.46032623E+01   0.31173152E+15   0.49323106E+12   0.48757172E+01   0.27374308E+15   0.28719989E+10
   0.15000000E+01   0.63095734E+12   0.49070240E+01   0.26042205E+15   0.83319095E-01   0.18049407E+03   0.12890151E+12   0.27121937E+16   0.16979557E-01   0.18071784E+03   0.59478706E+12   0.45314553E+01   0.31173152E+15   0.62085970E+12   0.48002171E+01   0.27374308E+15   0.28719989E+10
   0.15000000E+01   0.79432823E+12   0.48320752E+01   0.26042205E+15   0.89965889E-01   0.19489301E+03   0.16411633E+12   0.26191538E+16   0.18618478E-01   0.19473276E+03   0.74843722E+12   0.44615369E+01   0.31173152E+15   0.78151717E+12   0.47267003E+01   0.27374308E+15   0.28719989E+10
   0.15000000E+01   0.10000000E+13   0.47592515E+01   0.26042205E+15   0.97142932E-01   0.21044063E+03   0.20893398E+12   0.25306563E+16   0.20411389E-01   0.20984734E+03   0.94177734E+12   0.43935989E+01   0.31173152E+15   0.98374353E+12   0.46552622E+01   0.27374308E+15   0.28719989E+10
   0.15000000E+01   0.12589254E+13   0.46892809E+01   0.26042205E+15   0.10489253E+00   0.22722857E+03   0.26593438E+12   0.24473797E+16   0.22368574E-01   0.22615349E+03   0.11850713E+13   0.43283273E+01   0.31173152E+15   0.12383010E+13   0.45866245E+01   0.27374308E+15   0.28719989E+10
   0.15000000E+01   0.15848932E+13   0.46216593E+01   0.26042205E+15   0.11326034E+00   0.24535576E+03   0.33843468E+12   0.23685185E+16   0.24506424E-01   0.24374328E+03   0.14912266E+13   0.42652532E+01   0.31173152E+15   0.15587343E+13   0.45202955E+01   0.27374308E+15   0.28719989E+10
   0.15000000E+01   0.19952623E+13   0.45575515E+01   0.26042205E+15   0.12229571E+00   0.26492906E+03   0.43054665E+12   0.22952136E+16   0.26833642E-01   0.26272748E+03   0.18764967E+13   0.42054570E+01   0.31173152E+15   0.19620923E+13   0.44574135E+01   0.27374308E+15   0.28719989E+10
   0.15000000E+01   0.25118864E+13   0.44963093E+01   0.26042205E+15   0.13205187E+00   0.28606382E+03   0.54757835E+12   0.22265012E+16   0.29368946E-01   0.28321363E+03   0.23613293E+13   0.41483371E+01   0.31173152E+15   0.24698314E+13   0.43973411E+01   0.27374308E+15   0.28719989E+10
   0.15000000E+01   0.31622777E+13   0.44388635E+01   0.26042205E+15   0.14258632E+00   0.30888461E+03   0.69610519E+12   0.21632085E+16   0.32122259E-01   0.30533008E+03   0.29714836E+13   0.40947612E+01   0.31173152E+15   0.31089766E+13   0.43409936E+01   0.27374308E+15   0.28719989E+10
   0.15000000E+01   0.39810717E+13   0.43850907E+01   0.26042205E+15   0.15396117E+00   0.33352593E+03   0.88450986E+12   0.21049732E+16   0.35110145E-01   0.32920789E+03   0.37393686E+13   0.40446134E+01   0.31173152E+15   0.39135411E+13   0.42882499E+01   0.27374308E+15   0.28719989E+10
   0.15000000E+01   0.50118723E+13   0.43351131E+01   0.26042205E+15   0.16624345E+00   0.36013301E+03   0.11233325E+13   0.20517184E+16   0.38348123E-01   0.35499097E+03   0.47057879E+13   0.39980071E+01   0.31173152E+15   0.49263461E+13   0.42392296E+01   0.27374308E+15   0.28719989E+10
   0.15000000E+01   0.63095734E+13   0.42893366E+01   0.26042205E+15   0.17950555E+00   0.38886268E+03   0.14257652E+13   0.20036716E+16   0.41849256E-01   0.38283826E+03   0.59221240E+13   0.39553202E+01   0.31173152E+15   0.62013045E+13   0.41943309E+01   0.27374308E+15   0.28719989E+10
   0.15000000E+01   0.79432823E+13   0.42475634E+01   0.26042205E+15   0.19382563E+00   0.41988426E+03   0.18085242E+13   0.19604332E+16   0.45632193E-01   0.41291598E+03   0.74530436E+13   0.39163674E+01   0.31173152E+15   0.78062831E+13   0.41533593E+01   0.27374308E+15   0.28719989E+10
   0.15000000E+01   0.10000000E+14   0.42100949E+01   0.26042205E+15   0.20928810E+00   0.45338060E+03   0.22924579E+13   0.19221407E+16   0.49711018E-01   0.44540959E+03   0.93799924E+13   0.38814297E+01   0.31173152E+15   0.98267317E+13   0.41166106E+01   0.27374308E+15   0.28719989E+10
   0.15000000E+01   0.12589254E+14   0.41767121E+01   0.26042205E+15   0.22598410E+00   0.48954911E+03   0.29039224E+13   0.18884121E+16   0.54105739E-01   0.48051400E+03   0.11805526E+14   0.38503068E+01   0.31173152E+15   0.12370187E+14   0.40838661E+01   0.27374308E+15   0.28719989E+10
   0.15000000E+01   0.15848932E+14   0.41476435E+01   0.26042205E+15   0.24401201E+00   0.52860297E+03   0.36757525E+13   0.18593393E+16   0.58831482E-01   0.51844589E+03   0.14858687E+14   0.38232020E+01   0.31173152E+15   0.15572145E+14   0.40553571E+01   0.27374308E+15   0.28719989E+10
   0.15000000E+01   0.19952623E+14   0.41223998E+01   0.26042205E+15   0.26347811E+00   0.57077236E+03   0.46495996E+13   0.18343154E+16   0.63913770E-01   0.55943001E+03   0.18702034E+14   0.37996658E+01   0.31173152E+15   0.19603025E+14   0.40305966E+01   0.27374308E+15   0.28719989E+10
   0.15000000E+01   0.25118864E+14   0.41009315E+01   0.26042205E+15   0.28449712E+00   0.61630581E+03   0.58774547E+13   0.18131969E+16   0.69373780E-01   0.60371528E+03   0.23540213E+14   0.37796506E+01   0.31173152E+15   0.24677568E+14   0.40095426E+01   0.27374308E+15   0.28719989E+10
   0.15000000E+01   0.31622777E+14   0.40829520E+01   0.26042205E+15   0.30719292E+00   0.66547171E+03   0.74247997E+13   0.17956253E+16   0.75237946E-01   0.65156704E+03   0.29630910E+14   0.37628908E+01   0.31173152E+15   0.31065905E+14   0.39919076E+01   0.27374308E+15   0.28719989E+10
   0.15000000E+01   0.39810717E+14   0.40679472E+01   0.26042205E+15   0.33169929E+00   0.71855983E+03   0.93743208E+13   0.17810407E+16   0.81539724E-01   0.70326740E+03   0.37298190E+14   0.37488975E+01   0.31173152E+15   0.39108359E+14   0.39771933E+01   0.27374308E+15   0.28719989E+10
   0.15000000E+01   0.50118723E+14   0.40555645E+01   0.26042205E+15   0.35816065E+00   0.77588305E+03   0.11829882E+14   0.17690596E+16   0.88313392E-01   0.75912295E+03   0.46950704E+14   0.37373550E+01   0.31173152E+15   0.49233056E+14   0.39650479E+01   0.27374308E+15   0.28719989E+10
   0.15000000E+01   0.63095734E+14   0.40454028E+01   0.26042205E+15   0.38673298E+00   0.83777925E+03   0.14922365E+14   0.17592644E+16   0.95598139E-01   0.81946294E+03   0.59102323E+14   0.37278832E+01   0.31173152E+15   0.61979242E+14   0.39550811E+01   0.27374308E+15   0.28719989E+10
   0.15000000E+01   0.79432823E+14   0.40370653E+01   0.26042205E+15   0.41758467E+00   0.90461322E+03   0.18816692E+14   0.17512523E+16   0.10343768E+00   0.88464180E+03   0.74400125E+14   0.37201119E+01   0.31173152E+15   0.78025686E+14   0.39469035E+01   0.27374308E+15   0.28719989E+10
   0.15000000E+01   0.10000000E+15   0.40302237E+01   0.26042205E+15   0.45089755E+00   0.97677889E+03   0.23720498E+14   0.17446945E+16   0.11187904E+00   0.95504259E+03   0.93658527E+14   0.37137324E+01   0.31173152E+15   0.98226908E+14   0.39401931E+01   0.27374308E+15   0.28719989E+10
   0.15000000E+01   0.12589254E+15   0.40246184E+01   0.26042205E+15   0.48686798E+00   0.10547016E+04   0.29895130E+14   0.17393328E+16   0.12097246E+00   0.10310795E+04   0.11790297E+15   0.37085030E+01   0.31173152E+15   0.12365894E+15   0.39346981E+01   0.27374308E+15   0.28719989E+10
   0.15000000E+01   0.15848932E+15   0.40200253E+01   0.26042205E+15   0.52570795E+00   0.11388406E+04   0.37669660E+14   0.17349469E+16   0.13077230E+00   0.11131999E+04   0.14842517E+15   0.37042218E+01   0.31173152E+15   0.15567566E+15   0.39301931E+01   0.27374308E+15   0.28719989E+10
   0.15000000E+01   0.19952623E+15   0.40162638E+01   0.26042205E+15   0.56764638E+00   0.12296918E+04   0.47458344E+14   0.17313601E+16   0.14133693E+00   0.12018871E+04   0.18685016E+15   0.37007158E+01   0.31173152E+15   0.19598225E+15   0.39265037E+01   0.27374308E+15   0.28719989E+10
   0.15000000E+01   0.25118864E+15   0.40131817E+01   0.26042205E+15   0.61293047E+00   0.13277906E+04   0.59782740E+14   0.17284246E+16   0.15272931E+00   0.12976630E+04   0.23522415E+15   0.36978431E+01   0.31173152E+15   0.24672520E+15   0.39234808E+01   0.27374308E+15   0.28719989E+10
   0.15000000E+01   0.31622777E+15   0.40106649E+01   0.26042205E+15   0.66182709E+00   0.14337153E+04   0.75299308E+14   0.17260296E+16   0.16501680E+00   0.14010919E+04   0.29612322E+15   0.36954972E+01   0.31173152E+15   0.31060673E+15   0.39210122E+01   0.27374308E+15   0.28719989E+10
   0.15000000E+01   0.39810717E+15   0.40086132E+01   0.26042205E+15   0.71462446E+00   0.15480902E+04   0.94834536E+14   0.17240788E+16   0.17827224E+00   0.15127829E+04   0.37279043E+15   0.36935849E+01   0.31173152E+15   0.39102876E+15   0.39189999E+01   0.27374308E+15   0.28719989E+10
   0.15000000E+01   0.50118723E+15   0.40069438E+01   0.26042205E+15   0.77163374E+00   0.16715894E+04   0.11942890E+15   0.17224925E+16   0.19257413E+00   0.16333940E+04   0.46930857E+15   0.36920289E+01   0.31173152E+15   0.49227404E+15   0.39173626E+01   0.27374308E+15   0.28719989E+10
   0.15000000E+01   0.63095734E+15   0.40055878E+01   0.26042205E+15   0.83319095E+00   0.18049407E+04   0.15039230E+15   0.17212046E+16   0.20800716E+00   0.17636356E+04   0.59081755E+15   0.36907650E+01   0.31173152E+15   0.61973426E+15   0.39160325E+01   0.27374308E+15   0.28719989E+10
   0.15000000E+01   0.79432823E+15   0.40044900E+01   0.26042205E+15   0.89965889E+00   0.19489301E+04   0.18937371E+15   0.17201624E+16   0.22466254E+00   0.19042752E+04   0.74378816E+15   0.36897418E+01   0.31173152E+15   0.78019713E+15   0.39149558E+01   0.27374308E+15   0.28719989E+10
   0.15000000E+01   0.10000000E+16   0.40036032E+01   0.26042205E+15   0.97142932E+00   0.21044063E+04   0.23844911E+15   0.17193208E+16   0.24263876E+00   0.20561413E+04   0.93636663E+15   0.36889153E+01   0.31173152E+15   0.98220788E+15   0.39140860E+01   0.27374308E+15   0.28719989E+10
   0.15000000E+01   0.12589254E+16   0.40028883E+01   0.26042205E+15   0.10489253E+01   0.22722857E+04   0.30023202E+15   0.17186425E+16   0.26204210E+00   0.22201288E+04   0.11788084E+16   0.36882490E+01   0.31173152E+15   0.12365243E+16   0.39133849E+01   0.27374308E+15   0.28719989E+10
   0.15000000E+01   0.15848932E+16   0.40023132E+01   0.26042205E+15   0.11326034E+01   0.24535576E+04   0.37801264E+15   0.17180970E+16   0.28298720E+00   0.23972039E+04   0.14840245E+16   0.36877130E+01   0.31173152E+15   0.15566897E+16   0.39128208E+01   0.27374308E+15   0.28719989E+10
   0.15000000E+01   0.19952623E+16   0.40018517E+01   0.26042205E+15   0.12229571E+01   0.26492906E+04   0.47593311E+15   0.17176593E+16   0.30559779E+00   0.25884099E+04   0.18682687E+16   0.36872828E+01   0.31173152E+15   0.19597540E+16   0.39123682E+01   0.27374308E+15   0.28719989E+10
   0.15000000E+01   0.25118864E+16   0.40014818E+01   0.26042205E+15   0.13205187E+01   0.28606382E+04   0.59920807E+15   0.17173086E+16   0.33000741E+00   0.27948737E+04   0.23520034E+16   0.36869381E+01   0.31173152E+15   0.24671819E+16   0.39120054E+01   0.27374308E+15   0.28719989E+10
   0.15000000E+01   0.31622777E+16   0.40011858E+01   0.26042205E+15   0.14258632E+01   0.30888461E+04   0.75440239E+15   0.17170279E+16   0.35636017E+00   0.30178118E+04   0.29609893E+16   0.36866622E+01   0.31173152E+15   0.31059958E+16   0.39117151E+01   0.27374308E+15   0.28719989E+10
   0.15000000E+01   0.39810717E+16   0.40009493E+01   0.26042205E+15   0.15396117E+01   0.33352593E+04   0.94978072E+15   0.17168037E+16   0.38481160E+00   0.32585381E+04   0.37276570E+16   0.36864417E+01   0.31173152E+15   0.39102148E+16   0.39114831E+01   0.27374308E+15   0.28719989E+10
   0.15000000E+01   0.50118723E+16   0.40007608E+01   0.26042205E+15   0.16624345E+01   0.36013301E+04   0.11957476E+16   0.17166249E+16   0.41552959E+00   0.35184711E+04   0.46928344E+16   0.36862660E+01   0.31173152E+15   0.49226665E+16   0.39112982E+01   0.27374308E+15   0.28719989E+10
   0.15000000E+01   0.63095734E+16   0.40006104E+01   0.26042205E+15   0.17950555E+01   0.38886268E+04   0.15054018E+16   0.17164824E+16   0.44869540E+00   0.37991428E+04   0.59079208E+16   0.36861258E+01   0.31173152E+15   0.61972677E+16   0.39111506E+01   0.27374308E+15   0.28719989E+10
   0.15000000E+01   0.79432823E+16   0.40004904E+01   0.26042205E+15   0.19382563E+01   0.41988426E+04   0.18952335E+16   0.17163686E+16   0.48450468E+00   0.41022071E+04   0.74376239E+16   0.36860140E+01   0.31173152E+15   0.78018955E+16   0.39110330E+01   0.27374308E+15   0.28719989E+10
   0.15000000E+01   0.10000000E+17   0.40003947E+01   0.26042205E+15   0.20928810E+01   0.45338060E+04   0.23860028E+16   0.17162779E+16   0.52316864E+00   0.44294503E+04   0.93634060E+16   0.36859248E+01   0.31173152E+15   0.98220022E+16   0.39109391E+01   0.27374308E+15   0.28719989E+10
   0.15000000E+01   0.12589254E+17   0.40003187E+01   0.26042205E+15   0.22598410E+01   0.48954911E+04   0.30038447E+16   0.17162059E+16   0.56491523E+00   0.47828009E+04   0.11787822E+17   0.36858540E+01   0.31173152E+15   0.12365166E+17   0.39108646E+01   0.27374308E+15   0.28719989E+10
