         1        92   0.11000000E+01   0.31562220E+00   0.68437780E+00   0.82883870E+00   0.96580000E+00   0.22242000E-01  ---------------   0.27255000E+01  ---------------      0.67238290E+00                                 
   0.11000000E+01   0.10000000E+08   0.10952578E+02   0.16088283E+15   0.24573512E-02   0.41840955E+01   0.12344741E+07   0.11258258E+17   0.22436280E-03   0.48652009E+01   0.95251639E+07   0.10018336E+02   0.20023706E+15   0.99815616E+07   0.10915043E+02   0.16224862E+15   0.36785721E+10
   0.11000000E+01   0.12589254E+08   0.10850677E+02   0.16088283E+15   0.26533868E-02   0.45178824E+01   0.15619401E+07   0.11002085E+17   0.24453651E-03   0.52419821E+01   0.11988960E+08   0.99244344E+01   0.20023706E+15   0.12565958E+08   0.10813467E+02   0.16224862E+15   0.36785721E+10
   0.11000000E+01   0.15848932E+08   0.10748659E+02   0.16088283E+15   0.28650611E-02   0.48782972E+01   0.19764124E+07   0.10749306E+17   0.26655058E-03   0.56478632E+01   0.15090039E+08   0.98304364E+01   0.20023706E+15   0.15819543E+08   0.10711784E+02   0.16224862E+15   0.36785721E+10
   0.11000000E+01   0.19952623E+08   0.10646784E+02   0.16088283E+15   0.30936219E-02   0.52674642E+01   0.25010164E+07   0.10500548E+17   0.29056867E-03   0.60851191E+01   0.18993188E+08   0.97365735E+01   0.20023706E+15   0.19915450E+08   0.10610228E+02   0.16224862E+15   0.36785721E+10
   0.11000000E+01   0.25118864E+08   0.10544952E+02   0.16088283E+15   0.33404160E-02   0.56876770E+01   0.31650759E+07   0.10255527E+17   0.31677870E-03   0.65561560E+01   0.23905834E+08   0.96427514E+01   0.20023706E+15   0.25071821E+08   0.10508711E+02   0.16224862E+15   0.36785721E+10
   0.11000000E+01   0.31622777E+08   0.10441282E+02   0.16088283E+15   0.36068983E-02   0.61414123E+01   0.40061174E+07   0.10009796E+17   0.34544592E-03   0.70632895E+01   0.30088917E+08   0.95472382E+01   0.20023706E+15   0.31563243E+08   0.10405364E+02   0.16224862E+15   0.36785721E+10
   0.11000000E+01   0.39810717E+08   0.10337789E+02   0.16088283E+15   0.38946392E-02   0.66313445E+01   0.50709722E+07   0.97681943E+16   0.37673812E-03   0.76095861E+01   0.37870946E+08   0.94518783E+01   0.20023706E+15   0.39735376E+08   0.10302193E+02   0.16224862E+15   0.36785721E+10
   0.11000000E+01   0.50118723E+08   0.10234473E+02   0.16088283E+15   0.42053346E-02   0.71603611E+01   0.64192958E+07   0.95306814E+16   0.41089898E-03   0.81980651E+01   0.47665498E+08   0.93566838E+01   0.20023706E+15   0.50023397E+08   0.10199200E+02   0.16224862E+15   0.36785721E+10
   0.11000000E+01   0.63095734E+08   0.10130464E+02   0.16088283E+15   0.45408159E-02   0.77315800E+01   0.81270587E+07   0.92952589E+16   0.44823375E-03   0.88318081E+01   0.59993102E+08   0.92608644E+01   0.20023706E+15   0.62975331E+08   0.10095528E+02   0.16224862E+15   0.36785721E+10
   0.11000000E+01   0.79432823E+08   0.10025454E+02   0.16088283E+15   0.49030602E-02   0.83483681E+01   0.10290540E+08   0.90612982E+16   0.48906115E-03   0.95142093E+01   0.75508467E+08   0.91641255E+01   0.20023706E+15   0.79280698E+08   0.99908579E+01   0.16224862E+15   0.36785721E+10
   0.11000000E+01   0.10000000E+09   0.99206448E+01   0.16088283E+15   0.52942026E-02   0.90143605E+01   0.13030897E+08   0.88314926E+16   0.53365509E-03   0.10249249E+02   0.95036034E+08   0.90675734E+01   0.20023706E+15   0.99807743E+08   0.98863855E+01   0.16224862E+15   0.36785721E+10
   0.11000000E+01   0.12589254E+09   0.98160327E+01   0.16088283E+15   0.57165485E-02   0.97334826E+01   0.16502232E+08   0.86057902E+16   0.58236853E-03   0.11040979E+02   0.11961323E+09   0.89712057E+01   0.20023706E+15   0.12564922E+09   0.97821014E+01   0.16224862E+15   0.36785721E+10
   0.11000000E+01   0.15848932E+09   0.97095601E+01   0.16088283E+15   0.61725871E-02   0.10509973E+02   0.20902375E+08   0.83798139E+16   0.63572263E-03   0.11893213E+02   0.15054492E+09   0.88731264E+01   0.20023706E+15   0.15818137E+09   0.96759637E+01   0.16224862E+15   0.36785721E+10
   0.11000000E+01   0.19952623E+09   0.96032643E+01   0.16088283E+15   0.66650063E-02   0.11348408E+02   0.26477951E+08   0.81579510E+16   0.69403549E-03   0.12811104E+02   0.18947463E+09   0.87752127E+01   0.20023706E+15   0.19913649E+09   0.95700027E+01   0.16224862E+15   0.36785721E+10
   0.11000000E+01   0.25118864E+09   0.94971936E+01   0.16088283E+15   0.71967082E-02   0.12253729E+02   0.33543511E+08   0.79402553E+16   0.75777209E-03   0.13799716E+02   0.23847020E+09   0.86775090E+01   0.20023706E+15   0.25069537E+09   0.94642664E+01   0.16224862E+15   0.36785721E+10
   0.11000000E+01   0.31622777E+09   0.93898910E+01   0.16088283E+15   0.77708268E-02   0.13231272E+02   0.42501789E+08   0.77237630E+16   0.82757369E-03   0.14863992E+02   0.30013284E+09   0.85786734E+01   0.20023706E+15   0.31560346E+09   0.93573031E+01   0.16224862E+15   0.36785721E+10
   0.11000000E+01   0.39810717E+09   0.92821968E+01   0.16088283E+15   0.83907457E-02   0.14286799E+02   0.53859302E+08   0.75102278E+16   0.90396120E-03   0.16009975E+02   0.37773750E+09   0.84794799E+01   0.20023706E+15   0.39731700E+09   0.92499500E+01   0.16224862E+15   0.36785721E+10
   0.11000000E+01   0.50118723E+09   0.91747700E+01   0.16088283E+15   0.90601188E-02   0.15426530E+02   0.68257896E+08   0.73009358E+16   0.98750365E-03   0.17244170E+02   0.47540591E+09   0.83805359E+01   0.20023706E+15   0.50018713E+09   0.91428639E+01   0.16224862E+15   0.36785721E+10
   0.11000000E+01   0.63095734E+09   0.90664064E+01   0.16088283E+15   0.97828913E-02   0.16657184E+02   0.86520282E+08   0.70935486E+16   0.10790263E-02   0.18572833E+02   0.59832262E+09   0.82807321E+01   0.20023706E+15   0.62969152E+09   0.90348447E+01   0.16224862E+15   0.36785721E+10
   0.11000000E+01   0.79432823E+09   0.89574224E+01   0.16088283E+15   0.10563323E-01   0.17986014E+02   0.10968559E+09   0.68887243E+16   0.11792816E-02   0.20003281E+02   0.75301371E+09   0.81803602E+01   0.20023706E+15   0.79272607E+09   0.89262079E+01   0.16224862E+15   0.36785721E+10
   0.11000000E+01   0.10000000E+10   0.88487493E+01   0.16088283E+15   0.11406014E-01   0.19420851E+02   0.13906684E+09   0.66882013E+16   0.12889973E-02   0.21543735E+02   0.94769376E+09   0.80802781E+01   0.20023706E+15   0.99797210E+09   0.88178814E+01   0.16224862E+15   0.36785721E+10
   0.11000000E+01   0.12589254E+10   0.87391348E+01   0.16088283E+15   0.12315930E-01   0.20970153E+02   0.17635078E+09   0.64896726E+16   0.14092849E-02   0.23201951E+02   0.11926943E+10   0.79793327E+01   0.20023706E+15   0.12563582E+10   0.87086163E+01   0.16224862E+15   0.36785721E+10
   0.11000000E+01   0.15848932E+10   0.86290249E+01   0.16088283E+15   0.13298436E-01   0.22643050E+02   0.22366645E+09   0.62939905E+16   0.15411285E-02   0.24987120E+02   0.15010209E+10   0.78779347E+01   0.20023706E+15   0.15816378E+10   0.85988484E+01   0.16224862E+15   0.36785721E+10
   0.11000000E+01   0.19952623E+10   0.85193269E+01   0.16088283E+15   0.14359321E-01   0.24449403E+02   0.28370641E+09   0.61027428E+16   0.16854994E-02   0.26909490E+02   0.18890429E+10   0.77769201E+01   0.20023706E+15   0.19911335E+10   0.84894907E+01   0.16224862E+15   0.36785721E+10
   0.11000000E+01   0.25118864E+10   0.84084311E+01   0.16088283E+15   0.15504838E-01   0.26399858E+02   0.35994213E+09   0.59131332E+16   0.18439632E-02   0.28978467E+02   0.23773498E+10   0.76748120E+01   0.20023706E+15   0.25066526E+10   0.83789432E+01   0.16224862E+15   0.36785721E+10
   0.11000000E+01   0.31622777E+10   0.82974005E+01   0.16088283E+15   0.16741739E-01   0.28505911E+02   0.45673279E+09   0.57270164E+16   0.20177089E-02   0.31205924E+02   0.29918508E+10   0.75725783E+01   0.20023706E+15   0.31556526E+10   0.82682705E+01   0.16224862E+15   0.36785721E+10
   0.11000000E+01   0.39810717E+10   0.81867437E+01   0.16088283E+15   0.18077314E-01   0.30779975E+02   0.57962056E+09   0.55452029E+16   0.22081201E-02   0.33604369E+02   0.37651621E+10   0.74706920E+01   0.20023706E+15   0.39726855E+10   0.81579709E+01   0.16224862E+15   0.36785721E+10
   0.11000000E+01   0.50118723E+10   0.80744664E+01   0.16088283E+15   0.19519434E-01   0.33235452E+02   0.73577227E+09   0.53644473E+16   0.24174272E-02   0.36185136E+02   0.47382893E+10   0.73673183E+01   0.20023706E+15   0.50012567E+10   0.80460571E+01   0.16224862E+15   0.36785721E+10
   0.11000000E+01   0.63095734E+10   0.79626828E+01   0.16088283E+15   0.21076600E-01   0.35886816E+02   0.93410688E+09   0.51881784E+16   0.26469220E-02   0.38963945E+02   0.59628859E+10   0.72644041E+01   0.20023706E+15   0.62961127E+10   0.79346263E+01   0.16224862E+15   0.36785721E+10
   0.11000000E+01   0.79432823E+10   0.78504595E+01   0.16088283E+15   0.22757990E-01   0.38749692E+02   0.11861404E+10   0.50148899E+16   0.28989373E-02   0.41955011E+02   0.75039036E+10   0.71610918E+01   0.20023706E+15   0.79261777E+10   0.78227462E+01   0.16224862E+15   0.36785721E+10
   0.11000000E+01   0.10000000E+11   0.77375880E+01   0.16088283E+15   0.24573512E-01   0.41840955E+02   0.15065116E+10   0.48442814E+16   0.31758620E-02   0.45174217E+02   0.94430517E+10   0.70571844E+01   0.20023706E+15   0.99783472E+10   0.77102424E+01   0.16224862E+15   0.36785721E+10
   0.11000000E+01   0.12589254E+11   0.76252663E+01   0.16088283E+15   0.26533868E-01   0.45178824E+02   0.19136733E+10   0.46781369E+16   0.34797300E-02   0.48640310E+02   0.11883222E+11   0.69537889E+01   0.20023706E+15   0.12561843E+11   0.75982872E+01   0.16224862E+15   0.36785721E+10
   0.11000000E+01   0.15848932E+11   0.75117300E+01   0.16088283E+15   0.28650611E-01   0.48782972E+02   0.24315698E+10   0.45138458E+16   0.38141163E-02   0.52369884E+02   0.14953741E+11   0.68492812E+01   0.20023706E+15   0.15814131E+11   0.74851064E+01   0.16224862E+15   0.36785721E+10
   0.11000000E+01   0.19952623E+11   0.73987789E+01   0.16088283E+15   0.30936219E-01   0.52674642E+02   0.30900766E+10   0.43540105E+16   0.41812600E-02   0.56385344E+02   0.18817472E+11   0.67453148E+01   0.20023706E+15   0.19908449E+11   0.73725109E+01   0.16224862E+15   0.36785721E+10
   0.11000000E+01   0.25118864E+11   0.72852786E+01   0.16088283E+15   0.33404160E-01   0.56876770E+02   0.39278910E+10   0.41969907E+16   0.45851589E-02   0.60706853E+02   0.23679220E+11   0.66408505E+01   0.20023706E+15   0.25062941E+11   0.72593835E+01   0.16224862E+15   0.36785721E+10
   0.11000000E+01   0.31622777E+11   0.71716152E+01   0.16088283E+15   0.36068983E-01   0.61414123E+02   0.49939847E+10   0.40433210E+16   0.50294085E-02   0.65358240E+02   0.29796714E+11   0.65362429E+01   0.20023706E+15   0.31551740E+11   0.71460762E+01   0.16224862E+15   0.36785721E+10
   0.11000000E+01   0.39810717E+11   0.70580817E+01   0.16088283E+15   0.38946392E-01   0.66313445E+02   0.63507511E+10   0.38933658E+16   0.55179854E-02   0.70365127E+02   0.37494112E+11   0.64317544E+01   0.20023706E+15   0.39720582E+11   0.70329055E+01   0.16224862E+15   0.36785721E+10
   0.11000000E+01   0.50118723E+11   0.69440348E+01   0.16088283E+15   0.42053346E-01   0.71603611E+02   0.80783398E+10   0.37462595E+16   0.60560391E-02   0.75753364E+02   0.47179419E+11   0.63268057E+01   0.20023706E+15   0.50004610E+11   0.69192358E+01   0.16224862E+15   0.36785721E+10
   0.11000000E+01   0.63095734E+11   0.68308481E+01   0.16088283E+15   0.45408159E-01   0.77315800E+02   0.10277502E+11   0.36037242E+16   0.66475141E-02   0.81554769E+02   0.59365799E+11   0.62226467E+01   0.20023706E+15   0.62950443E+11   0.68063946E+01   0.16224862E+15   0.36785721E+10
   0.11000000E+01   0.79432823E+11   0.67167410E+01   0.16088283E+15   0.49030602E-01   0.83483681E+02   0.13079694E+11   0.34634862E+16   0.72997607E-02   0.87797001E+02   0.74698870E+11   0.61176556E+01   0.20023706E+15   0.79248874E+11   0.66926668E+01   0.16224862E+15   0.36785721E+10
   0.11000000E+01   0.10000000E+12   0.66036016E+01   0.16088283E+15   0.52942026E-01   0.90143605E+02   0.16648629E+11   0.33278301E+16   0.80171443E-02   0.94518015E+02   0.93990778E+11   0.60135513E+01   0.20023706E+15   0.99765777E+11   0.65798747E+01   0.16224862E+15   0.36785721E+10
   0.11000000E+01   0.12589254E+12   0.64895452E+01   0.16088283E+15   0.57165485E-01   0.97334826E+02   0.21198959E+11   0.31944595E+16   0.88088585E-02   0.10174959E+03   0.11826341E+12   0.59086211E+01   0.20023706E+15   0.12559599E+12   0.64661992E+01   0.16224862E+15   0.36785721E+10
   0.11000000E+01   0.15848932E+12   0.63770026E+01   0.16088283E+15   0.61725871E-01   0.10509973E+03   0.26996315E+11   0.30661568E+16   0.96794489E-02   0.10953733E+03   0.14880212E+12   0.58050779E+01   0.20023706E+15   0.15811169E+12   0.63540041E+01   0.16224862E+15   0.36785721E+10
   0.11000000E+01   0.19952623E+12   0.62637471E+01   0.16088283E+15   0.66650063E-01   0.11348408E+03   0.34391491E+11   0.29403141E+16   0.10640606E-01   0.11791730E+03   0.18722435E+12   0.57008997E+01   0.20023706E+15   0.19904810E+12   0.62411285E+01   0.16224862E+15   0.36785721E+10
   0.11000000E+01   0.25118864E+12   0.61516604E+01   0.16088283E+15   0.71967082E-01   0.12253729E+03   0.43820083E+11   0.28189691E+16   0.11698806E-01   0.12694074E+03   0.23556307E+12   0.55977887E+01   0.20023706E+15   0.25057976E+12   0.61293898E+01   0.16224862E+15   0.36785721E+10
   0.11000000E+01   0.31622777E+12   0.60393667E+01   0.16088283E+15   0.77708268E-01   0.13231272E+03   0.55852064E+11   0.27005580E+16   0.12866956E-01   0.13665229E+03   0.29637914E+12   0.54945107E+01   0.20023706E+15   0.31545514E+12   0.60174640E+01   0.16224862E+15   0.36785721E+10
   0.11000000E+01   0.39810717E+12   0.59285764E+01   0.16088283E+15   0.83907457E-01   0.14286799E+03   0.71198523E+11   0.25867969E+16   0.14153053E-01   0.14711116E+03   0.37288920E+12   0.53926069E+01   0.20023706E+15   0.39712531E+12   0.59070300E+01   0.16224862E+15   0.36785721E+10
   0.11000000E+01   0.50118723E+12   0.58177320E+01   0.16088283E+15   0.90601188E-01   0.15426530E+03   0.90792168E+11   0.24759941E+16   0.15573283E-01   0.15836868E+03   0.46914065E+12   0.52906595E+01   0.20023706E+15   0.49993673E+12   0.57965327E+01   0.16224862E+15   0.36785721E+10
   0.11000000E+01   0.63095734E+12   0.57083493E+01   0.16088283E+15   0.97828913E-01   0.16657184E+03   0.11579743E+12   0.23695758E+16   0.17137864E-01   0.17049291E+03   0.59023709E+12   0.51900847E+01   0.20023706E+15   0.62937344E+12   0.56875196E+01   0.16224862E+15   0.36785721E+10
   0.11000000E+01   0.79432823E+12   0.55999812E+01   0.16088283E+15   0.10563323E+00   0.17986014E+03   0.14772276E+12   0.22669775E+16   0.18863140E-01   0.18354896E+03   0.74257144E+12   0.50904291E+01   0.20023706E+15   0.79231141E+12   0.55794935E+01   0.16224862E+15   0.36785721E+10
   0.11000000E+01   0.10000000E+13   0.54926831E+01   0.16088283E+15   0.11406014E+00   0.19420851E+03   0.18849229E+12   0.21681399E+16   0.20765833E-01   0.19760927E+03   0.93420770E+12   0.49917647E+01   0.20023706E+15   0.99743112E+12   0.54725333E+01   0.16224862E+15   0.36785721E+10
   0.11000000E+01   0.12589254E+13   0.53873080E+01   0.16088283E+15   0.12315930E+00   0.20970153E+03   0.24054239E+12   0.20737056E+16   0.22861011E-01   0.21275673E+03   0.11753035E+13   0.48948969E+01   0.20023706E+15   0.12556697E+13   0.53675138E+01   0.16224862E+15   0.36785721E+10
   0.11000000E+01   0.15848932E+13   0.52832590E+01   0.16088283E+15   0.13298436E+00   0.22643050E+03   0.30702587E+12   0.19829911E+16   0.25170895E-01   0.22907271E+03   0.14785846E+13   0.47992389E+01   0.20023706E+15   0.15807494E+13   0.52637972E+01   0.16224862E+15   0.36785721E+10
   0.11000000E+01   0.19952623E+13   0.51813401E+01   0.16088283E+15   0.14359321E+00   0.24449403E+03   0.39191952E+12   0.18965455E+16   0.27713527E-01   0.24665377E+03   0.18601046E+13   0.47055418E+01   0.20023706E+15   0.19899838E+13   0.51622002E+01   0.16224862E+15   0.36785721E+10
   0.11000000E+01   0.25118864E+13   0.50818548E+01   0.16088283E+15   0.15504838E+00   0.26399858E+03   0.50030644E+12   0.18144413E+16   0.30510195E-01   0.26560164E+03   0.23400772E+13   0.46141041E+01   0.20023706E+15   0.25051873E+13   0.50630461E+01   0.16224862E+15   0.36785721E+10
   0.11000000E+01   0.31622777E+13   0.49846632E+01   0.16088283E+15   0.16741739E+00   0.28505911E+03   0.63870014E+12   0.17363791E+16   0.33586499E-01   0.28602325E+03   0.29438788E+13   0.45247807E+01   0.20023706E+15   0.31537619E+13   0.49661711E+01   0.16224862E+15   0.36785721E+10
   0.11000000E+01   0.39810717E+13   0.48909897E+01   0.16088283E+15   0.18077314E+00   0.30779975E+03   0.81526011E+12   0.16631312E+16   0.36960441E-01   0.30804540E+03   0.37034509E+13   0.44386819E+01   0.20023706E+15   0.39702228E+13   0.48727927E+01   0.16224862E+15   0.36785721E+10
   0.11000000E+01   0.50118723E+13   0.48000140E+01   0.16088283E+15   0.19519434E+00   0.33235452E+03   0.10405852E+13   0.15938418E+16   0.40665370E-01   0.33178875E+03   0.46590534E+13   0.43550867E+01   0.20023706E+15   0.49981135E+13   0.47821233E+01   0.16224862E+15   0.36785721E+10
   0.11000000E+01   0.63095734E+13   0.47130392E+01   0.16088283E+15   0.21076600E+00   0.35886816E+03   0.13278389E+13   0.15292856E+16   0.44719765E-01   0.35740295E+03   0.58612709E+13   0.42751700E+01   0.20023706E+15   0.62920685E+13   0.46954270E+01   0.16224862E+15   0.36785721E+10
   0.11000000E+01   0.79432823E+13   0.46303783E+01   0.16088283E+15   0.22757990E+00   0.38749692E+03   0.16938051E+13   0.14694437E+16   0.49149309E-01   0.38504210E+03   0.73737692E+13   0.41992146E+01   0.20023706E+15   0.79210299E+13   0.46130333E+01   0.16224862E+15   0.36785721E+10
   0.11000000E+01   0.10000000E+14   0.45519552E+01   0.16088283E+15   0.24573512E+00   0.41840955E+03   0.21598383E+13   0.14140189E+16   0.53984521E-01   0.41486920E+03   0.92768255E+13   0.41271747E+01   0.20023706E+15   0.99717533E+13   0.45348687E+01   0.16224862E+15   0.36785721E+10
   0.11000000E+01   0.12589254E+14   0.44786896E+01   0.16088283E+15   0.26533868E+00   0.45178824E+03   0.27525501E+13   0.13634154E+16   0.59244713E-01   0.44707257E+03   0.11671221E+14   0.40598639E+01   0.20023706E+15   0.12553415E+14   0.44618451E+01   0.16224862E+15   0.36785721E+10
   0.11000000E+01   0.15848932E+14   0.44109002E+01   0.16088283E+15   0.28650611E+00   0.48782972E+03   0.35055883E+13   0.13175973E+16   0.64954113E-01   0.48185052E+03   0.14684115E+14   0.39975899E+01   0.20023706E+15   0.15803348E+14   0.43942676E+01   0.16224862E+15   0.36785721E+10
   0.11000000E+01   0.19952623E+14   0.43489565E+01   0.16088283E+15   0.30936219E+00   0.52674642E+03   0.44611631E+13   0.12765663E+16   0.71134808E-01   0.51941941E+03   0.18475694E+14   0.39407032E+01   0.20023706E+15   0.19894889E+14   0.43325322E+01   0.16224862E+15   0.36785721E+10
   0.11000000E+01   0.25118864E+14   0.42930752E+01   0.16088283E+15   0.33404160E+00   0.56876770E+03   0.56722709E+13   0.12402308E+16   0.77809400E-01   0.56001241E+03   0.23247233E+14   0.38893825E+01   0.20023706E+15   0.25045741E+14   0.42768368E+01   0.16224862E+15   0.36785721E+10
   0.11000000E+01   0.31622777E+14   0.42435375E+01   0.16088283E+15   0.36068983E+00   0.61414123E+03   0.72051403E+13   0.12085557E+16   0.84997440E-01   0.60388397E+03   0.29252452E+14   0.38438865E+01   0.20023706E+15   0.31530161E+14   0.42274616E+01   0.16224862E+15   0.36785721E+10
   0.11000000E+01   0.39810717E+14   0.42006095E+01   0.16088283E+15   0.38946392E+00   0.66313445E+03   0.91424141E+13   0.11815113E+16   0.92716050E-01   0.65131066E+03   0.36811004E+14   0.38044622E+01   0.20023706E+15   0.39693411E+14   0.41846712E+01   0.16224862E+15   0.36785721E+10
   0.11000000E+01   0.50118723E+14   0.41638360E+01   0.16088283E+15   0.42053346E+00   0.71603611E+03   0.11588524E+14   0.11586414E+16   0.10099665E+00   0.70258000E+03   0.46324844E+14   0.37706829E+01   0.20023706E+15   0.49970145E+14   0.41480124E+01   0.16224862E+15   0.36785721E+10
   0.11000000E+01   0.63095734E+14   0.41330658E+01   0.16088283E+15   0.45408159E+00   0.77315800E+03   0.14673682E+14   0.11397146E+16   0.10986556E+00   0.75800830E+03   0.58301383E+14   0.37424300E+01   0.20023706E+15   0.62908423E+14   0.41173534E+01   0.16224862E+15   0.36785721E+10
   0.11000000E+01   0.79432823E+14   0.41074901E+01   0.16088283E+15   0.49030602E+00   0.83483681E+03   0.18562909E+14   0.11241278E+16   0.11936877E+00   0.81792385E+03   0.73378146E+14   0.37189515E+01   0.20023706E+15   0.79195908E+14   0.40918559E+01   0.16224862E+15   0.36785721E+10
   0.11000000E+01   0.10000000E+15   0.40865353E+01   0.16088283E+15   0.52942026E+00   0.90143605E+03   0.23463132E+14   0.11114548E+16   0.12955235E+00   0.88268457E+03   0.92357087E+14   0.36997048E+01   0.20023706E+15   0.99701410E+14   0.40709763E+01   0.16224862E+15   0.36785721E+10
   0.11000000E+01   0.12589254E+15   0.40695076E+01   0.16088283E+15   0.57165485E+00   0.97334826E+03   0.29635277E+14   0.11012215E+16   0.14047273E+00   0.95267262E+03   0.11624973E+15   0.36840676E+01   0.20023706E+15   0.12551476E+15   0.40539934E+01   0.16224862E+15   0.36785721E+10
   0.11000000E+01   0.15848932E+15   0.40556916E+01   0.16088283E+15   0.61725871E+00   0.10509973E+04   0.37408449E+14   0.10929607E+16   0.15219567E+00   0.10282978E+04   0.14632977E+15   0.36713931E+01   0.20023706E+15   0.15801372E+15   0.40402300E+01   0.16224862E+15   0.36785721E+10
   0.11000000E+01   0.19952623E+15   0.40445254E+01   0.16088283E+15   0.66650063E+00   0.11348408E+04   0.47196721E+14   0.10863120E+16   0.16479081E+00   0.11100042E+04   0.18419559E+15   0.36611348E+01   0.20023706E+15   0.19892749E+15   0.40291063E+01   0.16224862E+15   0.36785721E+10
   0.11000000E+01   0.25118864E+15   0.40355086E+01   0.16088283E+15   0.71967082E+00   0.12253729E+04   0.59521688E+14   0.10809613E+16   0.17833460E+00   0.11982709E+04   0.23186540E+15   0.36528514E+01   0.20023706E+15   0.25043276E+15   0.40201127E+01   0.16224862E+15   0.36785721E+10
   0.11000000E+01   0.31622777E+15   0.40282434E+01   0.16088283E+15   0.77708268E+00   0.13231272E+04   0.75039872E+14   0.10766617E+16   0.19290857E+00   0.12936163E+04   0.29187776E+15   0.36461773E+01   0.20023706E+15   0.31527343E+15   0.40128635E+01   0.16224862E+15   0.36785721E+10
   0.11000000E+01   0.39810717E+15   0.40224091E+01   0.16088283E+15   0.83907457E+00   0.14286799E+04   0.94577659E+14   0.10732165E+16   0.20860001E+00   0.13966009E+04   0.36743066E+15   0.36408248E+01   0.20023706E+15   0.39690523E+15   0.40070498E+01   0.16224862E+15   0.36785721E+10
   0.11000000E+01   0.50118723E+15   0.40177373E+01   0.16088283E+15   0.90601188E+00   0.15426530E+04   0.11917546E+15   0.10704626E+16   0.22550302E+00   0.15078302E+04   0.46254642E+15   0.36365402E+01   0.20023706E+15   0.49967408E+15   0.40023958E+01   0.16224862E+15   0.36785721E+10
   0.11000000E+01   0.63095734E+15   0.40140052E+01   0.16088283E+15   0.97828913E+00   0.16657184E+04   0.15014313E+15   0.10682658E+16   0.24371895E+00   0.16279583E+04   0.58228992E+15   0.36331174E+01   0.20023706E+15   0.62905239E+15   0.39986780E+01   0.16224862E+15   0.36785721E+10
   0.11000000E+01   0.79432823E+15   0.40110333E+01   0.16088283E+15   0.10563323E+01   0.17986014E+04   0.18912959E+15   0.10665184E+16   0.26335666E+00   0.17576921E+04   0.73303759E+15   0.36303912E+01   0.20023706E+15   0.79193004E+15   0.39957174E+01   0.16224862E+15   0.36785721E+10
   0.11000000E+01   0.10000000E+16   0.40086728E+01   0.16088283E+15   0.11406014E+01   0.19420851E+04   0.23821079E+15   0.10651317E+16   0.28453342E+00   0.18977949E+04   0.92281525E+15   0.36282227E+01   0.20023706E+15   0.99698086E+15   0.39933659E+01   0.16224862E+15   0.36785721E+10
   0.11000000E+01   0.12589254E+16   0.40068051E+01   0.16088283E+15   0.12315930E+01   0.20970153E+04   0.30000005E+15   0.10640354E+16   0.30737533E+00   0.20490916E+04   0.11617313E+16   0.36265070E+01   0.20023706E+15   0.12551245E+16   0.39915054E+01   0.16224862E+15   0.36785721E+10
   0.11000000E+01   0.15848932E+16   0.40053316E+01   0.16088283E+15   0.13298436E+01   0.22643050E+04   0.37778748E+15   0.10631708E+16   0.33201835E+00   0.22124728E+04   0.14625088E+16   0.36251534E+01   0.20023706E+15   0.15801082E+16   0.39900375E+01   0.16224862E+15   0.36785721E+10
   0.11000000E+01   0.19952623E+16   0.40041721E+01   0.16088283E+15   0.14359321E+01   0.24449403E+04   0.47571509E+15   0.10624909E+16   0.35860898E+00   0.23889007E+04   0.18411656E+16   0.36240883E+01   0.20023706E+15   0.19892383E+16   0.39888825E+01   0.16224862E+15   0.36785721E+10
   0.11000000E+01   0.25118864E+16   0.40032620E+01   0.16088283E+15   0.15504838E+01   0.26399858E+04   0.59899743E+15   0.10619573E+16   0.38730510E+00   0.25794141E+04   0.23178665E+16   0.36232522E+01   0.20023706E+15   0.25043027E+16   0.39879758E+01   0.16224862E+15   0.36785721E+10
   0.11000000E+01   0.31622777E+16   0.40025491E+01   0.16088283E+15   0.16741739E+01   0.28505911E+04   0.75419925E+15   0.10615395E+16   0.41827691E+00   0.27851353E+04   0.29179977E+16   0.36225973E+01   0.20023706E+15   0.31527303E+16   0.39872656E+01   0.16224862E+15   0.36785721E+10
   0.11000000E+01   0.39810717E+16   0.40019917E+01   0.16088283E+15   0.18077314E+01   0.30779975E+04   0.94958514E+15   0.10612130E+16   0.45170792E+00   0.30072761E+04   0.36735185E+16   0.36220853E+01   0.20023706E+15   0.39690523E+16   0.39867104E+01   0.16224862E+15   0.36785721E+10
   0.11000000E+01   0.50118723E+16   0.40015568E+01   0.16088283E+15   0.19519434E+01   0.33235452E+04   0.11955596E+16   0.10609582E+16   0.48779601E+00   0.32471451E+04   0.46246632E+16   0.36216858E+01   0.20023706E+15   0.49967408E+16   0.39862772E+01   0.16224862E+15   0.36785721E+10
   0.11000000E+01   0.63095734E+16   0.40012179E+01   0.16088283E+15   0.21076600E+01   0.35886816E+04   0.15052211E+16   0.10607597E+16   0.52675462E+00   0.35061555E+04   0.58220839E+16   0.36213745E+01   0.20023706E+15   0.62905239E+16   0.39859396E+01   0.16224862E+15   0.36785721E+10
   0.11000000E+01   0.79432823E+16   0.40009540E+01   0.16088283E+15   0.22757990E+01   0.38749692E+04   0.18950599E+16   0.10606051E+16   0.56881407E+00   0.37858335E+04   0.73295476E+16   0.36211321E+01   0.20023706E+15   0.79193004E+16   0.39856767E+01   0.16224862E+15   0.36785721E+10
   0.11000000E+01   0.10000000E+17   0.40007486E+01   0.16088283E+15   0.24573512E+01   0.41840955E+04   0.23858359E+16   0.10604848E+16   0.61422284E+00   0.40878270E+04   0.92273325E+16   0.36209434E+01   0.20023706E+15   0.99698086E+16   0.39854720E+01   0.16224862E+15   0.36785721E+10
   0.11000000E+01   0.12589254E+17   0.40005887E+01   0.16088283E+15   0.26533868E+01   0.45178824E+04   0.30036844E+16   0.10603911E+16   0.66324908E+00   0.44139156E+04   0.11616502E+17   0.36207965E+01   0.20023706E+15   0.12551245E+17   0.39853128E+01   0.16224862E+15   0.36785721E+10
