         1        92   0.10000000E-01   0.31562220E+00   0.68437780E+00   0.82883870E+00   0.96580000E+00   0.22242000E-01  ---------------   0.27255000E+01  ---------------      0.67238290E+00                                 
   0.10000000E-01   0.10000000E+08   0.24504263E+02   0.29180395E+14   0.43411694E-02   0.31479791E+01   0.84786014E+06   0.15706184E+17   0.17715977E-03   0.45374804E+01   0.89849858E+07   0.19023105E+02   0.56038860E+14   0.10751830E+08   0.29462555E+02   0.18050417E+14   0.91983834E+10
   0.10000000E-01   0.12589254E+08   0.24271464E+02   0.29180395E+14   0.46874869E-02   0.33991096E+01   0.10715360E+07   0.15322028E+17   0.19312749E-03   0.48855846E+01   0.11306890E+08   0.18839859E+02   0.56038860E+14   0.13539210E+08   0.29185137E+02   0.18050417E+14   0.91983834E+10
   0.10000000E-01   0.15848932E+08   0.24036666E+02   0.29180395E+14   0.50614320E-02   0.36702741E+01   0.13543334E+07   0.14940661E+17   0.21057130E-03   0.52601534E+01   0.14228678E+08   0.18655048E+02   0.56038860E+14   0.17049322E+08   0.28905329E+02   0.18050417E+14   0.91983834E+10
   0.10000000E-01   0.19952623E+08   0.23796272E+02   0.29180395E+14   0.54652085E-02   0.39630708E+01   0.17120192E+07   0.14556500E+17   0.22966659E-03   0.56629225E+01   0.17905182E+08   0.18465843E+02   0.56038860E+14   0.21469675E+08   0.28618842E+02   0.18050417E+14   0.91983834E+10
   0.10000000E-01   0.25118864E+08   0.23554729E+02   0.29180395E+14   0.59011964E-02   0.42792255E+01   0.21643350E+07   0.14176871E+17   0.25053128E-03   0.60963019E+01   0.22531440E+08   0.18275744E+02   0.56038860E+14   0.27036240E+08   0.28330975E+02   0.18050417E+14   0.91983834E+10
   0.10000000E-01   0.31622777E+08   0.23312058E+02   0.29180395E+14   0.63719653E-02   0.46206014E+01   0.27363641E+07   0.13801850E+17   0.27333345E-03   0.65625973E+01   0.28352741E+08   0.18084767E+02   0.56038860E+14   0.34046283E+08   0.28041753E+02   0.18050417E+14   0.91983834E+10
   0.10000000E-01   0.39810717E+08   0.23064953E+02   0.29180395E+14   0.68802899E-02   0.49892106E+01   0.34600596E+07   0.13426502E+17   0.29830062E-03   0.70639874E+01   0.35677483E+08   0.17890313E+02   0.56038860E+14   0.42874343E+08   0.27747235E+02   0.18050417E+14   0.91983834E+10
   0.10000000E-01   0.50118723E+08   0.22814679E+02   0.29180395E+14   0.74291661E-02   0.53872257E+01   0.43756816E+07   0.13053001E+17   0.32563097E-03   0.76031789E+01   0.44893886E+08   0.17693377E+02   0.56038860E+14   0.53991966E+08   0.27448928E+02   0.18050417E+14   0.91983834E+10
   0.10000000E-01   0.63095734E+08   0.22563353E+02   0.29180395E+14   0.80218291E-02   0.58169925E+01   0.55340761E+07   0.12684625E+17   0.35552468E-03   0.81831948E+01   0.56490519E+08   0.17495625E+02   0.56038860E+14   0.67992920E+08   0.27149355E+02   0.18050417E+14   0.91983834E+10
   0.10000000E-01   0.79432823E+08   0.22309163E+02   0.29180395E+14   0.86617718E-02   0.62810440E+01   0.69999950E+07   0.12318820E+17   0.38826072E-03   0.88068853E+01   0.71081666E+08   0.17295632E+02   0.56038860E+14   0.85625326E+08   0.26846355E+02   0.18050417E+14   0.91983834E+10
   0.10000000E-01   0.10000000E+09   0.22050174E+02   0.29180395E+14   0.93527660E-02   0.67821153E+01   0.88556688E+07   0.11953057E+17   0.42415837E-03   0.94772397E+01   0.89439909E+08   0.17091877E+02   0.56038860E+14   0.10783159E+09   0.26537622E+02   0.18050417E+14   0.91983834E+10
   0.10000000E-01   0.12589254E+09   0.21790241E+02   0.29180395E+14   0.10098884E-01   0.73231596E+01   0.11204344E+08   0.11592953E+17   0.46345905E-03   0.10198182E+02   0.11253818E+09   0.16887394E+02   0.56038860E+14   0.13579789E+09   0.26227748E+02   0.18050417E+14   0.91983834E+10
   0.10000000E-01   0.15848932E+09   0.21528458E+02   0.29180395E+14   0.10904525E-01   0.79073659E+01   0.14177577E+08   0.11237309E+17   0.50651676E-03   0.10973352E+02   0.14159968E+09   0.16681469E+02   0.56038860E+14   0.17101882E+09   0.25915655E+02   0.18050417E+14   0.91983834E+10
   0.10000000E-01   0.19952623E+09   0.21263471E+02   0.29180395E+14   0.11774435E-01   0.85381773E+01   0.17942445E+08   0.10884429E+17   0.55374002E-03   0.11806551E+02   0.17816276E+09   0.16473040E+02   0.56038860E+14   0.21537716E+09   0.25599728E+02   0.18050417E+14   0.91983834E+10
   0.10000000E-01   0.25118864E+09   0.20999494E+02   0.29180395E+14   0.12713742E-01   0.92193118E+01   0.22708610E+08   0.10539951E+17   0.60543088E-03   0.12702763E+02   0.22416489E+09   0.16265422E+02   0.56038860E+14   0.27124258E+09   0.25284989E+02   0.18050417E+14   0.91983834E+10
   0.10000000E-01   0.31622777E+09   0.20734805E+02   0.29180395E+14   0.13727983E-01   0.99547839E+01   0.28743852E+08   0.10201554E+17   0.66207439E-03   0.13666405E+02   0.28204113E+09   0.16057258E+02   0.56038860E+14   0.34160146E+09   0.24969384E+02   0.18050417E+14   0.91983834E+10
   0.10000000E-01   0.39810717E+09   0.20467701E+02   0.29180395E+14   0.14823135E-01   0.10748928E+02   0.36388313E+08   0.98671254E+16   0.72422083E-03   0.14702144E+02   0.35485388E+09   0.15847212E+02   0.56038860E+14   0.43021582E+09   0.24650884E+02   0.18050417E+14   0.91983834E+10
   0.10000000E-01   0.50118723E+09   0.20201643E+02   0.29180395E+14   0.16005653E-01   0.11606426E+02   0.46069311E+08   0.95409878E+16   0.79229463E-03   0.15816038E+02   0.44645792E+09   0.15637986E+02   0.56038860E+14   0.54182099E+09   0.24333614E+02   0.18050417E+14   0.91983834E+10
   0.10000000E-01   0.63095734E+09   0.19933688E+02   0.29180395E+14   0.17282507E-01   0.12532330E+02   0.58334165E+08   0.92195030E+16   0.86699996E-03   0.17013245E+02   0.56169999E+09   0.15427294E+02   0.56038860E+14   0.68238719E+09   0.24014078E+02   0.18050417E+14   0.91983834E+10
   0.10000000E-01   0.79432823E+09   0.19664726E+02   0.29180395E+14   0.18661222E-01   0.13532099E+02   0.73873649E+08   0.89037880E+16   0.94896931E-03   0.18300118E+02   0.70667876E+09   0.15215838E+02   0.56038860E+14   0.85943013E+09   0.23693328E+02   0.18050417E+14   0.91983834E+10
   0.10000000E-01   0.10000000E+10   0.19396849E+02   0.29180395E+14   0.20149924E-01   0.14611624E+02   0.93560583E+08   0.85962302E+16   0.10388246E-02   0.19683873E+02   0.88906723E+09   0.15005254E+02   0.56038860E+14   0.10824120E+10   0.23373838E+02   0.18050417E+14   0.91983834E+10
   0.10000000E-01   0.12589254E+10   0.19125435E+02   0.29180395E+14   0.21757387E-01   0.15777269E+02   0.11851690E+09   0.82915515E+16   0.11376153E-02   0.21170330E+02   0.11185024E+10   0.14791910E+02   0.56038860E+14   0.13632675E+10   0.23050109E+02   0.18050417E+14   0.91983834E+10
   0.10000000E-01   0.15848932E+10   0.18854907E+02   0.29180395E+14   0.23493086E-01   0.17035903E+02   0.15014477E+09   0.79947509E+16   0.12459932E-02   0.22768398E+02   0.14071179E+10   0.14579250E+02   0.56038860E+14   0.17170112E+10   0.22727416E+02   0.18050417E+14   0.91983834E+10
   0.10000000E-01   0.19952623E+10   0.18583597E+02   0.29180395E+14   0.25367251E-01   0.18394945E+02   0.19023979E+09   0.77039283E+16   0.13650345E-02   0.24485787E+02   0.17701811E+10   0.14366015E+02   0.56038860E+14   0.21625783E+10   0.22403801E+02   0.18050417E+14   0.91983834E+10
   0.10000000E-01   0.25118864E+10   0.18310588E+02   0.29180395E+14   0.27390927E-01   0.19862405E+02   0.24108253E+09   0.74181250E+16   0.14959065E-02   0.26330909E+02   0.22268785E+10   0.14151477E+02   0.56038860E+14   0.27238021E+10   0.22078121E+02   0.18050417E+14   0.91983834E+10
   0.10000000E-01   0.31622777E+10   0.18038848E+02   0.29180395E+14   0.29576043E-01   0.21446932E+02   0.30554440E+09   0.71403961E+16   0.16395749E-02   0.28314359E+02   0.28013498E+10   0.13937939E+02   0.56038860E+14   0.34306977E+10   0.21753924E+02   0.18050417E+14   0.91983834E+10
   0.10000000E-01   0.39810717E+10   0.17763765E+02   0.29180395E+14   0.31935477E-01   0.23157864E+02   0.38732839E+09   0.68660341E+16   0.17977876E-02   0.30444278E+02   0.35239101E+10   0.13721784E+02   0.56038860E+14   0.43211345E+10   0.21425729E+02   0.18050417E+14   0.91983834E+10
   0.10000000E-01   0.50118723E+10   0.17489914E+02   0.29180395E+14   0.34483135E-01   0.25005286E+02   0.49105901E+09   0.65996095E+16   0.19716012E-02   0.32733505E+02   0.44327998E+10   0.13506651E+02   0.56038860E+14   0.54427527E+10   0.21098999E+02   0.18050417E+14   0.91983834E+10
   0.10000000E-01   0.63095734E+10   0.17214505E+02   0.29180395E+14   0.37234032E-01   0.27000087E+02   0.62268875E+09   0.63383493E+16   0.21629453E-02   0.35192324E+02   0.55759289E+10   0.13290283E+02   0.56038860E+14   0.68555805E+10   0.20770355E+02   0.18050417E+14   0.91983834E+10
   0.10000000E-01   0.79432823E+10   0.16938733E+02   0.29180395E+14   0.40204383E-01   0.29154024E+02   0.78973421E+09   0.60833843E+16   0.23735178E-02   0.37833754E+02   0.70137074E+10   0.13073667E+02   0.56038860E+14   0.86353145E+10   0.20441289E+02   0.18050417E+14   0.91983834E+10
   0.10000000E-01   0.10000000E+11   0.16662846E+02   0.29180395E+14   0.43411694E-01   0.31479791E+02   0.10017595E+10   0.58348884E+16   0.26052989E-02   0.40671310E+02   0.88220259E+10   0.12856988E+02   0.56038860E+14   0.10877201E+11   0.20112044E+02   0.18050417E+14   0.91983834E+10
   0.10000000E-01   0.12589254E+11   0.16385478E+02   0.29180395E+14   0.46874869E-01   0.33991096E+02   0.12709788E+10   0.55916145E+16   0.28607569E-02   0.43718363E+02   0.11096204E+11   0.12639151E+02   0.56038860E+14   0.13701362E+11   0.19781004E+02   0.18050417E+14   0.91983834E+10
   0.10000000E-01   0.15848932E+11   0.16109021E+02   0.29180395E+14   0.50614320E-01   0.36702741E+02   0.16127969E+10   0.53556066E+16   0.31419861E-02   0.46991890E+02   0.13956401E+11   0.12422078E+02   0.56038860E+14   0.17259087E+11   0.19451050E+02   0.18050417E+14   0.91983834E+10
   0.10000000E-01   0.19952623E+11   0.15830363E+02   0.29180395E+14   0.54652085E-01   0.39630708E+02   0.20470577E+10   0.51241784E+16   0.34523584E-02   0.50505923E+02   0.17553139E+11   0.12203276E+02   0.56038860E+14   0.21740984E+11   0.19118416E+02   0.18050417E+14   0.91983834E+10
   0.10000000E-01   0.25118864E+11   0.15553288E+02   0.29180395E+14   0.59011964E-01   0.42792255E+02   0.25986336E+10   0.49004195E+16   0.37941793E-02   0.54281120E+02   0.22076413E+11   0.11985763E+02   0.56038860E+14   0.27387259E+11   0.18787676E+02   0.18050417E+14   0.91983834E+10
   0.10000000E-01   0.31622777E+11   0.15273684E+02   0.29180395E+14   0.63719653E-01   0.46206014E+02   0.32997601E+10   0.46809646E+16   0.41718587E-02   0.58332634E+02   0.27764170E+11   0.11766284E+02   0.56038860E+14   0.34500636E+11   0.18453871E+02   0.18050417E+14   0.91983834E+10
   0.10000000E-01   0.39810717E+11   0.14996029E+02   0.29180395E+14   0.68802899E-01   0.49892106E+02   0.41906982E+10   0.44692714E+16   0.45880746E-02   0.62684932E+02   0.34916385E+11   0.11548351E+02   0.56038860E+14   0.43462227E+11   0.18122366E+02   0.18050417E+14   0.91983834E+10
   0.10000000E-01   0.50118723E+11   0.14716181E+02   0.29180395E+14   0.74291661E-01   0.53872257E+02   0.53237564E+10   0.42621144E+16   0.50482975E-02   0.67355307E+02   0.43909475E+11   0.11328746E+02   0.56038860E+14   0.54753245E+11   0.17788243E+02   0.18050417E+14   0.91983834E+10
   0.10000000E-01   0.63095734E+11   0.14437733E+02   0.29180395E+14   0.80218291E-01   0.58169925E+02   0.67644447E+10   0.40621013E+16   0.55561554E-02   0.72370919E+02   0.55216952E+11   0.11110249E+02   0.56038860E+14   0.68978204E+11   0.17455714E+02   0.18050417E+14   0.91983834E+10
   0.10000000E-01   0.79432823E+11   0.14158174E+02   0.29180395E+14   0.86617718E-01   0.62810440E+02   0.85974401E+10   0.38673409E+16   0.61178593E-02   0.77753516E+02   0.69433533E+11   0.10890913E+02   0.56038860E+14   0.86901537E+11   0.17121864E+02   0.18050417E+14   0.91983834E+10
   0.10000000E-01   0.10000000E+12   0.13879313E+02   0.29180395E+14   0.93527660E-01   0.67821153E+02   0.10929688E+11   0.36790290E+16   0.67386377E-02   0.83532030E+02   0.87307533E+11   0.10672164E+02   0.56038860E+14   0.10948473E+12   0.16788831E+02   0.18050417E+14   0.91983834E+10
   0.10000000E-01   0.12589254E+12   0.13600307E+02   0.29180395E+14   0.10098884E+00   0.73231596E+02   0.13898435E+11   0.34965009E+16   0.74254825E-02   0.89733751E+02   0.10977820E+12   0.10453331E+02   0.56038860E+14   0.13793919E+12   0.16455557E+02   0.18050417E+14   0.91983834E+10
   0.10000000E-01   0.15848932E+12   0.13321464E+02   0.29180395E+14   0.10904525E+00   0.79073659E+02   0.17678469E+11   0.33198774E+16   0.81856804E-02   0.96389590E+02   0.13802629E+12   0.10234654E+02   0.56038860E+14   0.17379337E+12   0.16122448E+02   0.18050417E+14   0.91983834E+10
   0.10000000E-01   0.19952623E+12   0.13043744E+02   0.29180395E+14   0.11774435E+00   0.85381773E+02   0.22492301E+11   0.31496498E+16   0.90268825E-02   0.10353406E+03   0.17353592E+12   0.10016885E+02   0.56038860E+14   0.21897295E+12   0.15790665E+02   0.18050417E+14   0.91983834E+10
   0.10000000E-01   0.25118864E+12   0.12764871E+02   0.29180395E+14   0.12713742E+00   0.92193118E+02   0.28627142E+11   0.29843436E+16   0.99599458E-02   0.11119768E+03   0.21816991E+12   0.97982535E+01   0.56038860E+14   0.27590705E+12   0.15457479E+02   0.18050417E+14   0.91983834E+10
   0.10000000E-01   0.31622777E+12   0.12488012E+02   0.29180395E+14   0.13727983E+00   0.99547839E+02   0.36444299E+11   0.28257324E+16   0.10992930E-01   0.11942446E+03   0.27427282E+12   0.95812354E+01   0.56038860E+14   0.34765272E+12   0.15126663E+02   0.18050417E+14   0.91983834E+10
   0.10000000E-01   0.39810717E+12   0.12211034E+02   0.29180395E+14   0.14823135E+00   0.10748928E+03   0.46412211E+11   0.26724595E+16   0.12139132E-01   0.12825004E+03   0.34478419E+12   0.93641605E+01   0.56038860E+14   0.43806861E+12   0.14795664E+02   0.18050417E+14   0.91983834E+10
   0.10000000E-01   0.50118723E+12   0.11934788E+02   0.29180395E+14   0.16005653E+00   0.11606426E+03   0.59125977E+11   0.25248990E+16   0.13410924E-01   0.13771937E+03   0.43340034E+12   0.91476966E+01   0.56038860E+14   0.55201650E+12   0.14465497E+02   0.18050417E+14   0.91983834E+10
   0.10000000E-01   0.63095734E+12   0.11660352E+02   0.29180395E+14   0.17282507E+00   0.12532330E+03   0.75344975E+11   0.23834763E+16   0.14821599E-01   0.14788183E+03   0.54476589E+12   0.89326900E+01   0.56038860E+14   0.69562481E+12   0.14137458E+02   0.18050417E+14   0.91983834E+10
   0.10000000E-01   0.79432823E+12   0.11385451E+02   0.29180395E+14   0.18661222E+00   0.13532099E+03   0.96053260E+11   0.22469033E+16   0.16390410E-01   0.15878020E+03   0.68470323E+12   0.87173603E+01   0.56038860E+14   0.87662845E+12   0.13808825E+02   0.18050417E+14   0.91983834E+10
   0.10000000E-01   0.10000000E+13   0.11112485E+02   0.29180395E+14   0.20149924E+00   0.14611624E+03   0.12249343E+12   0.21162548E+16   0.18132689E-01   0.17047492E+03   0.86053802E+12   0.85035809E+01   0.56038860E+14   0.11047652E+13   0.13482461E+02   0.18050417E+14   0.91983834E+10
   0.10000000E-01   0.12589254E+13   0.10841513E+02   0.29180395E+14   0.21757387E+00   0.15777269E+03   0.15626511E+12   0.19913758E+16   0.20068589E-01   0.18302389E+03   0.10814622E+13   0.82913954E+01   0.56038860E+14   0.13923187E+13   0.13158430E+02   0.18050417E+14   0.91983834E+10
   0.10000000E-01   0.15848932E+13   0.10570841E+02   0.29180395E+14   0.23493086E+00   0.17035903E+03   0.19943656E+12   0.18713498E+16   0.22224424E-01   0.19648180E+03   0.13590128E+13   0.80795038E+01   0.56038860E+14   0.17548021E+13   0.12834735E+02   0.18050417E+14   0.91983834E+10
   0.10000000E-01   0.19952623E+13   0.10301982E+02   0.29180395E+14   0.25367251E+00   0.18394945E+03   0.25463492E+12   0.17567171E+16   0.24623662E-01   0.21092005E+03   0.17076856E+13   0.78690813E+01   0.56038860E+14   0.22117461E+13   0.12513165E+02   0.18050417E+14   0.91983834E+10
   0.10000000E-01   0.25118864E+13   0.10035308E+02   0.29180395E+14   0.27390927E+00   0.19862405E+03   0.32523823E+12   0.16474615E+16   0.27294555E-01   0.22641124E+03   0.21456620E+13   0.76604058E+01   0.56038860E+14   0.27877891E+13   0.12194163E+02   0.18050417E+14   0.91983834E+10
   0.10000000E-01   0.31622777E+13   0.97704983E+01   0.29180395E+14   0.29576043E+00   0.21446932E+03   0.41559699E+12   0.15432777E+16   0.30270762E-01   0.24302991E+03   0.26957523E+13   0.74532210E+01   0.56038860E+14   0.35140116E+13   0.11877337E+02   0.18050417E+14   0.91983834E+10
   0.10000000E-01   0.39810717E+13   0.95069851E+01   0.29180395E+14   0.31935477E+00   0.23157864E+03   0.53131894E+12   0.14437942E+16   0.33591592E-01   0.26085403E+03   0.33866361E+13   0.72471339E+01   0.56038860E+14   0.44296496E+13   0.11562025E+02   0.18050417E+14   0.91983834E+10
   0.10000000E-01   0.50118723E+13   0.92459893E+01   0.29180395E+14   0.34483135E+00   0.25005286E+03   0.67956396E+12   0.13493110E+16   0.37295235E-01   0.27997786E+03   0.42541890E+13   0.70430311E+01   0.56038860E+14   0.55841301E+13   0.11249672E+02   0.18050417E+14   0.91983834E+10
   0.10000000E-01   0.63095734E+13   0.89875813E+01   0.29180395E+14   0.37234032E+00   0.27000087E+03   0.86957203E+12   0.12596666E+16   0.41428312E-01   0.30049646E+03   0.53436008E+13   0.68410294E+01   0.56038860E+14   0.70398594E+13   0.10940373E+02   0.18050417E+14   0.91983834E+10
   0.10000000E-01   0.79432823E+13   0.87318322E+01   0.29180395E+14   0.40204383E+00   0.29154024E+03   0.11132416E+13   0.11747004E+16   0.46043468E-01   0.32251202E+03   0.67113332E+13   0.66411344E+01   0.56038860E+14   0.88755244E+13   0.10634197E+02   0.18050417E+14   0.91983834E+10
   0.10000000E-01   0.10000000E+14   0.84782475E+01   0.29180395E+14   0.43411694E+00   0.31479791E+03   0.14259622E+13   0.10940769E+16   0.51203618E-01   0.34612972E+03   0.84283959E+13   0.64430034E+01   0.56038860E+14   0.11190542E+14   0.10330574E+02   0.18050417E+14   0.91983834E+10
   0.10000000E-01   0.12589254E+14   0.82273464E+01   0.29180395E+14   0.46874869E+00   0.33991096E+03   0.18275059E+13   0.10177936E+16   0.56974469E-01   0.37147061E+03   0.10583659E+14   0.62470122E+01   0.56038860E+14   0.14110134E+14   0.10030089E+02   0.18050417E+14   0.91983834E+10
   0.10000000E-01   0.15848932E+14   0.79795130E+01   0.29180395E+14   0.50614320E+00   0.36702741E+03   0.23433763E+13   0.94578571E+15   0.63430336E-01   0.39866464E+03   0.13288766E+14   0.60534817E+01   0.56038860E+14   0.17792636E+14   0.97332481E+01   0.18050417E+14   0.91983834E+10
   0.10000000E-01   0.19952623E+14   0.77348051E+01   0.29180395E+14   0.54652085E+00   0.39630708E+03   0.30065474E+13   0.87788520E+15   0.70657353E-01   0.42784903E+03   0.16683490E+14   0.58624475E+01   0.56038860E+14   0.22437639E+14   0.94400958E+01   0.18050417E+14   0.91983834E+10
   0.10000000E-01   0.25118864E+14   0.74933441E+01   0.29180395E+14   0.59011964E+00   0.42792255E+03   0.38596282E+13   0.81394310E+15   0.78752508E-01   0.45917236E+03   0.20943071E+14   0.56740055E+01   0.56038860E+14   0.28296879E+14   0.91507459E+01   0.18050417E+14   0.91983834E+10
   0.10000000E-01   0.31622777E+14   0.72551801E+01   0.29180395E+14   0.63719653E+00   0.46206014E+03   0.49577633E+13   0.75379270E+15   0.87826426E-01   0.49279409E+03   0.26287230E+14   0.54882063E+01   0.56038860E+14   0.35688904E+14   0.88653096E+01   0.18050417E+14   0.91983834E+10
   0.10000000E-01   0.39810717E+14   0.70204107E+01   0.29180395E+14   0.68802899E+00   0.49892106E+03   0.63723454E+13   0.69728194E+15   0.98004094E-01   0.52888683E+03   0.32991027E+14   0.53051185E+01   0.56038860E+14   0.45015371E+14   0.85838893E+01   0.18050417E+14   0.91983834E+10
   0.10000000E-01   0.50118723E+14   0.67891231E+01   0.29180395E+14   0.74291661E+00   0.53872257E+03   0.81959090E+13   0.64425786E+15   0.10942748E+00   0.56763684E+03   0.41398974E+14   0.51248068E+01   0.56038860E+14   0.56783462E+14   0.83065806E+01   0.18050417E+14   0.91983834E+10
   0.10000000E-01   0.63095734E+14   0.65614094E+01   0.29180395E+14   0.80218291E+00   0.58169925E+03   0.10548497E+14   0.59457071E+15   0.12225771E+00   0.60924553E+03   0.51942561E+14   0.49473452E+01   0.56038860E+14   0.71633781E+14   0.80334926E+01   0.18050417E+14   0.91983834E+10
   0.10000000E-01   0.79432823E+14   0.63377817E+01   0.29180395E+14   0.86617718E+00   0.62810440E+03   0.13585396E+14   0.54815789E+15   0.13666883E+00   0.65393807E+03   0.65162450E+14   0.47731348E+01   0.56038860E+14   0.90374979E+14   0.77652359E+01   0.18050417E+14   0.91983834E+10
   0.10000000E-01   0.10000000E+15   0.61181380E+01   0.29180395E+14   0.93527660E+00   0.67821153E+03   0.17508976E+14   0.50482414E+15   0.15286948E+00   0.70194838E+03   0.81734970E+14   0.46020980E+01   0.56038860E+14   0.11402921E+15   0.75016929E+01   0.18050417E+14   0.91983834E+10
   0.10000000E-01   0.12589254E+15   0.59028776E+01   0.29180395E+14   0.10098884E+01   0.73231596E+03   0.22581413E+14   0.46447676E+15   0.17108409E+00   0.75353937E+03   0.10250729E+15   0.44345476E+01   0.56038860E+14   0.14388706E+15   0.72433421E+01   0.18050417E+14   0.91983834E+10
   0.10000000E-01   0.15848932E+15   0.56927530E+01   0.29180395E+14   0.10904525E+01   0.79073659E+03   0.29141832E+14   0.42707626E+15   0.19155099E+00   0.80900542E+03   0.12854090E+15   0.42710706E+01   0.56038860E+14   0.18157750E+15   0.69910809E+01   0.18050417E+14   0.91983834E+10
   0.10000000E-01   0.19952623E+15   0.54891979E+01   0.29180395E+14   0.11774435E+01   0.85381773E+03   0.37625834E+14   0.39267600E+15   0.21450192E+00   0.86868572E+03   0.16116711E+15   0.41127754E+01   0.56038860E+14   0.22915707E+15   0.67466465E+01   0.18050417E+14   0.91983834E+10
   0.10000000E-01   0.25118864E+15   0.52940576E+01   0.29180395E+14   0.12713742E+01   0.92193118E+03   0.48589945E+14   0.36135489E+15   0.24015119E+00   0.93296647E+03   0.20205907E+15   0.39610963E+01   0.56038860E+14   0.28921735E+15   0.65122553E+01   0.18050417E+14   0.91983834E+10
   0.10000000E-01   0.31622777E+15   0.51093527E+01   0.29180395E+14   0.13727983E+01   0.99547839E+03   0.62740866E+14   0.33317292E+15   0.26868341E+00   0.10022822E+04   0.25332141E+15   0.38176004E+01   0.56038860E+14   0.36502241E+15   0.62903339E+01   0.18050417E+14   0.91983834E+10
   0.10000000E-01   0.39810717E+15   0.49375164E+01   0.29180395E+14   0.14823135E+01   0.10748928E+04   0.80964878E+14   0.30820798E+15   0.30021440E+00   0.10771291E+04   0.31760701E+15   0.36841661E+01   0.56038860E+14   0.46067919E+15   0.60838159E+01   0.18050417E+14   0.91983834E+10
   0.10000000E-01   0.50118723E+15   0.47808299E+01   0.29180395E+14   0.16005653E+01   0.11606426E+04   0.10436601E+15   0.28647751E+15   0.33478817E+00   0.11580564E+04   0.39826345E+15   0.35625481E+01   0.56038860E+14   0.58134836E+15   0.58954472E+01   0.18050417E+14   0.91983834E+10
   0.10000000E-01   0.63095734E+15   0.46403365E+01   0.29180395E+14   0.17282507E+01   0.12532330E+04   0.13432817E+15   0.26781634E+15   0.37244081E+00   0.12456330E+04   0.49951627E+15   0.34535572E+01   0.56038860E+14   0.73352729E+15   0.57265037E+01   0.18050417E+14   0.91983834E+10
   0.10000000E-01   0.79432823E+15   0.45166744E+01   0.29180395E+14   0.18661222E+01   0.13532099E+04   0.17256996E+15   0.25202469E+15   0.41316287E+00   0.13404702E+04   0.62668762E+15   0.33576579E+01   0.56038860E+14   0.92537636E+15   0.55777566E+01   0.18050417E+14   0.91983834E+10
   0.10000000E-01   0.10000000E+16   0.44100870E+01   0.29180395E+14   0.20149924E+01   0.14611624E+04   0.22121871E+15   0.23888280E+15   0.45690535E+00   0.14432216E+04   0.78651516E+15   0.32750416E+01   0.56038860E+14   0.11671623E+16   0.54495280E+01   0.18050417E+14   0.91983834E+10
   0.10000000E-01   0.12589254E+16   0.43200769E+01   0.29180395E+14   0.21757387E+01   0.15777269E+04   0.28292104E+15   0.22811888E+15   0.50363425E+00   0.15545697E+04   0.98747412E+15   0.32052901E+01   0.56038860E+14   0.14717764E+16   0.53412151E+01   0.18050417E+14   0.91983834E+10
   0.10000000E-01   0.15848932E+16   0.42457777E+01   0.29180395E+14   0.23493086E+01   0.17035903E+04   0.36096523E+15   0.21946167E+15   0.55332821E+00   0.16752379E+04   0.12402838E+16   0.31477356E+01   0.56038860E+14   0.18554582E+16   0.52518094E+01   0.18050417E+14   0.91983834E+10
   0.10000000E-01   0.19952623E+16   0.41858274E+01   0.29180395E+14   0.25367251E+01   0.18394945E+04   0.45946166E+15   0.21262523E+15   0.60602715E+00   0.18059836E+04   0.15584349E+16   0.31013076E+01   0.56038860E+14   0.23385777E+16   0.51796438E+01   0.18050417E+14   0.91983834E+10
   0.10000000E-01   0.25118864E+16   0.41385295E+01   0.29180395E+14   0.27390927E+01   0.19862405E+04   0.58356782E+15   0.20732470E+15   0.66185169E+00   0.19476034E+04   0.19589254E+16   0.30646860E+01   0.56038860E+14   0.29468370E+16   0.51227056E+01   0.18050417E+14   0.91983834E+10
   0.10000000E-01   0.31622777E+16   0.41019969E+01   0.29180395E+14   0.29576043E+01   0.21446932E+04   0.73977724E+15   0.20328648E+15   0.72101574E+00   0.21009384E+04   0.24631467E+16   0.30364027E+01   0.56038860E+14   0.37125560E+16   0.50787204E+01   0.18050417E+14   0.91983834E+10
   0.10000000E-01   0.39810717E+16   0.40743393E+01   0.29180395E+14   0.31935477E+01   0.23157864E+04   0.93627702E+15   0.20026151E+15   0.78381977E+00   0.22668839E+04   0.30980252E+16   0.30149917E+01   0.56038860E+14   0.46764074E+16   0.50454040E+01   0.18050417E+14   0.91983834E+10
   0.10000000E-01   0.50118723E+16   0.40537386E+01   0.29180395E+14   0.34483135E+01   0.25005286E+04   0.11834072E+16   0.19802635E+15   0.85065018E+00   0.24463963E+04   0.38974648E+16   0.29990504E+01   0.56038860E+14   0.58897820E+16   0.50206135E+01   0.18050417E+14   0.91983834E+10
   0.10000000E-01   0.63095734E+16   0.40385979E+01   0.29180395E+14   0.37234032E+01   0.27000087E+04   0.14942161E+16   0.19639336E+15   0.92195444E+00   0.26405061E+04   0.49040956E+16   0.29873370E+01   0.56038860E+14   0.74170950E+16   0.50023783E+01   0.18050417E+14   0.91983834E+10
   0.10000000E-01   0.79432823E+16   0.40275843E+01   0.29180395E+14   0.40204383E+01   0.29154024E+04   0.18851596E+16   0.19521069E+15   0.99822573E+00   0.28503283E+04   0.61714991E+16   0.29788056E+01   0.56038860E+14   0.93396308E+16   0.49891036E+01   0.18050417E+14   0.91983834E+10
   0.10000000E-01   0.10000000E+17   0.40196514E+01   0.29180395E+14   0.43411694E+01   0.31479791E+04   0.23769693E+16   0.19436152E+15   0.10799865E+01   0.30770731E+04   0.77673369E+16   0.29726679E+01   0.56038860E+14   0.11759875E+17   0.49795558E+01   0.18050417E+14   0.91983834E+10
   0.10000000E-01   0.12589254E+17   0.40139743E+01   0.29180395E+14   0.46874869E+01   0.33991096E+04   0.29957675E+16   0.19375522E+15   0.11677920E+01   0.33220526E+04   0.97765886E+16   0.29682763E+01   0.56038860E+14   0.14806595E+17   0.49727233E+01   0.18050417E+14   0.91983834E+10
