         1        92   0.60000000E+01   0.31562220E+00   0.68437780E+00   0.82883870E+00   0.96580000E+00   0.22242000E-01  ---------------   0.27255000E+01  ---------------      0.67238290E+00                                 
   0.60000000E+01   0.10000000E+08   0.40785612E+01   0.53558881E+16   0.76388262E-03   0.75045022E+01   0.23499106E+07   0.36841235E+17   0.18729218E-03   0.73468480E+01   0.95730165E+07   0.38602526E+01   0.60471965E+16   0.95950198E+07   0.38713315E+01   0.60092081E+16   0.62597970E+09
   0.60000000E+01   0.12589254E+08   0.40749655E+01   0.53558881E+16   0.82482148E-03   0.81031751E+01   0.29604107E+07   0.36769324E+17   0.20241189E-03   0.79321912E+01   0.12051455E+08   0.38568218E+01   0.60471965E+16   0.12079155E+08   0.38678908E+01   0.60092081E+16   0.62597970E+09
   0.60000000E+01   0.15848932E+08   0.40715031E+01   0.53558881E+16   0.89062175E-03   0.87496072E+01   0.37294243E+07   0.36700163E+17   0.21874519E-03   0.85642007E+01   0.15171611E+08   0.38535218E+01   0.60471965E+16   0.15206483E+08   0.38645813E+01   0.60092081E+16   0.62597970E+09
   0.60000000E+01   0.19952623E+08   0.40681455E+01   0.53558881E+16   0.96167124E-03   0.94476085E+01   0.46981100E+07   0.36633169E+17   0.23639057E-03   0.92465925E+01   0.19099620E+08   0.38503233E+01   0.60471965E+16   0.19143520E+08   0.38613736E+01   0.60092081E+16   0.62597970E+09
   0.60000000E+01   0.25118864E+08   0.40648766E+01   0.53558881E+16   0.10383887E-02   0.10201293E+02   0.59183063E+07   0.36568017E+17   0.25545393E-03   0.99833805E+01   0.24044621E+08   0.38472093E+01   0.60471965E+16   0.24099886E+08   0.38582508E+01   0.60092081E+16   0.62597970E+09
   0.60000000E+01   0.31622777E+08   0.40617799E+01   0.53558881E+16   0.11212263E-02   0.11015103E+02   0.74551696E+07   0.36506364E+17   0.27604311E-03   0.10778927E+02   0.30269870E+08   0.38442567E+01   0.60471965E+16   0.30339509E+08   0.38552924E+01   0.60092081E+16   0.62597970E+09
   0.60000000E+01   0.39810717E+08   0.40587770E+01   0.53558881E+16   0.12106724E-02   0.11893834E+02   0.93909604E+07   0.36446638E+17   0.29828501E-03   0.11637897E+02   0.38106820E+08   0.38413915E+01   0.60471965E+16   0.38194628E+08   0.38524237E+01   0.60092081E+16   0.62597970E+09
   0.60000000E+01   0.50118723E+08   0.40558191E+01   0.53558881E+16   0.13072539E-02   0.12842667E+02   0.11829298E+08   0.36387864E+17   0.32231565E-03   0.12565333E+02   0.47972789E+08   0.38385691E+01   0.60471965E+16   0.48083505E+08   0.38495979E+01   0.60092081E+16   0.62597970E+09
   0.60000000E+01   0.63095734E+08   0.40530094E+01   0.53558881E+16   0.14115403E-02   0.13867193E+02   0.14900323E+08   0.36332091E+17   0.34826969E-03   0.13566731E+02   0.60393140E+08   0.38358883E+01   0.60471965E+16   0.60532730E+08   0.38469138E+01   0.60092081E+16   0.62597970E+09
   0.60000000E+01   0.79432823E+08   0.40502928E+01   0.53558881E+16   0.15241462E-02   0.14973450E+02   0.18768292E+08   0.36278215E+17   0.37630519E-03   0.14647971E+02   0.76029213E+08   0.38332963E+01   0.60471965E+16   0.76205040E+08   0.38443159E+01   0.60092081E+16   0.62597970E+09
   0.60000000E+01   0.10000000E+09   0.40476596E+01   0.53558881E+16   0.16457352E-02   0.16167960E+02   0.23639975E+08   0.36226038E+17   0.40658933E-03   0.15815420E+02   0.95713587E+08   0.38307838E+01   0.60471965E+16   0.95934937E+08   0.38417962E+01   0.60092081E+16   0.62597970E+09
   0.60000000E+01   0.12589254E+09   0.40451708E+01   0.53558881E+16   0.17770240E-02   0.17457761E+02   0.29775377E+08   0.36176765E+17   0.43929518E-03   0.17075979E+02   0.12049446E+09   0.38284092E+01   0.60471965E+16   0.12077311E+09   0.38394148E+01   0.60092081E+16   0.62597970E+09
   0.60000000E+01   0.15848932E+09   0.40427534E+01   0.53558881E+16   0.19187864E-02   0.18850457E+02   0.37502625E+08   0.36128945E+17   0.47462366E-03   0.18437046E+02   0.15169132E+09   0.38261027E+01   0.60471965E+16   0.15204212E+09   0.38371016E+01   0.60092081E+16   0.62597970E+09
   0.60000000E+01   0.19952623E+09   0.40403933E+01   0.53558881E+16   0.20718579E-02   0.20354256E+02   0.47234724E+08   0.36082296E+17   0.51278619E-03   0.19906629E+02   0.19096533E+09   0.38238509E+01   0.60471965E+16   0.19140696E+09   0.38348433E+01   0.60092081E+16   0.62597970E+09
   0.60000000E+01   0.25118864E+09   0.40381587E+01   0.53558881E+16   0.22371407E-02   0.21978020E+02   0.59490912E+08   0.36038162E+17   0.55400019E-03   0.21493422E+02   0.24040785E+09   0.38217188E+01   0.60471965E+16   0.24096382E+09   0.38327052E+01   0.60092081E+16   0.62597970E+09
   0.60000000E+01   0.31622777E+09   0.40360234E+01   0.53558881E+16   0.24156089E-02   0.23731320E+02   0.74925835E+08   0.35996020E+17   0.59851213E-03   0.23206761E+02   0.30265164E+09   0.38196815E+01   0.60471965E+16   0.30335156E+09   0.38306620E+01   0.60092081E+16   0.62597970E+09
   0.60000000E+01   0.39810717E+09   0.40339625E+01   0.53558881E+16   0.26083145E-02   0.25624490E+02   0.94364009E+08   0.35955374E+17   0.64658870E-03   0.25056727E+02   0.38101108E+09   0.38177152E+01   0.60471965E+16   0.38189222E+09   0.38286900E+01   0.60092081E+16   0.62597970E+09
   0.60000000E+01   0.50118723E+09   0.40319799E+01   0.53558881E+16   0.28163932E-02   0.27668687E+02   0.11884329E+09   0.35916300E+17   0.69851372E-03   0.27054222E+02   0.47965877E+09   0.38158236E+01   0.60471965E+16   0.48076804E+09   0.38267930E+01   0.60092081E+16   0.62597970E+09
   0.60000000E+01   0.63095734E+09   0.40300907E+01   0.53558881E+16   0.30410715E-02   0.29875961E+02   0.14967012E+09   0.35879090E+17   0.75459133E-03   0.29211028E+02   0.60384770E+09   0.38140211E+01   0.60471965E+16   0.60524417E+09   0.38249853E+01   0.60092081E+16   0.62597970E+09
   0.60000000E+01   0.79432823E+09   0.40282725E+01   0.53558881E+16   0.32836734E-02   0.32259321E+02   0.18849056E+09   0.35843301E+17   0.81515674E-03   0.31539837E+02   0.76019083E+09   0.38122864E+01   0.60471965E+16   0.76194887E+09   0.38232456E+01   0.60092081E+16   0.62597970E+09
   0.60000000E+01   0.10000000E+10   0.40265289E+01   0.53558881E+16   0.35456290E-02   0.34832814E+02   0.23737658E+09   0.35809001E+17   0.88056714E-03   0.34054374E+02   0.95701417E+09   0.38106238E+01   0.60471965E+16   0.95922738E+09   0.38215783E+01   0.60092081E+16   0.62597970E+09
   0.60000000E+01   0.12589254E+10   0.40248980E+01   0.53558881E+16   0.38284822E-02   0.37611607E+02   0.29893491E+09   0.35776936E+17   0.95119980E-03   0.36769494E+02   0.12047999E+10   0.38090703E+01   0.60471965E+16   0.12075861E+10   0.38200203E+01   0.60092081E+16   0.62597970E+09
   0.60000000E+01   0.15848932E+10   0.40233056E+01   0.53558881E+16   0.41338999E-02   0.40612079E+02   0.37645425E+09   0.35745646E+17   0.10274884E-02   0.39701127E+02   0.15167414E+10   0.38075535E+01   0.60471965E+16   0.15202491E+10   0.38184991E+01   0.60092081E+16   0.62597970E+09
   0.60000000E+01   0.19952623E+10   0.40217791E+01   0.53558881E+16   0.44636825E-02   0.43851914E+02   0.47406973E+09   0.35715665E+17   0.11098776E-02   0.42866574E+02   0.19094501E+10   0.38060994E+01   0.60471965E+16   0.19138660E+10   0.38170408E+01   0.60092081E+16   0.62597970E+09
   0.60000000E+01   0.25118864E+10   0.40203449E+01   0.53558881E+16   0.48197735E-02   0.47350208E+02   0.59698641E+09   0.35687512E+17   0.11988458E-02   0.46284521E+02   0.24038385E+10   0.38047333E+01   0.60471965E+16   0.24093977E+10   0.38156708E+01   0.60092081E+16   0.62597970E+09
   0.60000000E+01   0.31622777E+10   0.40189858E+01   0.53558881E+16   0.52042717E-02   0.51127578E+02   0.75176193E+09   0.35660845E+17   0.12949216E-02   0.49975095E+02   0.30262333E+10   0.38034387E+01   0.60471965E+16   0.30332319E+10   0.38143725E+01   0.60092081E+16   0.62597970E+09
   0.60000000E+01   0.39810717E+10   0.40176669E+01   0.53558881E+16   0.56194433E-02   0.55206289E+02   0.94665741E+09   0.35634978E+17   0.13986832E-02   0.53960000E+02   0.38097775E+10   0.38021823E+01   0.60471965E+16   0.38185881E+10   0.38131125E+01   0.60092081E+16   0.62597970E+09
   0.60000000E+01   0.50118723E+10   0.40164076E+01   0.53558881E+16   0.60677353E-02   0.59610380E+02   0.11920660E+10   0.35610291E+17   0.15107369E-02   0.58262744E+02   0.47961906E+10   0.38009813E+01   0.60471965E+16   0.48072881E+10   0.38119095E+01   0.60092081E+16   0.62597970E+09
   0.60000000E+01   0.63095734E+10   0.40152384E+01   0.53558881E+16   0.65517899E-02   0.64365808E+02   0.15010672E+10   0.35587380E+17   0.16317312E-02   0.62908735E+02   0.60380030E+10   0.37998657E+01   0.60471965E+16   0.60519826E+10   0.38107926E+01   0.60092081E+16   0.62597970E+09
   0.60000000E+01   0.79432823E+10   0.40141234E+01   0.53558881E+16   0.70744600E-02   0.69500600E+02   0.18901460E+10   0.35565539E+17   0.17623923E-02   0.67925305E+02   0.76013435E+10   0.37988019E+01   0.60471965E+16   0.76189533E+10   0.38097274E+01   0.60092081E+16   0.62597970E+09
   0.60000000E+01   0.10000000E+11   0.40130456E+01   0.53558881E+16   0.76388262E-02   0.75045022E+02   0.23800575E+10   0.35544434E+17   0.19034985E-02   0.73341985E+02   0.95694614E+10   0.37977735E+01   0.60471965E+16   0.95916434E+10   0.38086978E+01   0.60092081E+16   0.62597970E+09
   0.60000000E+01   0.12589254E+11   0.40120325E+01   0.53558881E+16   0.82482148E-02   0.81031751E+02   0.29969124E+10   0.35524603E+17   0.20558694E-02   0.79190752E+02   0.12047163E+11   0.37968069E+01   0.60471965E+16   0.12075104E+11   0.38077300E+01   0.60092081E+16   0.62597970E+09
   0.60000000E+01   0.15848932E+11   0.40110892E+01   0.53558881E+16   0.89062175E-02   0.87496072E+02   0.37735898E+10   0.35506147E+17   0.22203987E-02   0.85506093E+02   0.15166392E+11   0.37959070E+01   0.60471965E+16   0.15201585E+11   0.38068290E+01   0.60092081E+16   0.62597970E+09
   0.60000000E+01   0.19952623E+11   0.40101908E+01   0.53558881E+16   0.96167124E-02   0.94476085E+02   0.47515088E+10   0.35488572E+17   0.23980685E-02   0.92325183E+02   0.19093252E+11   0.37950497E+01   0.60471965E+16   0.19137578E+11   0.38059707E+01   0.60092081E+16   0.62597970E+09
   0.60000000E+01   0.25118864E+11   0.40093377E+01   0.53558881E+16   0.10383887E-01   0.10201293E+03   0.59828006E+10   0.35471888E+17   0.25899258E-02   0.99688211E+02   0.24036854E+11   0.37942358E+01   0.60471965E+16   0.24092683E+11   0.38051557E+01   0.60092081E+16   0.62597970E+09
   0.60000000E+01   0.31622777E+11   0.40085451E+01   0.53558881E+16   0.11212263E-01   0.11015103E+03   0.75330762E+10   0.35456392E+17   0.27970905E-02   0.10763862E+03   0.30260459E+11   0.37934795E+01   0.60471965E+16   0.30330773E+11   0.38043986E+01   0.60092081E+16   0.62597970E+09
   0.60000000E+01   0.39810717E+11   0.40078110E+01   0.53558881E+16   0.12106724E-01   0.11893834E+03   0.94849534E+10   0.35442044E+17   0.30207821E-02   0.11622327E+03   0.38095490E+11   0.37927791E+01   0.60471965E+16   0.38184044E+11   0.38036973E+01   0.60092081E+16   0.62597970E+09
   0.60000000E+01   0.50118723E+11   0.40071189E+01   0.53558881E+16   0.13072539E-01   0.12842667E+03   0.11942478E+11   0.35428521E+17   0.32623288E-02   0.12549273E+03   0.47959176E+11   0.37921188E+01   0.60471965E+16   0.48070700E+11   0.38030362E+01   0.60092081E+16   0.62597970E+09
   0.60000000E+01   0.63095734E+11   0.40064780E+01   0.53558881E+16   0.14115403E-01   0.13867193E+03   0.15036590E+11   0.35416000E+17   0.35231451E-02   0.13550166E+03   0.60376788E+11   0.37915074E+01   0.60471965E+16   0.60517236E+11   0.38024240E+01   0.60092081E+16   0.62597970E+09
   0.60000000E+01   0.79432823E+11   0.40058894E+01   0.53558881E+16   0.15241462E-01   0.14973450E+03   0.18932143E+11   0.35404502E+17   0.38047636E-02   0.14630907E+03   0.76009598E+11   0.37909457E+01   0.60471965E+16   0.76186464E+11   0.38018616E+01   0.60092081E+16   0.62597970E+09
   0.60000000E+01   0.10000000E+12   0.40053496E+01   0.53558881E+16   0.16457352E-01   0.16167960E+03   0.23836694E+11   0.35393962E+17   0.41088429E-02   0.15797867E+03   0.95690098E+11   0.37904307E+01   0.60471965E+16   0.95912758E+11   0.38013452E+01   0.60092081E+16   0.62597970E+09
   0.60000000E+01   0.12589254E+12   0.40048566E+01   0.53558881E+16   0.17770240E-01   0.17457761E+03   0.30011539E+11   0.35384335E+17   0.44371727E-02   0.17057924E+03   0.12046633E+12   0.37899603E+01   0.60471965E+16   0.12074664E+12   0.38008734E+01   0.60092081E+16   0.62597970E+09
   0.60000000E+01   0.15848932E+12   0.40044076E+01   0.53558881E+16   0.19187864E-01   0.18850457E+03   0.37785637E+11   0.35375570E+17   0.47916860E-02   0.18418506E+03   0.15165771E+12   0.37895320E+01   0.60471965E+16   0.15201060E+12   0.38004438E+01   0.60092081E+16   0.62597970E+09
   0.60000000E+01   0.19952623E+12   0.40039967E+01   0.53558881E+16   0.20718579E-01   0.20354256E+03   0.47573157E+11   0.35367549E+17   0.51744745E-02   0.19887631E+03   0.19092526E+12   0.37891399E+01   0.60471965E+16   0.19136952E+12   0.38000506E+01   0.60092081E+16   0.62597970E+09
   0.60000000E+01   0.25118864E+12   0.40036293E+01   0.53558881E+16   0.22371407E-01   0.21978020E+03   0.59895400E+11   0.35360380E+17   0.55877818E-02   0.21473964E+03   0.24036012E+12   0.37887894E+01   0.60471965E+16   0.24091941E+12   0.37996991E+01   0.60092081E+16   0.62597970E+09
   0.60000000E+01   0.31622777E+12   0.40032977E+01   0.53558881E+16   0.24156089E-01   0.23731320E+03   0.75408777E+11   0.35353909E+17   0.60340477E-02   0.23186852E+03   0.30259485E+12   0.37884731E+01   0.60471965E+16   0.30329895E+12   0.37993818E+01   0.60092081E+16   0.62597970E+09
   0.60000000E+01   0.39810717E+12   0.40029956E+01   0.53558881E+16   0.26083145E-01   0.25624490E+03   0.94939689E+11   0.35348014E+17   0.65159066E-02   0.25036388E+03   0.38094364E+12   0.37881848E+01   0.60471965E+16   0.38183005E+12   0.37990928E+01   0.60092081E+16   0.62597970E+09
   0.60000000E+01   0.50118723E+12   0.40027233E+01   0.53558881E+16   0.28163932E-01   0.27668687E+03   0.11952841E+12   0.35342702E+17   0.70361927E-02   0.27033478E+03   0.47957882E+12   0.37879250E+01   0.60471965E+16   0.48069475E+12   0.37988322E+01   0.60092081E+16   0.62597970E+09
   0.60000000E+01   0.63095734E+12   0.40024774E+01   0.53558881E+16   0.30410715E-01   0.29875961E+03   0.15048467E+12   0.35337904E+17   0.75979729E-02   0.29189890E+03   0.60375305E+12   0.37876904E+01   0.60471965E+16   0.60515792E+12   0.37985969E+01   0.60092081E+16   0.62597970E+09
   0.60000000E+01   0.79432823E+12   0.40022541E+01   0.53558881E+16   0.32836734E-01   0.32259321E+03   0.18945733E+12   0.35333548E+17   0.82045602E-02   0.31518334E+03   0.76007902E+12   0.37874773E+01   0.60471965E+16   0.76184764E+12   0.37983833E+01   0.60092081E+16   0.62597970E+09
   0.60000000E+01   0.10000000E+13   0.40020518E+01   0.53558881E+16   0.35456290E-01   0.34832814E+03   0.23852217E+12   0.35329601E+17   0.88595282E-02   0.34032534E+03   0.95688160E+12   0.37872843E+01   0.60471965E+16   0.95910816E+12   0.37981897E+01   0.60092081E+16   0.62597970E+09
   0.60000000E+01   0.12589254E+13   0.40018680E+01   0.53558881E+16   0.38284822E-01   0.37611607E+03   0.30029253E+12   0.35326016E+17   0.95667378E-02   0.36747308E+03   0.12046412E+13   0.37871089E+01   0.60471965E+16   0.12074443E+13   0.37980138E+01   0.60092081E+16   0.62597970E+09
   0.60000000E+01   0.15848932E+13   0.40016993E+01   0.53558881E+16   0.41338999E-01   0.40612079E+03   0.37805849E+12   0.35322726E+17   0.10330361E-01   0.39678655E+03   0.15165519E+13   0.37869480E+01   0.60471965E+16   0.15200807E+13   0.37978524E+01   0.60092081E+16   0.62597970E+09
   0.60000000E+01   0.19952623E+13   0.40015457E+01   0.53558881E+16   0.44636825E-01   0.43851914E+03   0.47596188E+12   0.35319732E+17   0.11154896E-01   0.42843854E+03   0.19092239E+13   0.37868015E+01   0.60471965E+16   0.19136664E+13   0.37977055E+01   0.60092081E+16   0.62597970E+09
   0.60000000E+01   0.25118864E+13   0.40014059E+01   0.53558881E+16   0.48197735E-01   0.47350208E+03   0.59921705E+12   0.35317006E+17   0.12045200E-01   0.46261560E+03   0.24035684E+13   0.37866681E+01   0.60471965E+16   0.24091612E+13   0.37975717E+01   0.60092081E+16   0.62597970E+09
   0.60000000E+01   0.31622777E+13   0.40012774E+01   0.53558881E+16   0.52042717E-01   0.51127578E+03   0.75438874E+12   0.35314499E+17   0.13006526E-01   0.49951916E+03   0.30259109E+13   0.37865455E+01   0.60471965E+16   0.30329519E+13   0.37974487E+01   0.60092081E+16   0.62597970E+09
   0.60000000E+01   0.39810717E+13   0.40011601E+01   0.53558881E+16   0.56194433E-01   0.55206289E+03   0.94974117E+12   0.35312211E+17   0.14044535E-01   0.53936673E+03   0.38093934E+13   0.37864335E+01   0.60471965E+16   0.38182574E+13   0.37973365E+01   0.60092081E+16   0.62597970E+09
   0.60000000E+01   0.50118723E+13   0.40010529E+01   0.53558881E+16   0.60677353E-01   0.59610380E+03   0.11956786E+13   0.35310122E+17   0.15165346E-01   0.58239316E+03   0.47957390E+13   0.37863313E+01   0.60471965E+16   0.48068982E+13   0.37972339E+01   0.60092081E+16   0.62597970E+09
   0.60000000E+01   0.63095734E+13   0.40009545E+01   0.53558881E+16   0.65517899E-01   0.64365808E+03   0.15052995E+13   0.35308202E+17   0.16375567E-01   0.62885205E+03   0.60374741E+13   0.37862374E+01   0.60471965E+16   0.60515226E+13   0.37971397E+01   0.60092081E+16   0.62597970E+09
   0.60000000E+01   0.79432823E+13   0.40008646E+01   0.53558881E+16   0.70744600E-01   0.69500600E+03   0.18950934E+13   0.35306451E+17   0.17682328E-01   0.67901723E+03   0.76007253E+13   0.37861517E+01   0.60471965E+16   0.76184114E+13   0.37970538E+01   0.60092081E+16   0.62597970E+09
   0.60000000E+01   0.10000000E+14   0.40007827E+01   0.53558881E+16   0.76388262E-01   0.75045022E+03   0.23858199E+13   0.35304854E+17   0.19093329E-01   0.73318436E+03   0.95687414E+13   0.37860735E+01   0.60471965E+16   0.95910068E+13   0.37969754E+01   0.60092081E+16   0.62597970E+09
   0.60000000E+01   0.12589254E+14   0.40007077E+01   0.53558881E+16   0.82482148E-01   0.81031751E+03   0.30036138E+13   0.35303392E+17   0.20616889E-01   0.79167271E+03   0.12046326E+14   0.37860020E+01   0.60471965E+16   0.12074357E+14   0.37969036E+01   0.60092081E+16   0.62597970E+09
   0.60000000E+01   0.15848932E+14   0.40006394E+01   0.53558881E+16   0.89062175E-01   0.87496072E+03   0.37813767E+13   0.35302060E+17   0.22261985E-01   0.85482700E+03   0.15165420E+14   0.37859368E+01   0.60471965E+16   0.15200708E+14   0.37968383E+01   0.60092081E+16   0.62597970E+09
   0.60000000E+01   0.19952623E+14   0.40005772E+01   0.53558881E+16   0.96167124E-01   0.94476085E+03   0.47605297E+13   0.35300848E+17   0.24038312E-01   0.92301947E+03   0.19092125E+14   0.37858775E+01   0.60471965E+16   0.19136550E+14   0.37967788E+01   0.60092081E+16   0.62597970E+09
   0.60000000E+01   0.25118864E+14   0.40005206E+01   0.53558881E+16   0.10383887E+00   0.10201293E+04   0.59932189E+13   0.35299744E+17   0.25956340E-01   0.99665202E+03   0.24035553E+14   0.37858235E+01   0.60471965E+16   0.24091481E+14   0.37967246E+01   0.60092081E+16   0.62597970E+09
   0.60000000E+01   0.31622777E+14   0.40004692E+01   0.53558881E+16   0.11212263E+00   0.11015103E+04   0.75450923E+13   0.35298742E+17   0.28027371E-01   0.10761586E+04   0.30258959E+14   0.37857744E+01   0.60471965E+16   0.30329368E+14   0.37966754E+01   0.60092081E+16   0.62597970E+09
   0.60000000E+01   0.39810717E+14   0.40004225E+01   0.53558881E+16   0.12106724E+00   0.11893834E+04   0.94987961E+13   0.35297831E+17   0.30263612E-01   0.11620080E+04   0.38093762E+14   0.37857298E+01   0.60471965E+16   0.38182401E+14   0.37966307E+01   0.60092081E+16   0.62597970E+09
   0.60000000E+01   0.50118723E+14   0.40003802E+01   0.53558881E+16   0.13072539E+00   0.12842667E+04   0.11958376E+14   0.35297007E+17   0.32678243E-01   0.12547059E+04   0.47957192E+14   0.37856895E+01   0.60471965E+16   0.48068783E+14   0.37965903E+01   0.60092081E+16   0.62597970E+09
   0.60000000E+01   0.63095734E+14   0.40003419E+01   0.53558881E+16   0.14115403E+00   0.13867193E+04   0.15054817E+14   0.35296259E+17   0.35285493E-01   0.13547990E+04   0.60374513E+14   0.37856529E+01   0.60471965E+16   0.60514998E+14   0.37965536E+01   0.60092081E+16   0.62597970E+09
   0.60000000E+01   0.79432823E+14   0.40003072E+01   0.53558881E+16   0.15241462E+00   0.14973450E+04   0.18953022E+14   0.35295584E+17   0.38100729E-01   0.14628769E+04   0.76006993E+14   0.37856199E+01   0.60471965E+16   0.76183853E+14   0.37965204E+01   0.60092081E+16   0.62597970E+09
   0.60000000E+01   0.10000000E+15   0.40002759E+01   0.53558881E+16   0.16457352E+00   0.16167960E+04   0.23860588E+14   0.35294974E+17   0.41140542E-01   0.15795769E+04   0.95687116E+14   0.37855900E+01   0.60471965E+16   0.95909770E+14   0.37964905E+01   0.60092081E+16   0.62597970E+09
   0.60000000E+01   0.12589254E+15   0.40002476E+01   0.53558881E+16   0.17770240E+00   0.17457761E+04   0.30038869E+14   0.35294423E+17   0.44422850E-01   0.17055866E+04   0.12046292E+15   0.37855630E+01   0.60471965E+16   0.12074323E+15   0.37964634E+01   0.60092081E+16   0.62597970E+09
   0.60000000E+01   0.15848932E+15   0.40002223E+01   0.53558881E+16   0.19187864E+00   0.18850457E+04   0.37816885E+14   0.35293928E+17   0.47966994E-01   0.18416488E+04   0.15165381E+15   0.37855388E+01   0.60471965E+16   0.15200669E+15   0.37964391E+01   0.60092081E+16   0.62597970E+09
   0.60000000E+01   0.19952623E+15   0.40001993E+01   0.53558881E+16   0.20718579E+00   0.20354256E+04   0.47608853E+14   0.35293481E+17   0.51793866E-01   0.19885655E+04   0.19092081E+15   0.37855169E+01   0.60471965E+16   0.19136506E+15   0.37964172E+01   0.60092081E+16   0.62597970E+09
   0.60000000E+01   0.25118864E+15   0.40001787E+01   0.53558881E+16   0.22371407E+00   0.21978020E+04   0.59936239E+14   0.35293079E+17   0.55926018E-01   0.21472025E+04   0.24035503E+15   0.37854972E+01   0.60471965E+16   0.24091431E+15   0.37963975E+01   0.60092081E+16   0.62597970E+09
   0.60000000E+01   0.31622777E+15   0.40001602E+01   0.53558881E+16   0.24156089E+00   0.23731320E+04   0.75455530E+14   0.35292719E+17   0.60387804E-01   0.23184948E+04   0.30258902E+15   0.37854796E+01   0.60471965E+16   0.30329311E+15   0.37963798E+01   0.60092081E+16   0.62597970E+09
   0.60000000E+01   0.39810717E+15   0.40001436E+01   0.53558881E+16   0.26083145E+00   0.25624490E+04   0.94993197E+14   0.35292394E+17   0.65205523E-01   0.25034520E+04   0.38093696E+15   0.37854637E+01   0.60471965E+16   0.38182336E+15   0.37963639E+01   0.60092081E+16   0.62597970E+09
   0.60000000E+01   0.50118723E+15   0.40001287E+01   0.53558881E+16   0.28163932E+00   0.27668687E+04   0.11958970E+15   0.35292105E+17   0.70407566E-01   0.27031642E+04   0.47957118E+15   0.37854495E+01   0.60471965E+16   0.48068709E+15   0.37963496E+01   0.60092081E+16   0.62597970E+09
   0.60000000E+01   0.63095734E+15   0.40001154E+01   0.53558881E+16   0.30410715E+00   0.29875961E+04   0.15055491E+15   0.35291845E+17   0.76024594E-01   0.29188086E+04   0.60374429E+15   0.37854368E+01   0.60471965E+16   0.60514914E+15   0.37963369E+01   0.60092081E+16   0.62597970E+09
   0.60000000E+01   0.79432823E+15   0.40001034E+01   0.53558881E+16   0.32836734E+00   0.32259321E+04   0.18953785E+15   0.35291610E+17   0.82089715E-01   0.31516560E+04   0.76006898E+15   0.37854254E+01   0.60471965E+16   0.76183757E+15   0.37963254E+01   0.60092081E+16   0.62597970E+09
   0.60000000E+01   0.10000000E+16   0.40000928E+01   0.53558881E+16   0.35456290E+00   0.34832814E+04   0.23861452E+15   0.35291404E+17   0.88638670E-01   0.34030789E+04   0.95687009E+15   0.37854152E+01   0.60471965E+16   0.95909662E+15   0.37963152E+01   0.60092081E+16   0.62597970E+09
   0.60000000E+01   0.12589254E+16   0.40000832E+01   0.53558881E+16   0.38284822E+00   0.37611607E+04   0.30039845E+15   0.35291217E+17   0.95710063E-01   0.36745592E+04   0.12046280E+16   0.37854061E+01   0.60471965E+16   0.12074310E+16   0.37963061E+01   0.60092081E+16   0.62597970E+09
   0.60000000E+01   0.15848932E+16   0.40000746E+01   0.53558881E+16   0.41338999E+00   0.40612079E+04   0.37817988E+15   0.35291050E+17   0.10334557E+00   0.39676968E+04   0.15165367E+16   0.37853980E+01   0.60471965E+16   0.15200655E+16   0.37962979E+01   0.60092081E+16   0.62597970E+09
   0.60000000E+01   0.19952623E+16   0.40000671E+01   0.53558881E+16   0.44636825E+00   0.43851914E+04   0.47610098E+15   0.35290903E+17   0.11159019E+00   0.42842197E+04   0.19092065E+16   0.37853907E+01   0.60471965E+16   0.19136490E+16   0.37962906E+01   0.60092081E+16   0.62597970E+09
   0.60000000E+01   0.25118864E+16   0.40000602E+01   0.53558881E+16   0.48197735E+00   0.47350208E+04   0.59937643E+15   0.35290770E+17   0.12049252E+00   0.46259931E+04   0.24035485E+16   0.37853842E+01   0.60471965E+16   0.24091413E+16   0.37962841E+01   0.60092081E+16   0.62597970E+09
   0.60000000E+01   0.31622777E+16   0.40000542E+01   0.53558881E+16   0.52042717E+00   0.51127578E+04   0.75457112E+15   0.35290652E+17   0.13010503E+00   0.49950317E+04   0.30258882E+16   0.37853785E+01   0.60471965E+16   0.30329291E+16   0.37962783E+01   0.60092081E+16   0.62597970E+09
   0.60000000E+01   0.39810717E+16   0.40000488E+01   0.53558881E+16   0.56194433E+00   0.55206289E+04   0.94994976E+15   0.35290547E+17   0.14048437E+00   0.53935104E+04   0.38093674E+16   0.37853733E+01   0.60471965E+16   0.38182314E+16   0.37962732E+01   0.60092081E+16   0.62597970E+09
   0.60000000E+01   0.50118723E+16   0.40000440E+01   0.53558881E+16   0.60677353E+00   0.59610380E+04   0.11959171E+16   0.35290452E+17   0.15169172E+00   0.58237778E+04   0.47957093E+16   0.37853687E+01   0.60471965E+16   0.48068684E+16   0.37962685E+01   0.60092081E+16   0.62597970E+09
   0.60000000E+01   0.63095734E+16   0.40000397E+01   0.53558881E+16   0.65517899E+00   0.64365808E+04   0.15055716E+16   0.35290370E+17   0.16379312E+00   0.62883700E+04   0.60374401E+16   0.37853647E+01   0.60471965E+16   0.60514886E+16   0.37962645E+01   0.60092081E+16   0.62597970E+09
   0.60000000E+01   0.79432823E+16   0.40000359E+01   0.53558881E+16   0.70744600E+00   0.69500600E+04   0.18954038E+16   0.35290296E+17   0.17685991E+00   0.67900250E+04   0.76006866E+16   0.37853610E+01   0.60471965E+16   0.76183726E+16   0.37962608E+01   0.60092081E+16   0.62597970E+09
   0.60000000E+01   0.10000000E+17   0.40000324E+01   0.53558881E+16   0.76388262E+00   0.75045022E+04   0.23861736E+16   0.35290228E+17   0.19096911E+00   0.73316997E+04   0.95686973E+16   0.37853577E+01   0.60471965E+16   0.95909626E+16   0.37962575E+01   0.60092081E+16   0.62597970E+09
   0.60000000E+01   0.12589254E+17   0.40000295E+01   0.53558881E+16   0.82482148E+00   0.81031751E+04   0.30040164E+16   0.35290171E+17   0.20620385E+00   0.79165866E+04   0.12046276E+17   0.37853549E+01   0.60471965E+16   0.12074306E+17   0.37962547E+01   0.60092081E+16   0.62597970E+09
