         1        92   0.18000000E+01   0.31562220E+00   0.68437780E+00   0.82883870E+00   0.96580000E+00   0.22242000E-01  ---------------   0.27255000E+01  ---------------      0.67238290E+00                                 
   0.18000000E+01   0.10000000E+08   0.78861804E+01   0.35911962E+15   0.18802867E-02   0.47832509E+01   0.14891478E+07   0.11316378E+17   0.23842806E-03   0.51835277E+01   0.95889000E+07   0.73660354E+01   0.42257776E+15   0.98264577E+07   0.76632503E+01   0.38458932E+15   0.24379388E+10
   0.18000000E+01   0.12589254E+08   0.78186064E+01   0.35911962E+15   0.20302869E-02   0.51648355E+01   0.18845644E+07   0.11085839E+17   0.25967376E-03   0.55876174E+01   0.12069603E+08   0.73024935E+01   0.42257776E+15   0.12369876E+08   0.75974019E+01   0.38458932E+15   0.24379388E+10
   0.18000000E+01   0.15848932E+08   0.77506163E+01   0.35911962E+15   0.21922534E-02   0.55768611E+01   0.23852051E+07   0.10856853E+17   0.28284891E-03   0.60231102E+01   0.15192022E+08   0.72385614E+01   0.42257776E+15   0.15571523E+08   0.75311374E+01   0.38458932E+15   0.24379388E+10
   0.18000000E+01   0.19952623E+08   0.76818590E+01   0.35911962E+15   0.23671408E-02   0.60217561E+01   0.30192239E+07   0.10628301E+17   0.30814686E-03   0.64923809E+01   0.19122075E+08   0.71739030E+01   0.42257776E+15   0.19601878E+08   0.74641357E+01   0.38458932E+15   0.24379388E+10
   0.18000000E+01   0.25118864E+08   0.76131555E+01   0.35911962E+15   0.25559798E-02   0.65021427E+01   0.38220164E+07   0.10402941E+17   0.33573198E-03   0.69981801E+01   0.24068795E+08   0.71093023E+01   0.42257776E+15   0.24675504E+08   0.73971997E+01   0.38458932E+15   0.24379388E+10
   0.18000000E+01   0.31622777E+08   0.75444999E+01   0.35911962E+15   0.27598835E-02   0.70208522E+01   0.48385828E+07   0.10180733E+17   0.36581398E-03   0.75433480E+01   0.30295108E+08   0.70447479E+01   0.42257776E+15   0.31062286E+08   0.73303082E+01   0.38458932E+15   0.24379388E+10
   0.18000000E+01   0.39810717E+08   0.74753175E+01   0.35911962E+15   0.29800536E-02   0.75809418E+01   0.61262329E+07   0.99598304E+16   0.39865245E-03   0.81308273E+01   0.38131925E+08   0.69796994E+01   0.42257776E+15   0.39101812E+08   0.72628862E+01   0.38458932E+15   0.24379388E+10
   0.18000000E+01   0.50118723E+08   0.74054358E+01   0.35911962E+15   0.32177879E-02   0.81857127E+01   0.77575798E+07   0.97397458E+16   0.43451702E-03   0.87638499E+01   0.47995746E+08   0.69139946E+01   0.42257776E+15   0.49222034E+08   0.71947843E+01   0.38458932E+15   0.24379388E+10
   0.18000000E+01   0.63095734E+08   0.73357537E+01   0.35911962E+15   0.34744875E-02   0.88387292E+01   0.98239223E+07   0.95233260E+16   0.47363742E-03   0.94461461E+01   0.60410863E+08   0.68484757E+01   0.42257776E+15   0.61961702E+08   0.71268862E+01   0.38458932E+15   0.24379388E+10
   0.18000000E+01   0.79432823E+08   0.72661257E+01   0.35911962E+15   0.37516653E-02   0.95438403E+01   0.12441577E+08   0.93100853E+16   0.51632265E-03   0.10181513E+02   0.76037282E+08   0.67830122E+01   0.42257776E+15   0.77998831E+08   0.70590497E+01   0.38458932E+15   0.24379388E+10
   0.18000000E+01   0.10000000E+09   0.71957144E+01   0.35911962E+15   0.40509550E-02   0.10305202E+02   0.15759059E+08   0.90974891E+16   0.56296773E-03   0.10973839E+02   0.95705228E+08   0.67168137E+01   0.42257776E+15   0.98186480E+08   0.69904498E+01   0.38458932E+15   0.24379388E+10
   0.18000000E+01   0.12589254E+09   0.71248215E+01   0.35911962E+15   0.43741206E-02   0.11127301E+02   0.19963647E+08   0.88865125E+16   0.61392704E-03   0.11827604E+02   0.12045992E+09   0.66501639E+01   0.42257776E+15   0.12359861E+09   0.69213768E+01   0.38458932E+15   0.24379388E+10
   0.18000000E+01   0.15848932E+09   0.70541029E+01   0.35911962E+15   0.47230667E-02   0.12014983E+02   0.25291832E+08   0.86791094E+16   0.66954889E-03   0.12747769E+02   0.15161709E+09   0.65836794E+01   0.42257776E+15   0.15558697E+09   0.68524651E+01   0.38458932E+15   0.24379388E+10
   0.18000000E+01   0.19952623E+09   0.69836236E+01   0.35911962E+15   0.50998501E-02   0.12973480E+02   0.32044209E+08   0.84754261E+16   0.73025845E-03   0.13739524E+02   0.19083255E+09   0.65174215E+01   0.42257776E+15   0.19585395E+09   0.67837877E+01   0.38458932E+15   0.24379388E+10
   0.18000000E+01   0.25118864E+09   0.69118288E+01   0.35911962E+15   0.55066915E-02   0.14008442E+02   0.40607908E+08   0.82710196E+16   0.79670542E-03   0.14807837E+02   0.24018908E+09   0.64499284E+01   0.42257776E+15   0.24654163E+09   0.67138304E+01   0.38458932E+15   0.24379388E+10
   0.18000000E+01   0.31622777E+09   0.68401300E+01   0.35911962E+15   0.59459887E-02   0.15125967E+02   0.51464677E+08   0.80699683E+16   0.86928008E-03   0.15959158E+02   0.30231012E+09   0.63825283E+01   0.42257776E+15   0.31034718E+09   0.66439690E+01   0.38458932E+15   0.24379388E+10
   0.18000000E+01   0.39810717E+09   0.67685465E+01   0.35911962E+15   0.64203309E-02   0.16332644E+02   0.65229727E+08   0.78722943E+16   0.94855387E-03   0.17199942E+02   0.38049623E+09   0.63152377E+01   0.42257776E+15   0.39066643E+09   0.65742279E+01   0.38458932E+15   0.24379388E+10
   0.18000000E+01   0.50118723E+09   0.66965584E+01   0.35911962E+15   0.69325139E-02   0.17635583E+02   0.82687947E+08   0.76765609E+16   0.10352353E-02   0.18536885E+02   0.47890083E+09   0.62475684E+01   0.42257776E+15   0.49177138E+09   0.65040926E+01   0.38458932E+15   0.24379388E+10
   0.18000000E+01   0.63095734E+09   0.66241077E+01   0.35911962E+15   0.74855563E-02   0.19042465E+02   0.10483434E+09   0.74826466E+16   0.11300475E-02   0.19977385E+02   0.60275140E+09   0.61794662E+01   0.42257776E+15   0.61904070E+09   0.64335067E+01   0.38458932E+15   0.24379388E+10
   0.18000000E+01   0.79432823E+09   0.65517909E+01   0.35911962E+15   0.80827178E-02   0.20561581E+02   0.13292477E+09   0.72921489E+16   0.12336654E-02   0.21529774E+02   0.75862840E+09   0.61114917E+01   0.42257776E+15   0.77924558E+09   0.63630517E+01   0.38458932E+15   0.24379388E+10
   0.18000000E+01   0.10000000E+10   0.64792140E+01   0.35911962E+15   0.87275179E-02   0.22201884E+02   0.16856507E+09   0.71040183E+16   0.13470026E-02   0.23202500E+02   0.95481128E+09   0.60432747E+01   0.42257776E+15   0.98090820E+09   0.62923435E+01   0.38458932E+15   0.24379388E+10
   0.18000000E+01   0.12589254E+10   0.64061723E+01   0.35911962E+15   0.94237571E-02   0.23973043E+02   0.21379596E+09   0.69177496E+16   0.14710433E-02   0.25004732E+02   0.12017196E+10   0.59746229E+01   0.42257776E+15   0.12347558E+10   0.62211824E+01   0.38458932E+15   0.24379388E+10
   0.18000000E+01   0.15848932E+10   0.63333089E+01   0.35911962E+15   0.10175539E-01   0.25885496E+02   0.27119074E+09   0.67349813E+16   0.16066702E-02   0.26946928E+02   0.15124704E+10   0.59061409E+01   0.42257776E+15   0.15542930E+10   0.61501958E+01   0.38458932E+15   0.24379388E+10
   0.18000000E+01   0.19952623E+10   0.62603341E+01   0.35911962E+15   0.10987294E-01   0.27950516E+02   0.34403933E+09   0.65549615E+16   0.17550651E-02   0.29039734E+02   0.19035671E+10   0.58375562E+01   0.42257776E+15   0.19565169E+10   0.60791009E+01   0.38458932E+15   0.24379388E+10
   0.18000000E+01   0.25118864E+10   0.61867316E+01   0.35911962E+15   0.11863807E-01   0.30180273E+02   0.43654105E+09   0.63764423E+16   0.19176211E-02   0.31294380E+02   0.23957758E+10   0.57683840E+01   0.42257776E+15   0.24628203E+10   0.60073946E+01   0.38458932E+15   0.24379388E+10
   0.18000000E+01   0.31622777E+10   0.61135556E+01   0.35911962E+15   0.12810244E-01   0.32587909E+02   0.55396038E+09   0.62019722E+16   0.20953836E-02   0.33724287E+02   0.30152440E+10   0.56996149E+01   0.42257776E+15   0.31001385E+10   0.59361045E+01   0.38458932E+15   0.24379388E+10
   0.18000000E+01   0.39810717E+10   0.60402707E+01   0.35911962E+15   0.13832184E-01   0.35187615E+02   0.70306500E+09   0.60302344E+16   0.22899940E-02   0.36342581E+02   0.37948630E+10   0.56307460E+01   0.42257776E+15   0.39023681E+10   0.58647088E+01   0.38458932E+15   0.24379388E+10
   0.18000000E+01   0.50118723E+10   0.59664231E+01   0.35911962E+15   0.14935648E-01   0.37994712E+02   0.89248251E+09   0.58601856E+16   0.25032835E-02   0.39163369E+02   0.47760211E+10   0.55613508E+01   0.42257776E+15   0.49121736E+10   0.57927651E+01   0.38458932E+15   0.24379388E+10
   0.18000000E+01   0.63095734E+10   0.58932393E+01   0.35911962E+15   0.16127142E-01   0.41025747E+02   0.11330086E+10   0.56946228E+16   0.27365497E-02   0.42203663E+02   0.60108238E+10   0.54925781E+01   0.42257776E+15   0.61832747E+10   0.57214692E+01   0.38458932E+15   0.24379388E+10
   0.18000000E+01   0.79432823E+10   0.58197913E+01   0.35911962E+15   0.17413688E-01   0.44298582E+02   0.14386112E+10   0.55314013E+16   0.29921498E-02   0.45479455E+02   0.75648071E+10   0.54235568E+01   0.42257776E+15   0.77832728E+10   0.56499179E+01   0.38458932E+15   0.24379388E+10
   0.18000000E+01   0.10000000E+11   0.57461621E+01   0.35911962E+15   0.18802867E-01   0.47832509E+02   0.18269585E+10   0.53707113E+16   0.32722480E-02   0.49009067E+02   0.95205055E+10   0.53543741E+01   0.42257776E+15   0.97972968E+10   0.55781981E+01   0.38458932E+15   0.24379388E+10
   0.18000000E+01   0.12589254E+11   0.56733766E+01   0.35911962E+15   0.20302869E-01   0.51648355E+02   0.23202639E+10   0.52147290E+16   0.35786218E-02   0.52813627E+02   0.11981767E+11   0.52859867E+01   0.42257776E+15   0.12332462E+11   0.55073014E+01   0.38458932E+15   0.24379388E+10
   0.18000000E+01   0.15848932E+11   0.56000602E+01   0.35911962E+15   0.21922534E-01   0.55768611E+02   0.29474278E+10   0.50604690E+16   0.39146961E-02   0.56912513E+02   0.15079182E+11   0.52171036E+01   0.42257776E+15   0.15523581E+11   0.54358897E+01   0.38458932E+15   0.24379388E+10
   0.18000000E+01   0.19952623E+11   0.55272681E+01   0.35911962E+15   0.23671408E-01   0.60217561E+02   0.37444841E+10   0.49101312E+16   0.42826595E-02   0.61330206E+02   0.18977226E+11   0.51487160E+01   0.42257776E+15   0.19540313E+11   0.53649829E+01   0.38458932E+15   0.24379388E+10
   0.18000000E+01   0.25118864E+11   0.54551648E+01   0.35911962E+15   0.25559798E-01   0.65021427E+02   0.47574626E+10   0.47639645E+16   0.46854310E-02   0.66091883E+02   0.23882838E+11   0.50809784E+01   0.42257776E+15   0.24596269E+11   0.52947435E+01   0.38458932E+15   0.24379388E+10
   0.18000000E+01   0.31622777E+11   0.53826994E+01   0.35911962E+15   0.27598835E-01   0.70208522E+02   0.60457923E+10   0.46197995E+16   0.51273223E-02   0.71222384E+02   0.30056284E+11   0.50129040E+01   0.42257776E+15   0.30960298E+11   0.52241521E+01   0.38458932E+15   0.24379388E+10
   0.18000000E+01   0.39810717E+11   0.53115371E+01   0.35911962E+15   0.29800536E-01   0.75809418E+02   0.76830334E+10   0.44808757E+16   0.56105296E-02   0.76753755E+02   0.37825169E+11   0.49460444E+01   0.42257776E+15   0.38970936E+11   0.51548315E+01   0.38458932E+15   0.24379388E+10
   0.18000000E+01   0.50118723E+11   0.52404283E+01   0.35911962E+15   0.32177879E-01   0.81857127E+02   0.97653046E+10   0.43446587E+16   0.61403147E-02   0.82714716E+02   0.47602008E+11   0.48792459E+01   0.42257776E+15   0.49054375E+11   0.50855743E+01   0.38458932E+15   0.24379388E+10
   0.18000000E+01   0.63095734E+11   0.51701436E+01   0.35911962E+15   0.34744875E-01   0.88387292E+02   0.12412764E+11   0.42125573E+16   0.67202919E-02   0.89140564E+02   0.59905822E+11   0.48132282E+01   0.42257776E+15   0.61746873E+11   0.50171248E+01   0.38458932E+15   0.24379388E+10
   0.18000000E+01   0.79432823E+11   0.51009673E+01   0.35911962E+15   0.37516653E-01   0.95438403E+02   0.15778408E+11   0.40849835E+16   0.73548114E-02   0.96068502E+02   0.75389674E+11   0.47482545E+01   0.42257776E+15   0.77723080E+11   0.49497490E+01   0.38458932E+15   0.24379388E+10
   0.18000000E+01   0.10000000E+12   0.50322021E+01   0.35911962E+15   0.40509550E-01   0.10305202E+03   0.20059131E+11   0.39605533E+16   0.80500641E-02   0.10353605E+03   0.94875096E+11   0.46836703E+01   0.42257776E+15   0.97832228E+11   0.48827673E+01   0.38458932E+15   0.24379388E+10
   0.18000000E+01   0.12589254E+12   0.49653064E+01   0.35911962E+15   0.43741206E-01   0.11127301E+03   0.25499036E+11   0.38417707E+16   0.88093668E-02   0.11158986E+03   0.11939667E+12   0.46208402E+01   0.42257776E+15   0.12314432E+12   0.48176083E+01   0.38458932E+15   0.24379388E+10
   0.18000000E+01   0.15848932E+12   0.48988725E+01   0.35911962E+15   0.47230667E-01   0.12014983E+03   0.32417925E+11   0.37260024E+16   0.96411302E-02   0.12027181E+03   0.15025434E+12   0.45584372E+01   0.42257776E+15   0.15500502E+12   0.47529002E+01   0.38458932E+15   0.24379388E+10
   0.18000000E+01   0.19952623E+12   0.48345298E+01   0.35911962E+15   0.50998501E-01   0.12973480E+03   0.41208790E+11   0.36159474E+16   0.10548803E-01   0.12963687E+03   0.18908919E+12   0.44980124E+01   0.42257776E+15   0.19511060E+12   0.46902411E+01   0.38458932E+15   0.24379388E+10
   0.18000000E+01   0.25118864E+12   0.47711960E+01   0.35911962E+15   0.55066915E-01   0.14008442E+03   0.52384805E+11   0.35095918E+16   0.11541533E-01   0.13973530E+03   0.23796107E+12   0.44385392E+01   0.42257776E+15   0.24559300E+12   0.46285670E+01   0.38458932E+15   0.24379388E+10
   0.18000000E+01   0.31622777E+12   0.47100550E+01   0.35911962E+15   0.59459887E-01   0.15125967E+03   0.66580856E+11   0.34087630E+16   0.12624033E-01   0.15062978E+03   0.29946581E+12   0.43811275E+01   0.42257776E+15   0.30913694E+12   0.45690255E+01   0.38458932E+15   0.24379388E+10
   0.18000000E+01   0.39810717E+12   0.46505581E+01   0.35911962E+15   0.64203309E-01   0.16332644E+03   0.84616386E+11   0.33123727E+16   0.13805506E-01   0.16238139E+03   0.37686821E+12   0.43252619E+01   0.42257776E+15   0.38912074E+12   0.45110797E+01   0.38458932E+15   0.24379388E+10
   0.18000000E+01   0.50118723E+12   0.45934360E+01   0.35911962E+15   0.69325139E-01   0.17635583E+03   0.10751401E+12   0.32214217E+16   0.15092218E-01   0.17506172E+03   0.47427993E+12   0.42716279E+01   0.42257776E+15   0.48980071E+12   0.44554487E+01   0.38458932E+15   0.24379388E+10
   0.18000000E+01   0.63095734E+12   0.45384335E+01   0.35911962E+15   0.74855563E-01   0.19042465E+03   0.13658184E+12   0.31353095E+16   0.16493700E-01   0.18874377E+03   0.59687383E+12   0.42199858E+01   0.42257776E+15   0.61653224E+12   0.44018835E+01   0.38458932E+15   0.24379388E+10
   0.18000000E+01   0.79432823E+12   0.44861206E+01   0.35911962E+15   0.80827178E-01   0.20561581E+03   0.17345657E+12   0.30547320E+16   0.18017165E-01   0.20351075E+03   0.75116380E+12   0.41708701E+01   0.42257776E+15   0.77605838E+12   0.43509396E+01   0.38458932E+15   0.24379388E+10
   0.18000000E+01   0.10000000E+13   0.44362404E+01   0.35911962E+15   0.87275179E-01   0.22201884E+03   0.22022660E+12   0.29790960E+16   0.19673230E-01   0.21944832E+03   0.94534575E+12   0.41240393E+01   0.42257776E+15   0.97686606E+12   0.43023663E+01   0.38458932E+15   0.24379388E+10
   0.18000000E+01   0.12589254E+13   0.43894233E+01   0.35911962E+15   0.94237571E-01   0.23973043E+03   0.27949601E+12   0.29091595E+16   0.21469237E-01   0.23665446E+03   0.11897416E+13   0.40800848E+01   0.42257776E+15   0.12296420E+13   0.42567780E+01   0.38458932E+15   0.24379388E+10
   0.18000000E+01   0.15848932E+13   0.43451965E+01   0.35911962E+15   0.10175539E+00   0.25885496E+03   0.35459744E+12   0.28440248E+16   0.23417902E-01   0.25522841E+03   0.14973372E+13   0.40385623E+01   0.42257776E+15   0.15478358E+13   0.42137137E+01   0.38458932E+15   0.24379388E+10
   0.18000000E+01   0.19952623E+13   0.43042833E+01   0.35911962E+15   0.10987294E+00   0.27950516E+03   0.44966232E+12   0.27845727E+16   0.25526419E-01   0.27528560E+03   0.18844903E+13   0.40001503E+01   0.42257776E+15   0.19483737E+13   0.41738699E+01   0.38458932E+15   0.24379388E+10
   0.18000000E+01   0.25118864E+13   0.42661744E+01   0.35911962E+15   0.11863807E+00   0.30180273E+03   0.56997937E+12   0.27298857E+16   0.27809007E-01   0.29694227E+03   0.23717812E+13   0.39643712E+01   0.42257776E+15   0.24525632E+13   0.41367504E+01   0.38458932E+15   0.24379388E+10
   0.18000000E+01   0.31622777E+13   0.42314478E+01   0.35911962E+15   0.12810244E+00   0.32587909E+03   0.72210489E+12   0.26806293E+16   0.30273904E-01   0.32033260E+03   0.29851788E+13   0.39317866E+01   0.42257776E+15   0.30872901E+13   0.41029426E+01   0.38458932E+15   0.24379388E+10
   0.18000000E+01   0.39810717E+13   0.41996734E+01   0.35911962E+15   0.13832184E+00   0.35187615E+03   0.91439949E+12   0.26360402E+16   0.32936332E-01   0.34559351E+03   0.37572369E+13   0.39019575E+01   0.42257776E+15   0.38863186E+13   0.40720111E+01   0.38458932E+15   0.24379388E+10
   0.18000000E+01   0.50118723E+13   0.41710964E+01   0.35911962E+15   0.14935648E+00   0.37994712E+03   0.11572825E+13   0.25963282E+16   0.35807488E-01   0.37287904E+03   0.47290554E+13   0.38751263E+01   0.42257776E+15   0.48921074E+13   0.40441712E+01   0.38458932E+15   0.24379388E+10
   0.18000000E+01   0.63095734E+13   0.41455597E+01   0.35911962E+15   0.16127142E+00   0.41025747E+03   0.14639168E+13   0.25611525E+16   0.38902207E-01   0.40235211E+03   0.59524477E+13   0.38511686E+01   0.42257776E+15   0.61583622E+13   0.40193167E+01   0.38458932E+15   0.24379388E+10
   0.18000000E+01   0.79432823E+13   0.41229493E+01   0.35911962E+15   0.17413688E+00   0.44298582E+03   0.18508462E+13   0.25302523E+16   0.42235997E-01   0.43418917E+03   0.74923417E+13   0.38299346E+01   0.42257776E+15   0.77523086E+13   0.39972900E+01   0.38458932E+15   0.24379388E+10
   0.18000000E+01   0.10000000E+14   0.41032597E+01   0.35911962E+15   0.18802867E+00   0.47832509E+03   0.23388174E+13   0.25035302E+16   0.45824220E-01   0.46858223E+03   0.94309561E+13   0.38114633E+01   0.42257776E+15   0.97590721E+13   0.39781316E+01   0.38458932E+15   0.24379388E+10
   0.18000000E+01   0.12589254E+14   0.40862331E+01   0.35911962E+15   0.20302869E+00   0.51648355E+03   0.29540045E+13   0.24805620E+16   0.49686027E-01   0.50573574E+03   0.11871326E+14   0.37954830E+01   0.42257776E+15   0.12285204E+14   0.39615449E+01   0.38458932E+15   0.24379388E+10
   0.18000000E+01   0.15848932E+14   0.40717415E+01   0.35911962E+15   0.21922534E+00   0.55768611E+03   0.37292529E+13   0.24611151E+16   0.53840682E-01   0.54587203E+03   0.14943331E+14   0.37818721E+01   0.42257776E+15   0.15465398E+14   0.39474309E+01   0.38458932E+15   0.24379388E+10
   0.18000000E+01   0.19952623E+14   0.40595029E+01   0.35911962E+15   0.23671408E+00   0.60217561E+03   0.47059678E+13   0.24447646E+16   0.58311099E-01   0.58922894E+03   0.18810872E+14   0.37703934E+01   0.42257776E+15   0.19469217E+14   0.39355278E+01   0.38458932E+15   0.24379388E+10
   0.18000000E+01   0.25118864E+14   0.40492587E+01   0.35911962E+15   0.25559798E+00   0.65021427E+03   0.59362478E+13   0.24311296E+16   0.63122165E-01   0.63606320E+03   0.23679724E+14   0.37607855E+01   0.42257776E+15   0.24509391E+14   0.39255484E+01   0.38458932E+15   0.24379388E+10
   0.18000000E+01   0.31622777E+14   0.40407593E+01   0.35911962E+15   0.27598835E+00   0.70208522E+03   0.74856651E+13   0.24198523E+16   0.68301111E-01   0.68665173E+03   0.29808942E+14   0.37528050E+01   0.42257776E+15   0.30854551E+14   0.39172687E+01   0.38458932E+15   0.24379388E+10
   0.18000000E+01   0.39810717E+14   0.40336996E+01   0.35911962E+15   0.29800536E+00   0.75809418E+03   0.94368854E+13   0.24105096E+16   0.73878918E-01   0.74129195E+03   0.37524972E+14   0.37461732E+01   0.42257776E+15   0.38842590E+14   0.39103916E+01   0.38458932E+15   0.24379388E+10
   0.18000000E+01   0.50118723E+14   0.40278567E+01   0.35911962E+15   0.32177879E+00   0.81857127E+03   0.11893919E+14   0.24027938E+16   0.79888342E-01   0.80030583E+03   0.47238781E+14   0.37406844E+01   0.42257776E+15   0.48898891E+14   0.39046998E+01   0.38458932E+15   0.24379388E+10
   0.18000000E+01   0.63095734E+14   0.40230224E+01   0.35911962E+15   0.34744875E+00   0.88387292E+03   0.14987746E+14   0.23964213E+16   0.86365104E-01   0.86404073E+03   0.59467937E+14   0.37361494E+01   0.42257776E+15   0.61559287E+14   0.38999971E+01   0.38458932E+15   0.24379388E+10
   0.18000000E+01   0.79432823E+14   0.40190096E+01   0.35911962E+15   0.37516653E+00   0.95438403E+03   0.18883318E+14   0.23911396E+16   0.93348005E-01   0.93287152E+03   0.74863485E+14   0.37323860E+01   0.42257776E+15   0.77497799E+14   0.38960944E+01   0.38458932E+15   0.24379388E+10
   0.18000000E+01   0.10000000E+15   0.40156836E+01   0.35911962E+15   0.40509550E+00   0.10305202E+04   0.23788229E+14   0.23867674E+16   0.10087834E+00   0.10072037E+04   0.94245234E+14   0.37292668E+01   0.42257776E+15   0.97563163E+14   0.38928597E+01   0.38458932E+15   0.24379388E+10
   0.18000000E+01   0.12589254E+15   0.40129247E+01   0.35911962E+15   0.43741206E+00   0.11127301E+04   0.29963862E+14   0.23831442E+16   0.10900081E+00   0.10874749E+04   0.11864531E+15   0.37266794E+01   0.42257776E+15   0.12282388E+15   0.38901760E+01   0.38458932E+15   0.24379388E+10
   0.18000000E+01   0.15848932E+15   0.40106336E+01   0.35911962E+15   0.47230667E+00   0.12014983E+04   0.37739284E+14   0.23801380E+16   0.11776360E+00   0.11741579E+04   0.14936306E+15   0.37245307E+01   0.42257776E+15   0.15462481E+15   0.38879442E+01   0.38458932E+15   0.24379388E+10
   0.18000000E+01   0.19952623E+15   0.40087365E+01   0.35911962E+15   0.50998501E+00   0.12973480E+04   0.47528704E+14   0.23776506E+16   0.12721839E+00   0.12677635E+04   0.18803432E+15   0.37227516E+01   0.42257776E+15   0.19465976E+15   0.38860962E+01   0.38458932E+15   0.24379388E+10
   0.18000000E+01   0.25118864E+15   0.40071671E+01   0.35911962E+15   0.55066915E+00   0.14008442E+04   0.59853607E+14   0.23755939E+16   0.13742106E+00   0.13688433E+04   0.23671844E+15   0.37212797E+01   0.42257776E+15   0.24506071E+15   0.38845673E+01   0.38458932E+15   0.24379388E+10
   0.18000000E+01   0.31622777E+15   0.40058684E+01   0.35911962E+15   0.59459887E+00   0.15125967E+04   0.75370529E+14   0.23738929E+16   0.14843195E+00   0.14779927E+04   0.29800800E+15   0.37200618E+01   0.42257776E+15   0.30851169E+15   0.38833022E+01   0.38458932E+15   0.24379388E+10
   0.18000000E+01   0.39810717E+15   0.40047982E+01   0.35911962E+15   0.64203309E+00   0.16332644E+04   0.94905913E+14   0.23724916E+16   0.16031597E+00   0.15958551E+04   0.37516688E+15   0.37190581E+01   0.42257776E+15   0.38839169E+15   0.38822597E+01   0.38458932E+15   0.24379388E+10
   0.18000000E+01   0.50118723E+15   0.40039177E+01   0.35911962E+15   0.69325139E+00   0.17635583E+04   0.11950023E+15   0.23713392E+16   0.17314327E+00   0.17231249E+04   0.47230404E+15   0.37182323E+01   0.42257776E+15   0.48895459E+15   0.38814020E+01   0.38458932E+15   0.24379388E+10
   0.18000000E+01   0.63095734E+15   0.40031942E+01   0.35911962E+15   0.74855563E+00   0.19042465E+04   0.15046337E+15   0.23703925E+16   0.18698959E+00   0.18605523E+04   0.59459238E+15   0.37175539E+01   0.42257776E+15   0.61555574E+15   0.38806972E+01   0.38458932E+15   0.24379388E+10
   0.18000000E+01   0.79432823E+15   0.40026014E+01   0.35911962E+15   0.80827178E+00   0.20561581E+04   0.18944433E+15   0.23696169E+16   0.20193662E+00   0.20089470E+04   0.74854418E+15   0.37169979E+01   0.42257776E+15   0.77493708E+15   0.38801197E+01   0.38458932E+15   0.24379388E+10
   0.18000000E+01   0.10000000E+16   0.40021165E+01   0.35911962E+15   0.87275179E+00   0.22201884E+04   0.23851912E+15   0.23689827E+16   0.21807256E+00   0.21691835E+04   0.94235791E+15   0.37165432E+01   0.42257776E+15   0.97558625E+15   0.38796474E+01   0.38458932E+15   0.24379388E+10
   0.18000000E+01   0.12589254E+16   0.40017206E+01   0.35911962E+15   0.94237571E+00   0.23973043E+04   0.30030127E+15   0.23684650E+16   0.23549263E+00   0.23422062E+04   0.11863548E+16   0.37161719E+01   0.42257776E+15   0.12281885E+16   0.38792617E+01   0.38458932E+15   0.24379388E+10
   0.18000000E+01   0.15848932E+16   0.40013982E+01   0.35911962E+15   0.10175539E+01   0.25885496E+04   0.37808098E+15   0.23680434E+16   0.25429958E+00   0.25290347E+04   0.14935287E+16   0.37158695E+01   0.42257776E+15   0.15461959E+16   0.38789476E+01   0.38458932E+15   0.24379388E+10
   0.18000000E+01   0.19952623E+16   0.40011358E+01   0.35911962E+15   0.10987294E+01   0.27950516E+04   0.47600043E+15   0.23677004E+16   0.27460438E+00   0.27307702E+04   0.18802376E+16   0.37156235E+01   0.42257776E+15   0.19465435E+16   0.38786921E+01   0.38458932E+15   0.24379388E+10
   0.18000000E+01   0.25118864E+16   0.40009226E+01   0.35911962E+15   0.11863807E+01   0.30180273E+04   0.59927428E+15   0.23674216E+16   0.29652678E+00   0.29486013E+04   0.23670751E+16   0.37154236E+01   0.42257776E+15   0.24505512E+16   0.38784844E+01   0.38458932E+15   0.24379388E+10
   0.18000000E+01   0.31622777E+16   0.40007497E+01   0.35911962E+15   0.12810244E+01   0.32587909E+04   0.75446740E+15   0.23671956E+16   0.32019609E+00   0.31838121E+04   0.29799668E+16   0.37152613E+01   0.42257776E+15   0.30850592E+16   0.38783160E+01   0.38458932E+15   0.24379388E+10
   0.18000000E+01   0.39810717E+16   0.40006098E+01   0.35911962E+15   0.13832184E+01   0.35187615E+04   0.94984445E+15   0.23670126E+16   0.34575189E+00   0.34377886E+04   0.37515514E+16   0.37151298E+01   0.42257776E+15   0.38838574E+16   0.38781796E+01   0.38458932E+15   0.24379388E+10
   0.18000000E+01   0.50118723E+16   0.40004963E+01   0.35911962E+15   0.14935648E+01   0.37994712E+04   0.11958101E+16   0.23668644E+16   0.37334488E+00   0.37120277E+04   0.47229188E+16   0.37150232E+01   0.42257776E+15   0.48894847E+16   0.38780691E+01   0.38458932E+15   0.24379388E+10
   0.18000000E+01   0.63095734E+16   0.40004044E+01   0.35911962E+15   0.16127142E+01   0.41025747E+04   0.15054631E+16   0.23667442E+16   0.40313780E+00   0.40081457E+04   0.59457978E+16   0.37149369E+01   0.42257776E+15   0.61554945E+16   0.38779796E+01   0.38458932E+15   0.24379388E+10
   0.18000000E+01   0.79432823E+16   0.40003303E+01   0.35911962E+15   0.17413688E+01   0.44298582E+04   0.18952935E+16   0.23666474E+16   0.43530624E+00   0.43278878E+04   0.74853111E+16   0.37148673E+01   0.42257776E+15   0.77493064E+16   0.38779074E+01   0.38458932E+15   0.24379388E+10
   0.18000000E+01   0.10000000E+17   0.40002704E+01   0.35911962E+15   0.18802867E+01   0.47832509E+04   0.23860614E+16   0.23665690E+16   0.47003991E+00   0.46731384E+04   0.94234434E+16   0.37148110E+01   0.42257776E+15   0.97557966E+16   0.38778490E+01   0.38458932E+15   0.24379388E+10
   0.18000000E+01   0.12589254E+17   0.40002217E+01   0.35911962E+15   0.20302869E+01   0.51648355E+04   0.30039023E+16   0.23665054E+16   0.50754360E+00   0.50459324E+04   0.11863407E+17   0.37147653E+01   0.42257776E+15   0.12281818E+17   0.38778016E+01   0.38458932E+15   0.24379388E+10
