         1        92   0.25000000E+00   0.31562220E+00   0.68437780E+00   0.82883870E+00   0.96580000E+00   0.22242000E-01  ---------------   0.27255000E+01  ---------------      0.67238290E+00                                 
   0.25000000E+00   0.10000000E+08   0.19704364E+02   0.44665768E+14   0.37668546E-02   0.33794480E+01   0.92919820E+06   0.13699377E+17   0.19116855E-03   0.45727890E+01   0.91870765E+07   0.16321299E+02   0.72206328E+14   0.10453650E+08   0.21855410E+02   0.34217885E+14   0.72414498E+10
   0.25000000E+00   0.12589254E+08   0.19515448E+02   0.44665768E+14   0.40673561E-02   0.36490441E+01   0.11747201E+07   0.13365191E+17   0.20841725E-03   0.49241988E+01   0.11561987E+08   0.16163021E+02   0.72206328E+14   0.13162572E+08   0.21647081E+02   0.34217885E+14   0.72414498E+10
   0.25000000E+00   0.15848932E+08   0.19323261E+02   0.44665768E+14   0.43918300E-02   0.39401471E+01   0.14853081E+07   0.13030557E+17   0.22728203E-03   0.53022587E+01   0.14550686E+08   0.16002018E+02   0.72206328E+14   0.16573569E+08   0.21435139E+02   0.34217885E+14   0.72414498E+10
   0.25000000E+00   0.19952623E+08   0.19130140E+02   0.44665768E+14   0.47421890E-02   0.42544730E+01   0.18781629E+07   0.12699683E+17   0.24789097E-03   0.57091502E+01   0.18311806E+08   0.15840239E+02   0.72206328E+14   0.20868580E+08   0.21222163E+02   0.34217885E+14   0.72414498E+10
   0.25000000E+00   0.25118864E+08   0.18936089E+02   0.44665768E+14   0.51204979E-02   0.45938743E+01   0.23751197E+07   0.12372616E+17   0.27040948E-03   0.61470536E+01   0.23044902E+08   0.15677679E+02   0.72206328E+14   0.26276735E+08   0.21008158E+02   0.34217885E+14   0.72414498E+10
   0.25000000E+00   0.31622777E+08   0.18737505E+02   0.44665768E+14   0.55289865E-02   0.49603514E+01   0.30040790E+07   0.12043475E+17   0.29507592E-03   0.66179578E+01   0.29000918E+08   0.15511324E+02   0.72206328E+14   0.33086672E+08   0.20789147E+02   0.34217885E+14   0.72414498E+10
   0.25000000E+00   0.39810717E+08   0.18537315E+02   0.44665768E+14   0.59700622E-02   0.53560642E+01   0.37999943E+07   0.11717329E+17   0.32205647E-03   0.71246029E+01   0.36495934E+08   0.15343632E+02   0.72206328E+14   0.41661689E+08   0.20568360E+02   0.34217885E+14   0.72414498E+10
   0.25000000E+00   0.50118723E+08   0.18336249E+02   0.44665768E+14   0.64463249E-02   0.57833451E+01   0.48072207E+07   0.11395431E+17   0.35156181E-03   0.76697532E+01   0.45927578E+08   0.15175215E+02   0.72206328E+14   0.52459302E+08   0.20346602E+02   0.34217885E+14   0.72414498E+10
   0.25000000E+00   0.63095734E+08   0.18132689E+02   0.44665768E+14   0.69605815E-02   0.62447124E+01   0.60822362E+07   0.11075290E+17   0.38386924E-03   0.82561046E+01   0.57795955E+08   0.15004719E+02   0.72206328E+14   0.66055770E+08   0.20122087E+02   0.34217885E+14   0.72414498E+10
   0.25000000E+00   0.79432823E+08   0.17927508E+02   0.44665768E+14   0.75158631E-02   0.67428853E+01   0.76963205E+07   0.10758410E+17   0.41923636E-03   0.88868388E+01   0.72730525E+08   0.14832875E+02   0.72206328E+14   0.83176636E+08   0.19895777E+02   0.34217885E+14   0.72414498E+10
   0.25000000E+00   0.10000000E+09   0.17722994E+02   0.44665768E+14   0.81154423E-02   0.72808001E+01   0.97393513E+07   0.10448321E+17   0.45790469E-03   0.95656101E+01   0.91523629E+08   0.14661600E+02   0.72206328E+14   0.10473536E+09   0.19670199E+02   0.34217885E+14   0.72414498E+10
   0.25000000E+00   0.12589254E+09   0.17517860E+02   0.44665768E+14   0.87628530E-02   0.78616271E+01   0.12325912E+08   0.10143022E+17   0.50022396E-03   0.10295857E+02   0.11517169E+09   0.14489814E+02   0.72206328E+14   0.13188255E+09   0.19443929E+02   0.34217885E+14   0.72414498E+10
   0.25000000E+00   0.15848932E+09   0.17310395E+02   0.44665768E+14   0.94619110E-02   0.84887897E+01   0.15601669E+08   0.98400474E+16   0.54660283E-03   0.11081149E+02   0.14492809E+09   0.14316088E+02   0.72206328E+14   0.16606733E+09   0.19215083E+02   0.34217885E+14   0.72414498E+10
   0.25000000E+00   0.19952623E+09   0.17103828E+02   0.44665768E+14   0.10216736E-01   0.91659843E+01   0.19749263E+08   0.95441233E+16   0.59733625E-03   0.11926176E+02   0.18237129E+09   0.14143123E+02   0.72206328E+14   0.20911373E+09   0.18987220E+02   0.34217885E+14   0.72414498E+10
   0.25000000E+00   0.25118864E+09   0.16896537E+02   0.44665768E+14   0.11031778E-01   0.98972021E+01   0.25002205E+08   0.92528727E+16   0.65290175E-03   0.12835135E+02   0.22948581E+09   0.13969563E+02   0.72206328E+14   0.26331959E+09   0.18758551E+02   0.34217885E+14   0.72414498E+10
   0.25000000E+00   0.31622777E+09   0.16687221E+02   0.44665768E+14   0.11911840E-01   0.10686753E+02   0.31657055E+08   0.89645350E+16   0.71383006E-03   0.13812524E+02   0.28876767E+09   0.13794313E+02   0.72206328E+14   0.33157882E+09   0.18527643E+02   0.34217885E+14   0.72414498E+10
   0.25000000E+00   0.39810717E+09   0.16478470E+02   0.44665768E+14   0.12862109E-01   0.11539291E+02   0.40086517E+08   0.86826869E+16   0.78054027E-03   0.14864035E+02   0.36335997E+09   0.13619539E+02   0.72206328E+14   0.41753436E+09   0.18297349E+02   0.34217885E+14   0.72414498E+10
   0.25000000E+00   0.50118723E+09   0.16269014E+02   0.44665768E+14   0.13888186E-01   0.12459839E+02   0.50766643E+08   0.84055732E+16   0.85365874E-03   0.15994928E+02   0.45721490E+09   0.13444187E+02   0.72206328E+14   0.52577530E+09   0.18066271E+02   0.34217885E+14   0.72414498E+10
   0.25000000E+00   0.63095734E+09   0.16057657E+02   0.44665768E+14   0.14996118E-01   0.13453825E+02   0.64302499E+08   0.81316664E+16   0.93389207E-03   0.17210789E+02   0.57530339E+09   0.13267253E+02   0.72206328E+14   0.66208139E+09   0.17833086E+02   0.34217885E+14   0.72414498E+10
   0.25000000E+00   0.79432823E+09   0.15847350E+02   0.44665768E+14   0.16192436E-01   0.14527106E+02   0.81453779E+08   0.78647770E+16   0.10217756E-02   0.18518809E+02   0.72388551E+09   0.13091210E+02   0.72206328E+14   0.83372814E+09   0.17601055E+02   0.34217885E+14   0.72414498E+10
   0.25000000E+00   0.10000000E+10   0.15635038E+02   0.44665768E+14   0.17484190E-01   0.15686008E+02   0.10319757E+09   0.76010132E+16   0.11182698E-02   0.19924923E+02   0.91083022E+09   0.12913519E+02   0.72206328E+14   0.10498863E+10   0.17366818E+02   0.34217885E+14   0.72414498E+10
   0.25000000E+00   0.12589254E+10   0.15422255E+02   0.44665768E+14   0.18878994E-01   0.16937362E+02   0.13076306E+09   0.73423301E+16   0.12241397E-02   0.21436914E+02   0.11460391E+10   0.12735447E+02   0.72206328E+14   0.13220922E+10   0.17132037E+02   0.34217885E+14   0.72414498E+10
   0.25000000E+00   0.15848932E+10   0.15210362E+02   0.44665768E+14   0.20385069E-01   0.18288543E+02   0.16570730E+09   0.70903136E+16   0.13402094E-02   0.23063207E+02   0.14419640E+10   0.12558108E+02   0.72206328E+14   0.16648816E+10   0.16898230E+02   0.34217885E+14   0.72414498E+10
   0.25000000E+00   0.19952623E+10   0.14995177E+02   0.44665768E+14   0.22011292E-01   0.19747514E+02   0.21003816E+09   0.68400328E+16   0.14678914E-02   0.24810604E+02   0.18142610E+10   0.12378025E+02   0.72206328E+14   0.20965711E+10   0.16660781E+02   0.34217885E+14   0.72414498E+10
   0.25000000E+00   0.25118864E+10   0.14781210E+02   0.44665768E+14   0.23767246E-01   0.21322876E+02   0.26625363E+09   0.65967607E+16   0.16079364E-02   0.26689998E+02   0.22826605E+10   0.12198983E+02   0.72206328E+14   0.26402111E+10   0.16424674E+02   0.34217885E+14   0.72414498E+10
   0.25000000E+00   0.31622777E+10   0.14566064E+02   0.44665768E+14   0.25663282E-01   0.23023911E+02   0.33757422E+09   0.63577154E+16   0.17618543E-02   0.28710110E+02   0.28719542E+10   0.12018988E+02   0.72206328E+14   0.33248500E+10   0.16187264E+02   0.34217885E+14   0.72414498E+10
   0.25000000E+00   0.39810717E+10   0.14350039E+02   0.44665768E+14   0.27710574E-01   0.24860648E+02   0.42807327E+09   0.61232573E+16   0.19310453E-02   0.30881475E+02   0.36132886E+10   0.11838240E+02   0.72206328E+14   0.41870488E+10   0.15948859E+02   0.34217885E+14   0.72414498E+10
   0.25000000E+00   0.50118723E+10   0.14134890E+02   0.44665768E+14   0.29921190E-01   0.26843910E+02   0.54289860E+09   0.58952359E+16   0.21168322E-02   0.33216307E+02   0.45459248E+10   0.11658241E+02   0.72206328E+14   0.52728648E+10   0.15711411E+02   0.34217885E+14   0.72414498E+10
   0.25000000E+00   0.63095734E+10   0.13916856E+02   0.44665768E+14   0.32308158E-01   0.28985387E+02   0.68870052E+09   0.56696863E+16   0.23215126E-02   0.35724395E+02   0.57191832E+10   0.11475871E+02   0.72206328E+14   0.66403788E+10   0.15470795E+02   0.34217885E+14   0.72414498E+10
   0.25000000E+00   0.79432823E+10   0.13700344E+02   0.44665768E+14   0.34885546E-01   0.31297701E+02   0.87375455E+09   0.54511619E+16   0.25463262E-02   0.38421375E+02   0.71951004E+10   0.11294758E+02   0.72206328E+14   0.83625655E+10   0.15231823E+02   0.34217885E+14   0.72414498E+10
   0.25000000E+00   0.10000000E+11   0.13481965E+02   0.44665768E+14   0.37668546E-01   0.33794480E+02   0.11087951E+10   0.52361986E+16   0.27939952E-02   0.41318832E+02   0.90516990E+10   0.11112107E+02   0.72206328E+14   0.10531536E+11   0.14990783E+02   0.34217885E+14   0.72414498E+10
   0.25000000E+00   0.12589254E+11   0.13263830E+02   0.44665768E+14   0.40673561E-01   0.36490441E+02   0.14072986E+10   0.50268774E+16   0.30665019E-02   0.44433110E+02   0.11387189E+11   0.10929685E+02   0.72206328E+14   0.13263229E+11   0.14750019E+02   0.34217885E+14   0.72414498E+10
   0.25000000E+00   0.15848932E+11   0.13045048E+02   0.44665768E+14   0.43918300E-01   0.39401471E+02   0.17865371E+10   0.48223003E+16   0.33666646E-02   0.47779467E+02   0.14324897E+11   0.10746722E+02   0.72206328E+14   0.16703571E+11   0.14508505E+02   0.34217885E+14   0.72414498E+10
   0.25000000E+00   0.19952623E+11   0.12825903E+02   0.44665768E+14   0.47421890E-01   0.42544730E+02   0.22684423E+10   0.46227116E+16   0.36973529E-02   0.51375212E+02   0.18020168E+11   0.10563490E+02   0.72206328E+14   0.21036669E+11   0.14266611E+02   0.34217885E+14   0.72414498E+10
   0.25000000E+00   0.25118864E+11   0.12606648E+02   0.44665768E+14   0.51204979E-01   0.45938743E+02   0.28809312E+10   0.44282990E+16   0.40617442E-02   0.55238943E+02   0.22668067E+11   0.10380166E+02   0.72206328E+14   0.26493927E+11   0.14024550E+02   0.34217885E+14   0.72414498E+10
   0.25000000E+00   0.31622777E+11   0.12386491E+02   0.44665768E+14   0.55289865E-01   0.49603514E+02   0.36597002E+10   0.42383377E+16   0.44637230E-02   0.59389455E+02   0.28514130E+11   0.10196118E+02   0.72206328E+14   0.33367560E+11   0.13781516E+02   0.34217885E+14   0.72414498E+10
   0.25000000E+00   0.39810717E+11   0.12166817E+02   0.44665768E+14   0.59700622E-01   0.53560642E+02   0.46499172E+10   0.40539776E+16   0.49068398E-02   0.63849408E+02   0.35866975E+11   0.10012482E+02   0.72206328E+14   0.42024630E+11   0.13538966E+02   0.34217885E+14   0.72414498E+10
   0.25000000E+00   0.50118723E+11   0.11946344E+02   0.44665768E+14   0.64463249E-01   0.57833451E+02   0.59096234E+10   0.38740932E+16   0.53960649E-02   0.68639881E+02   0.45114659E+11   0.98282026E+01   0.72206328E+14   0.52928909E+11   0.13295558E+02   0.34217885E+14   0.72414498E+10
   0.25000000E+00   0.63095734E+11   0.11726250E+02   0.44665768E+14   0.69605815E-01   0.62447124E+02   0.75122849E+10   0.36995995E+16   0.59358971E-02   0.73786693E+02   0.56745241E+11   0.96442580E+01   0.72206328E+14   0.66663119E+11   0.13052536E+02   0.34217885E+14   0.72414498E+10
   0.25000000E+00   0.79432823E+11   0.11505565E+02   0.44665768E+14   0.75158631E-01   0.67428853E+02   0.95522456E+10   0.35296732E+16   0.65323721E-02   0.79314481E+02   0.71371939E+11   0.94598363E+01   0.72206328E+14   0.83962310E+11   0.12808844E+02   0.34217885E+14   0.72414498E+10
   0.25000000E+00   0.10000000E+12   0.11285088E+02   0.44665768E+14   0.81154423E-01   0.72808001E+02   0.12149259E+11   0.33648822E+16   0.71912971E-02   0.85252374E+02   0.89766215E+11   0.92756093E+01   0.72206328E+14   0.10575270E+12   0.12565391E+02   0.34217885E+14   0.72414498E+10
   0.25000000E+00   0.12589254E+12   0.11064686E+02   0.44665768E+14   0.87628530E-01   0.78616271E+02   0.15456563E+11   0.32050544E+16   0.79196581E-02   0.91630162E+02   0.11289759E+12   0.90914642E+01   0.72206328E+14   0.13319975E+12   0.12321988E+02   0.34217885E+14   0.72414498E+10
   0.25000000E+00   0.15848932E+12   0.10844229E+02   0.44665768E+14   0.94619110E-01   0.84887897E+02   0.19669957E+11   0.30500338E+16   0.87252961E-02   0.98479724E+02   0.14198495E+12   0.89072977E+01   0.72206328E+14   0.16777265E+12   0.12078499E+02   0.34217885E+14   0.72414498E+10
   0.25000000E+00   0.19952623E+12   0.10624715E+02   0.44665768E+14   0.10216736E+00   0.91659843E+02   0.25038334E+11   0.29004308E+16   0.96160097E-02   0.10583772E+03   0.17856115E+12   0.87239427E+01   0.72206328E+14   0.21132372E+12   0.11836063E+02   0.34217885E+14   0.72414498E+10
   0.25000000E+00   0.25118864E+12   0.10404351E+02   0.44665768E+14   0.11031778E+00   0.98972021E+02   0.31883413E+11   0.27549582E+16   0.10603043E-01   0.11373715E+03   0.22454996E+12   0.85398947E+01   0.72206328E+14   0.26618521E+12   0.11592671E+02   0.34217885E+14   0.72414498E+10
   0.25000000E+00   0.31622777E+12   0.10185502E+02   0.44665768E+14   0.11911840E+00   0.10686753E+03   0.40610169E+11   0.26150937E+16   0.11694898E-01   0.12222341E+03   0.28237440E+12   0.83571343E+01   0.72206328E+14   0.33529423E+12   0.11350936E+02   0.34217885E+14   0.72414498E+10
   0.25000000E+00   0.39810717E+12   0.99660958E+01   0.44665768E+14   0.12862109E+00   0.11539291E+03   0.51745193E+11   0.24794215E+16   0.12905866E-01   0.13133384E+03   0.35507377E+12   0.81739335E+01   0.72206328E+14   0.42235318E+12   0.11108554E+02   0.34217885E+14   0.72414498E+10
   0.25000000E+00   0.50118723E+12   0.97477220E+01   0.44665768E+14   0.13888186E+00   0.12459839E+03   0.65953856E+11   0.23488472E+16   0.14247622E-01   0.14111855E+03   0.44647324E+12   0.79916194E+01   0.72206328E+14   0.53202708E+12   0.10867298E+02   0.34217885E+14   0.72414498E+10
   0.25000000E+00   0.63095734E+12   0.95303951E+01   0.44665768E+14   0.14996118E+00   0.13453825E+03   0.84091353E+11   0.22232548E+16   0.15735044E-01   0.15162712E+03   0.56137758E+12   0.78102052E+01   0.72206328E+14   0.67019382E+12   0.10627186E+02   0.34217885E+14   0.72414498E+10
   0.25000000E+00   0.79432823E+12   0.93129089E+01   0.44665768E+14   0.16192436E+00   0.14527106E+03   0.10726112E+12   0.21018590E+16   0.17387087E-01   0.16290820E+03   0.70581925E+12   0.76286854E+01   0.72206328E+14   0.84426331E+12   0.10386882E+02   0.34217885E+14   0.72414498E+10
   0.25000000E+00   0.10000000E+13   0.90970178E+01   0.44665768E+14   0.17484190E+00   0.15686008E+03   0.13685965E+12   0.19855358E+16   0.19219695E-01   0.17502483E+03   0.88738923E+12   0.74485250E+01   0.72206328E+14   0.10635659E+13   0.10148326E+02   0.34217885E+14   0.72414498E+10
   0.25000000E+00   0.12589254E+13   0.88820875E+01   0.44665768E+14   0.18878994E+00   0.16937362E+03   0.17469282E+12   0.18738092E+16   0.21255132E-01   0.18803592E+03   0.11156152E+13   0.72691959E+01   0.72206328E+14   0.13398656E+13   0.99108143E+01   0.34217885E+14   0.72414498E+10
   0.25000000E+00   0.15848932E+13   0.86677266E+01   0.44665768E+14   0.20385069E+00   0.18288543E+03   0.22308041E+12   0.17663722E+16   0.23518357E-01   0.20200514E+03   0.14024653E+13   0.70903732E+01   0.72206328E+14   0.16879890E+13   0.96739155E+01   0.34217885E+14   0.72414498E+10
   0.25000000E+00   0.19952623E+13   0.84551012E+01   0.44665768E+14   0.22011292E+00   0.19747514E+03   0.28497695E+12   0.16636859E+16   0.26033150E-01   0.21700848E+03   0.17629834E+13   0.69130240E+01   0.72206328E+14   0.21266111E+13   0.94389144E+01   0.34217885E+14   0.72414498E+10
   0.25000000E+00   0.25118864E+13   0.82440061E+01   0.44665768E+14   0.23767246E+00   0.21322876E+03   0.36419509E+12   0.15655040E+16   0.28829729E-01   0.23312131E+03   0.22160478E+13   0.67369686E+01   0.72206328E+14   0.26792627E+13   0.92055685E+01   0.34217885E+14   0.72414498E+10
   0.25000000E+00   0.31622777E+13   0.80336194E+01   0.44665768E+14   0.25663282E+00   0.23023911E+03   0.46566133E+12   0.14713267E+16   0.31944856E-01   0.25042047E+03   0.27853739E+13   0.65615373E+01   0.72206328E+14   0.33756325E+13   0.89729832E+01   0.34217885E+14   0.72414498E+10
   0.25000000E+00   0.39810717E+13   0.78252027E+01   0.44665768E+14   0.27710574E+00   0.24860648E+03   0.59564554E+12   0.13815922E+16   0.35411957E-01   0.26900118E+03   0.35008102E+13   0.63878047E+01   0.72206328E+14   0.42531478E+13   0.87425804E+01   0.34217885E+14   0.72414498E+10
   0.25000000E+00   0.50118723E+13   0.76187872E+01   0.44665768E+14   0.29921190E+00   0.26843910E+03   0.76224558E+12   0.12961570E+16   0.39272904E-01   0.28895895E+03   0.43997074E+13   0.62157512E+01   0.72206328E+14   0.53589297E+13   0.85143678E+01   0.34217885E+14   0.72414498E+10
   0.25000000E+00   0.63095734E+13   0.74140389E+01   0.44665768E+14   0.32308158E+00   0.28985387E+03   0.97591651E+12   0.12147375E+16   0.43577000E-01   0.31039368E+03   0.55290455E+13   0.60451178E+01   0.72206328E+14   0.67523370E+13   0.82879434E+01   0.34217885E+14   0.72414498E+10
   0.25000000E+00   0.79432823E+13   0.72112072E+01   0.44665768E+14   0.34885546E+00   0.31297701E+03   0.12500951E+13   0.11372924E+16   0.48376846E-01   0.33341716E+03   0.69478779E+13   0.58761366E+01   0.72206328E+14   0.85084309E+13   0.80636502E+01   0.34217885E+14   0.72414498E+10
   0.25000000E+00   0.10000000E+14   0.70107654E+01   0.44665768E+14   0.37668546E+00   0.33794480E+03   0.16020591E+13   0.10638491E+16   0.53729577E-01   0.35815231E+03   0.87301448E+13   0.57091628E+01   0.72206328E+14   0.10721525E+14   0.78419639E+01   0.34217885E+14   0.72414498E+10
   0.25000000E+00   0.12589254E+14   0.68127586E+01   0.44665768E+14   0.40673561E+00   0.36490441E+03   0.20541254E+13   0.99426269E+15   0.59702043E-01   0.38472826E+03   0.10968917E+14   0.55442665E+01   0.72206328E+14   0.13510697E+14   0.76229453E+01   0.34217885E+14   0.72414498E+10
   0.25000000E+00   0.15848932E+14   0.66172604E+01   0.44665768E+14   0.43918300E+00   0.39401471E+03   0.26350890E+13   0.92840004E+15   0.66369309E-01   0.41328458E+03   0.13780753E+14   0.53814881E+01   0.72206328E+14   0.17026088E+14   0.74066826E+01   0.34217885E+14   0.72414498E+10
   0.25000000E+00   0.19952623E+14   0.64241918E+01   0.44665768E+14   0.47421890E+00   0.42544730E+03   0.33821856E+13   0.86608020E+15   0.73817675E-01   0.44397012E+03   0.17312099E+14   0.52207743E+01   0.72206328E+14   0.21456912E+14   0.71930783E+01   0.34217885E+14   0.72414498E+10
   0.25000000E+00   0.25118864E+14   0.62340141E+01   0.44665768E+14   0.51204979E+00   0.45938743E+03   0.43433374E+13   0.80729468E+15   0.82138054E-01   0.47695212E+03   0.21746684E+14   0.50625032E+01   0.72206328E+14   0.27041725E+14   0.69826423E+01   0.34217885E+14   0.72414498E+10
   0.25000000E+00   0.31622777E+14   0.60470768E+01   0.44665768E+14   0.55289865E+00   0.49603514E+03   0.55804134E+13   0.75198299E+15   0.91432383E-01   0.51241091E+03   0.27315285E+14   0.49069758E+01   0.72206328E+14   0.34081604E+14   0.67757813E+01   0.34217885E+14   0.72414498E+10
   0.25000000E+00   0.39810717E+14   0.58634136E+01   0.44665768E+14   0.59700622E+00   0.53560642E+03   0.71735159E+13   0.69998517E+15   0.10181888E+00   0.55053771E+03   0.34306960E+14   0.47542037E+01   0.72206328E+14   0.42955581E+14   0.65725053E+01   0.34217885E+14   0.72414498E+10
   0.25000000E+00   0.50118723E+14   0.56832804E+01   0.44665768E+14   0.64463249E+00   0.57833451E+03   0.92260364E+13   0.65120481E+15   0.11342613E+00   0.59154288E+03   0.43084830E+14   0.46044072E+01   0.72206328E+14   0.54142176E+14   0.63731118E+01   0.34217885E+14   0.72414498E+10
   0.25000000E+00   0.63095734E+14   0.55078213E+01   0.44665768E+14   0.69605815E+00   0.62447124E+03   0.11870232E+14   0.60576463E+15   0.12637631E+00   0.63567036E+03   0.54105590E+14   0.44585510E+01   0.72206328E+14   0.68244224E+14   0.61788695E+01   0.34217885E+14   0.72414498E+10
   0.25000000E+00   0.79432823E+14   0.53370195E+01   0.44665768E+14   0.75158631E+00   0.67428853E+03   0.15277884E+14   0.56346216E+15   0.14082510E+00   0.68316683E+03   0.67941013E+14   0.43166083E+01   0.72206328E+14   0.86021883E+14   0.59897539E+01   0.34217885E+14   0.72414498E+10
   0.25000000E+00   0.10000000E+15   0.51718116E+01   0.44665768E+14   0.81154423E+00   0.72808001E+03   0.19668367E+14   0.52432622E+15   0.15691682E+00   0.73431874E+03   0.85309186E+14   0.41793410E+01   0.72206328E+14   0.10843327E+15   0.58068074E+01   0.34217885E+14   0.72414498E+10
   0.25000000E+00   0.12589254E+15   0.50142731E+01   0.44665768E+14   0.87628530E+00   0.78616271E+03   0.25318223E+14   0.48861000E+15   0.17475819E+00   0.78946530E+03   0.10711591E+15   0.40484846E+01   0.72206328E+14   0.13668374E+15   0.56323220E+01   0.34217885E+14   0.72414498E+10
   0.25000000E+00   0.15848932E+15   0.48654746E+01   0.44665768E+14   0.94619110E+00   0.84887897E+03   0.32580522E+14   0.45628779E+15   0.19447046E+00   0.84896033E+03   0.13450082E+15   0.39249431E+01   0.72206328E+14   0.17229372E+15   0.54675015E+01   0.34217885E+14   0.72414498E+10
   0.25000000E+00   0.19952623E+15   0.47277100E+01   0.44665768E+14   0.10216736E+01   0.91659843E+03   0.41893350E+14   0.42756561E+15   0.21610328E+00   0.91322347E+03   0.16889713E+15   0.38105831E+01   0.72206328E+14   0.21717274E+15   0.53148762E+01   0.34217885E+14   0.72414498E+10
   0.25000000E+00   0.25118864E+15   0.46029350E+01   0.44665768E+14   0.11031778E+01   0.98972021E+03   0.53801370E+14   0.40253445E+15   0.23966835E+00   0.98271261E+03   0.21211924E+15   0.37070467E+01   0.72206328E+14   0.27372524E+15   0.51766286E+01   0.34217885E+14   0.72414498E+10
   0.25000000E+00   0.31622777E+15   0.44922747E+01   0.44665768E+14   0.11911840E+01   0.10686753E+04   0.68982797E+14   0.38110521E+15   0.26516278E+00   0.10579115E+04   0.26644830E+15   0.36152400E+01   0.72206328E+14   0.34497264E+15   0.50539980E+01   0.34217885E+14   0.72414498E+10
   0.25000000E+00   0.39810717E+15   0.43965094E+01   0.44665768E+14   0.12862109E+01   0.11539291E+04   0.88275797E+14   0.36313729E+15   0.29255275E+00   0.11393415E+04   0.33476833E+15   0.35358132E+01   0.72206328E+14   0.43471839E+15   0.49478656E+01   0.34217885E+14   0.72414498E+10
   0.25000000E+00   0.50118723E+15   0.43151193E+01   0.44665768E+14   0.13888186E+01   0.12459839E+04   0.11273219E+15   0.34828240E+15   0.32184941E+00   0.12275320E+04   0.42070785E+15   0.34683229E+01   0.72206328E+14   0.54774116E+15   0.48576380E+01   0.34217885E+14   0.72414498E+10
   0.25000000E+00   0.63095734E+15   0.42473600E+01   0.44665768E+14   0.14996118E+01   0.13453825E+04   0.14366150E+15   0.33620393E+15   0.35306916E+00   0.13230477E+04   0.52884283E+15   0.34121475E+01   0.72206328E+14   0.69007681E+15   0.47825417E+01   0.34217885E+14   0.72414498E+10
   0.25000000E+00   0.79432823E+15   0.41918398E+01   0.44665768E+14   0.16192436E+01   0.14527106E+04   0.18271122E+15   0.32650093E+15   0.38628471E+00   0.14264746E+04   0.66493291E+15   0.33661268E+01   0.72206328E+14   0.86928721E+15   0.47209890E+01   0.34217885E+14   0.72414498E+10
   0.25000000E+00   0.10000000E+16   0.41471464E+01   0.44665768E+14   0.17484190E+01   0.15686008E+04   0.23194597E+15   0.31881601E+15   0.42159568E+00   0.15384399E+04   0.83623253E+15   0.33290851E+01   0.72206328E+14   0.10949212E+16   0.46714410E+01   0.34217885E+14   0.72414498E+10
   0.25000000E+00   0.12589254E+16   0.41117094E+01   0.44665768E+14   0.18878994E+01   0.16937362E+04   0.29396607E+15   0.31280207E+15   0.45915197E+00   0.16596082E+04   0.10518731E+16   0.32997171E+01   0.72206328E+14   0.13789794E+16   0.46321458E+01   0.34217885E+14   0.72414498E+10
   0.25000000E+00   0.15848932E+16   0.40840306E+01   0.44665768E+14   0.20385069E+01   0.18288543E+04   0.37204440E+15   0.30815336E+15   0.49914096E+00   0.17906924E+04   0.13233600E+16   0.32767866E+01   0.72206328E+14   0.17365855E+16   0.46014522E+01   0.34217885E+14   0.72414498E+10
   0.25000000E+00   0.19952623E+16   0.40627161E+01   0.44665768E+14   0.22011292E+01   0.19747514E+04   0.47030421E+15   0.30460251E+15   0.54178759E+00   0.19324582E+04   0.16651474E+16   0.32591215E+01   0.72206328E+14   0.21867856E+16   0.45778240E+01   0.34217885E+14   0.72414498E+10
   0.25000000E+00   0.25118864E+16   0.40464961E+01   0.44665768E+14   0.23767246E+01   0.21322876E+04   0.59394371E+15   0.30191719E+15   0.58735374E+00   0.20857295E+04   0.20954762E+16   0.32456863E+01   0.72206328E+14   0.27535283E+16   0.45598391E+01   0.34217885E+14   0.72414498E+10
   0.25000000E+00   0.31622777E+16   0.40342833E+01   0.44665768E+14   0.25663282E+01   0.23023911E+04   0.74951298E+15   0.29990488E+15   0.63612988E+00   0.22513960E+04   0.26372666E+16   0.32355709E+01   0.72206328E+14   0.34669713E+16   0.45462889E+01   0.34217885E+14   0.72414498E+10
   0.25000000E+00   0.39810717E+16   0.40251682E+01   0.44665768E+14   0.27710574E+01   0.24860648E+04   0.94526515E+15   0.29840831E+15   0.68843271E+00   0.24304197E+04   0.33193540E+16   0.32280115E+01   0.72206328E+14   0.43651252E+16   0.45361786E+01   0.34217885E+14   0.72414498E+10
   0.25000000E+00   0.50118723E+16   0.40184146E+01   0.44665768E+14   0.29921190E+01   0.26843910E+04   0.11915960E+16   0.29730244E+15   0.74460185E+00   0.26238419E+04   0.41781288E+16   0.32224180E+01   0.72206328E+14   0.54958375E+16   0.45286969E+01   0.34217885E+14   0.72414498E+10
   0.25000000E+00   0.63095734E+16   0.40134415E+01   0.44665768E+14   0.32308158E+01   0.28985387E+04   0.15015978E+16   0.29648970E+15   0.80499884E+00   0.28327900E+04   0.52593117E+16   0.32182992E+01   0.72206328E+14   0.69192863E+16   0.45231874E+01   0.34217885E+14   0.72414498E+10
   0.25000000E+00   0.79432823E+16   0.40097966E+01   0.44665768E+14   0.34885546E+01   0.31297701E+04   0.18917566E+16   0.29589489E+15   0.87000787E+00   0.30584842E+04   0.66204893E+16   0.32152807E+01   0.72206328E+14   0.87112688E+16   0.45191494E+01   0.34217885E+14   0.72414498E+10
   0.25000000E+00   0.10000000E+17   0.40071357E+01   0.44665768E+14   0.37668546E+01   0.33794480E+04   0.23828298E+16   0.29546113E+15   0.94003670E+00   0.33022451E+04   0.83341579E+16   0.32130770E+01   0.72206328E+14   0.10967183E+17   0.45161978E+01   0.34217885E+14   0.72414498E+10
   0.25000000E+00   0.12589254E+17   0.40051990E+01   0.44665768E+14   0.40673561E+01   0.36490441E+04   0.30009511E+16   0.29514566E+15   0.10155191E+01   0.35655014E+04   0.10491584E+17   0.32114732E+01   0.72206328E+14   0.13807176E+17   0.45140489E+01   0.34217885E+14   0.72414498E+10
