         1        92   0.60000000E+00   0.31562220E+00   0.68437780E+00   0.82883870E+00   0.96580000E+00   0.22242000E-01  ---------------   0.27255000E+01  ---------------      0.67238290E+00                                 
   0.60000000E+00   0.10000000E+08   0.14993830E+02   0.79346353E+14   0.31102465E-02   0.37190995E+01   0.10527297E+07   0.12148201E+17   0.20743509E-03   0.46725347E+01   0.93861077E+07   0.13176007E+02   0.10974855E+15   0.10191155E+08   0.15602769E+02   0.71760106E+14   0.53208396E+10
   0.60000000E+00   0.12589254E+08   0.14848090E+02   0.79346353E+14   0.33583669E-02   0.40157913E+01   0.13315344E+07   0.11852815E+17   0.22618174E-03   0.50324865E+01   0.11813266E+08   0.13046779E+02   0.10974855E+15   0.12830924E+08   0.15451520E+02   0.71760106E+14   0.53208396E+10
   0.60000000E+00   0.15848932E+08   0.14701945E+02   0.79346353E+14   0.36262811E-02   0.43361517E+01   0.16843056E+07   0.11561191E+17   0.24665316E-03   0.54200377E+01   0.14867971E+08   0.12917191E+02   0.10974855E+15   0.16154484E+08   0.15299848E+02   0.71760106E+14   0.53208396E+10
   0.60000000E+00   0.19952623E+08   0.14556120E+02   0.79346353E+14   0.39155683E-02   0.46820689E+01   0.21306535E+07   0.11274753E+17   0.26899808E-03   0.58373674E+01   0.18712496E+08   0.12787891E+02   0.10974855E+15   0.20338919E+08   0.15148497E+02   0.71760106E+14   0.53208396E+10
   0.60000000E+00   0.25118864E+08   0.14407485E+02   0.79346353E+14   0.42279334E-02   0.50555817E+01   0.26957183E+07   0.10987438E+17   0.29345394E-03   0.62864068E+01   0.23550898E+08   0.12656105E+02   0.10974855E+15   0.25607273E+08   0.14994222E+02   0.71760106E+14   0.53208396E+10
   0.60000000E+00   0.31622777E+08   0.14259213E+02   0.79346353E+14   0.45652175E-02   0.54588916E+01   0.34108393E+07   0.10705460E+17   0.32015914E-03   0.67699098E+01   0.29640219E+08   0.12524645E+02   0.10974855E+15   0.32240321E+08   0.14840322E+02   0.71760106E+14   0.53208396E+10
   0.60000000E+00   0.39810717E+08   0.14111359E+02   0.79346353E+14   0.49294084E-02   0.58943755E+01   0.43159140E+07   0.10428856E+17   0.34932201E-03   0.72905218E+01   0.37303840E+08   0.12393560E+02   0.10974855E+15   0.40591579E+08   0.14686855E+02   0.71760106E+14   0.53208396E+10
   0.60000000E+00   0.50118723E+08   0.13962170E+02   0.79346353E+14   0.53226528E-02   0.63646003E+01   0.54618073E+07   0.10154359E+17   0.38121959E-03   0.78508338E+01   0.46948563E+08   0.12261297E+02   0.10974855E+15   0.51106205E+08   0.14532002E+02   0.71760106E+14   0.53208396E+10
   0.60000000E+00   0.63095734E+08   0.13811924E+02   0.79346353E+14   0.57472683E-02   0.68723373E+01   0.69127276E+07   0.98825563E+16   0.41610918E-03   0.84538838E+01   0.59086526E+08   0.12128108E+02   0.10974855E+15   0.64344730E+08   0.14376057E+02   0.71760106E+14   0.53208396E+10
   0.60000000E+00   0.79432823E+08   0.13662119E+02   0.79346353E+14   0.62057575E-02   0.74205791E+01   0.87496358E+07   0.96161574E+16   0.45423095E-03   0.91031527E+01   0.74362267E+08   0.11995316E+02   0.10974855E+15   0.81012681E+08   0.14220571E+02   0.71760106E+14   0.53208396E+10
   0.60000000E+00   0.10000000E+09   0.13512034E+02   0.79346353E+14   0.67008228E-02   0.80125571E+01   0.11075673E+08   0.93538344E+16   0.49591519E-03   0.98020422E+01   0.93586654E+08   0.11862278E+02   0.10974855E+15   0.10199849E+09   0.14064791E+02   0.71760106E+14   0.53208396E+10
   0.60000000E+00   0.12589254E+09   0.13359823E+02   0.79346353E+14   0.72353821E-02   0.86517601E+01   0.14022356E+08   0.90924409E+16   0.54157768E-03   0.10553957E+02   0.11777969E+09   0.11727360E+02   0.10974855E+15   0.12842090E+09   0.13906801E+02   0.71760106E+14   0.53208396E+10
   0.60000000E+00   0.15848932E+09   0.13208163E+02   0.79346353E+14   0.78125859E-02   0.93419557E+01   0.17754198E+08   0.88366090E+16   0.59149679E-03   0.11363432E+02   0.14822608E+09   0.11592934E+02   0.10974855E+15   0.16168816E+09   0.13749380E+02   0.71760106E+14   0.53208396E+10
   0.60000000E+00   0.19952623E+09   0.13056816E+02   0.79346353E+14   0.84358362E-02   0.10087212E+02   0.22480963E+08   0.85858666E+16   0.64608676E-03   0.12234810E+02   0.18654185E+09   0.11458791E+02   0.10974855E+15   0.20357358E+09   0.13592283E+02   0.71760106E+14   0.53208396E+10
   0.60000000E+00   0.25118864E+09   0.12902771E+02   0.79346353E+14   0.91088064E-02   0.10891921E+02   0.28471781E+08   0.83352943E+16   0.70595739E-03   0.13172047E+02   0.23475891E+09   0.11322259E+02   0.10974855E+15   0.25631030E+09   0.13432380E+02   0.71760106E+14   0.53208396E+10
   0.60000000E+00   0.31622777E+09   0.12749317E+02   0.79346353E+14   0.98354629E-02   0.11760825E+02   0.36061746E+08   0.80903041E+16   0.77145019E-03   0.14180927E+02   0.29543732E+09   0.11186256E+02   0.10974855E+15   0.32270919E+09   0.13273089E+02   0.71760106E+14   0.53208396E+10
   0.60000000E+00   0.39810717E+09   0.12596345E+02   0.79346353E+14   0.10620089E-01   0.12699047E+02   0.45678717E+08   0.78506370E+16   0.84310873E-03   0.15266882E+02   0.37179704E+09   0.11050686E+02   0.10974855E+15   0.40630982E+09   0.13114295E+02   0.71760106E+14   0.53208396E+10
   0.60000000E+00   0.50118723E+09   0.12440758E+02   0.79346353E+14   0.11467308E-01   0.13712116E+02   0.57872510E+08   0.76114988E+16   0.92175315E-03   0.16434786E+02   0.46788662E+09   0.10912806E+02   0.10974855E+15   0.51157020E+09   0.12952787E+02   0.71760106E+14   0.53208396E+10
   0.60000000E+00   0.63095734E+09   0.12285579E+02   0.79346353E+14   0.12382114E-01   0.14806002E+02   0.73328153E+08   0.73775982E+16   0.10078576E-02   0.17691758E+02   0.58880712E+09   0.10775300E+02   0.10974855E+15   0.64410209E+09   0.12791707E+02   0.71760106E+14   0.53208396E+10
   0.60000000E+00   0.79432823E+09   0.12130736E+02   0.79346353E+14   0.13369899E-01   0.15987153E+02   0.92920511E+08   0.71487549E+16   0.11021507E-02   0.19044541E+02   0.74097303E+09   0.10638099E+02   0.10974855E+15   0.81097071E+09   0.12630974E+02   0.71760106E+14   0.53208396E+10
   0.60000000E+00   0.10000000E+10   0.11973677E+02   0.79346353E+14   0.14436485E-01   0.17262531E+02   0.11777256E+09   0.69212425E+16   0.12056852E-02   0.20499359E+02   0.93245050E+09   0.10498942E+02   0.10974855E+15   0.10210749E+10   0.12467940E+02   0.71760106E+14   0.53208396E+10
   0.60000000E+00   0.12589254E+10   0.11817182E+02   0.79346353E+14   0.15588158E-01   0.18639652E+02   0.14928590E+09   0.66991220E+16   0.13191096E-02   0.22065011E+02   0.11734000E+10   0.10360292E+02   0.10974855E+15   0.12856154E+10   0.12305490E+02   0.71760106E+14   0.53208396E+10
   0.60000000E+00   0.15848932E+10   0.11660181E+02   0.79346353E+14   0.16831706E-01   0.20126633E+02   0.18925947E+09   0.64808341E+16   0.14435201E-02   0.23749398E+02   0.14765920E+10   0.10221192E+02   0.10974855E+15   0.16186916E+10   0.12142496E+02   0.71760106E+14   0.53208396E+10
   0.60000000E+00   0.19952623E+10   0.11501752E+02   0.79346353E+14   0.18174458E-01   0.21732239E+02   0.23998348E+09   0.62651385E+16   0.15801470E-02   0.25560959E+02   0.18580946E+10   0.10080823E+02   0.10974855E+15   0.20380669E+10   0.11978013E+02   0.71760106E+14   0.53208396E+10
   0.60000000E+00   0.25118864E+10   0.11344018E+02   0.79346353E+14   0.19624328E-01   0.23465932E+02   0.30433391E+09   0.60549195E+16   0.17299275E-02   0.27510369E+02   0.23381492E+10   0.99410828E+01   0.10974855E+15   0.25661041E+10   0.11814253E+02   0.71760106E+14   0.53208396E+10
   0.60000000E+00   0.31622777E+10   0.11184900E+02   0.79346353E+14   0.21189862E-01   0.25337930E+02   0.38601911E+09   0.58473957E+16   0.18945062E-02   0.29606808E+02   0.29422035E+10   0.98001429E+01   0.10974855E+15   0.32309792E+10   0.11649076E+02   0.71760106E+14   0.53208396E+10
   0.60000000E+00   0.39810717E+10   0.11025566E+02   0.79346353E+14   0.22880287E-01   0.27359268E+02   0.48970651E+09   0.56441154E+16   0.20752030E-02   0.31861987E+02   0.37022712E+10   0.96590190E+01   0.10974855E+15   0.40681374E+10   0.11483671E+02   0.71760106E+14   0.53208396E+10
   0.60000000E+00   0.50118723E+10   0.10866423E+02   0.79346353E+14   0.24705566E-01   0.29541858E+02   0.62133429E+09   0.54455594E+16   0.22735693E-02   0.34288127E+02   0.46585991E+10   0.95180457E+01   0.10974855E+15   0.51221845E+10   0.11318433E+02   0.71760106E+14   0.53208396E+10
   0.60000000E+00   0.63095734E+10   0.10705529E+02   0.79346353E+14   0.26676456E-01   0.31898564E+02   0.78853665E+09   0.52493274E+16   0.24918391E-02   0.36896583E+02   0.58618662E+10   0.93755374E+01   0.10974855E+15   0.64493742E+10   0.11151380E+02   0.71760106E+14   0.53208396E+10
   0.60000000E+00   0.79432823E+10   0.10545474E+02   0.79346353E+14   0.28804575E-01   0.34443277E+02   0.10008579E+10   0.50585741E+16   0.27314632E-02   0.39703037E+02   0.73759089E+10   0.92338049E+01   0.10974855E+15   0.81205278E+10   0.10985222E+02   0.71760106E+14   0.53208396E+10
   0.60000000E+00   0.10000000E+11   0.10383932E+02   0.79346353E+14   0.31102465E-01   0.37190995E+02   0.12706667E+10   0.48705101E+16   0.29952494E-02   0.42720324E+02   0.92807608E+10   0.90907365E+01   0.10974855E+15   0.10224708E+11   0.10817496E+02   0.71760106E+14   0.53208396E+10
   0.60000000E+00   0.12589254E+11   0.10222610E+02   0.79346353E+14   0.33583669E-01   0.40157913E+02   0.16134839E+10   0.46871345E+16   0.32852342E-02   0.45965751E+02   0.11677399E+11   0.89478750E+01   0.10974855E+15   0.12874133E+11   0.10649988E+02   0.71760106E+14   0.53208396E+10
   0.60000000E+00   0.15848932E+11   0.10060854E+02   0.79346353E+14   0.36262811E-01   0.43361517E+02   0.20492255E+10   0.45076658E+16   0.36043471E-02   0.49455749E+02   0.14692827E+11   0.88046626E+01   0.10974855E+15   0.16210301E+11   0.10482057E+02   0.71760106E+14   0.53208396E+10
   0.60000000E+00   0.19952623E+11   0.98984836E+01   0.79346353E+14   0.39155683E-01   0.46820689E+02   0.26032465E+10   0.43319022E+16   0.39557254E-02   0.53208349E+02   0.18486377E+11   0.86608795E+01   0.10974855E+15   0.20410886E+11   0.10313449E+02   0.71760106E+14   0.53208396E+10
   0.60000000E+00   0.25118864E+11   0.97365138E+01   0.79346353E+14   0.42279334E-01   0.50555817E+02   0.33076555E+10   0.41609076E+16   0.43423483E-02   0.57244401E+02   0.23259319E+11   0.85174947E+01   0.10974855E+15   0.25700263E+11   0.10145278E+02   0.71760106E+14   0.53208396E+10
   0.60000000E+00   0.31622777E+11   0.95733836E+01   0.79346353E+14   0.45652175E-01   0.54588916E+02   0.42038536E+10   0.39930184E+16   0.47686562E-02   0.61583021E+02   0.29263667E+11   0.83730645E+01   0.10974855E+15   0.32360458E+11   0.99758899E+01   0.71760106E+14   0.53208396E+10
   0.60000000E+00   0.39810717E+11   0.94111259E+01   0.79346353E+14   0.49294084E-01   0.58943755E+02   0.53437961E+10   0.38302928E+16   0.52378520E-02   0.66249641E+02   0.36817802E+11   0.82294396E+01   0.10974855E+15   0.40746809E+11   0.98074044E+01   0.71760106E+14   0.53208396E+10
   0.60000000E+00   0.50118723E+11   0.92474067E+01   0.79346353E+14   0.53226528E-01   0.63646003E+02   0.67950442E+10   0.36703671E+16   0.57558329E-02   0.71265158E+02   0.46320478E+11   0.80845099E+01   0.10974855E+15   0.51306903E+11   0.96373994E+01   0.71760106E+14   0.53208396E+10
   0.60000000E+00   0.63095734E+11   0.90848539E+01   0.79346353E+14   0.57472683E-01   0.68723373E+02   0.86419098E+10   0.35157738E+16   0.63262088E-02   0.76659910E+02   0.58275487E+11   0.79406486E+01   0.10974855E+15   0.64604088E+11   0.94686032E+01   0.71760106E+14   0.53208396E+10
   0.60000000E+00   0.79432823E+11   0.89208506E+01   0.79346353E+14   0.62057575E-01   0.74205791E+02   0.10994571E+11   0.33639881E+16   0.69564639E-02   0.82457485E+02   0.73313190E+11   0.77954831E+01   0.10974855E+15   0.81347813E+11   0.92982851E+01   0.71760106E+14   0.53208396E+10
   0.60000000E+00   0.10000000E+12   0.87580825E+01   0.79346353E+14   0.67008228E-01   0.80125571E+02   0.13990343E+11   0.32174573E+16   0.76510159E-02   0.88693098E+02   0.92230800E+11   0.76514501E+01   0.10974855E+15   0.10243245E+12   0.91292728E+01   0.71760106E+14   0.53208396E+10
   0.60000000E+00   0.12589254E+12   0.85941882E+01   0.79346353E+14   0.72353821E-01   0.86517601E+02   0.17808712E+11   0.30740042E+16   0.84189244E-02   0.95394461E+02   0.11602622E+12   0.75064219E+01   0.10974855E+15   0.12898168E+12   0.89590543E+01   0.71760106E+14   0.53208396E+10
   0.60000000E+00   0.15848932E+12   0.84314094E+01   0.79346353E+14   0.78125859E-01   0.93419557E+02   0.22674135E+11   0.29355441E+16   0.92660497E-02   0.10260139E+03   0.14595768E+12   0.73623856E+01   0.10974855E+15   0.16241412E+12   0.87900108E+01   0.71760106E+14   0.53208396E+10
   0.60000000E+00   0.19952623E+12   0.82679262E+01   0.79346353E+14   0.84358362E-01   0.10087212E+03   0.28879073E+11   0.28004665E+16   0.10203086E-01   0.11034713E+03   0.18360642E+12   0.72177517E+01   0.10974855E+15   0.20451430E+12   0.86202353E+01   0.71760106E+14   0.53208396E+10
   0.60000000E+00   0.25118864E+12   0.81052552E+01   0.79346353E+14   0.91088064E-01   0.10891921E+03   0.36791668E+11   0.26699732E+16   0.11238149E-01   0.11867590E+03   0.23096114E+12   0.70738480E+01   0.10974855E+15   0.25752732E+12   0.84512787E+01   0.71760106E+14   0.53208396E+10
   0.60000000E+00   0.31622777E+12   0.79425541E+01   0.79346353E+14   0.98354629E-01   0.11760825E+03   0.46888023E+11   0.25433131E+16   0.12383249E-01   0.12762885E+03   0.29051939E+12   0.69299157E+01   0.10974855E+15   0.32428478E+12   0.82822882E+01   0.71760106E+14   0.53208396E+10
   0.60000000E+00   0.39810717E+12   0.77802095E+01   0.79346353E+14   0.10620089E+00   0.12699047E+03   0.59774339E+11   0.24207281E+16   0.13650132E-01   0.13725374E+03   0.36542816E+12   0.67863255E+01   0.10974855E+15   0.40835395E+12   0.81136856E+01   0.71760106E+14   0.53208396E+10
   0.60000000E+00   0.50118723E+12   0.76186507E+01   0.79346353E+14   0.11467308E+00   0.13712116E+03   0.76225398E+11   0.23024555E+16   0.15051626E-01   0.14760238E+03   0.45963968E+12   0.66434443E+01   0.10974855E+15   0.51422079E+12   0.79458905E+01   0.71760106E+14   0.53208396E+10
   0.60000000E+00   0.63095734E+12   0.74568918E+01   0.79346353E+14   0.12382114E+00   0.14806002E+03   0.97242950E+11   0.21877062E+16   0.16604927E-01   0.15872516E+03   0.57812061E+12   0.65003996E+01   0.10974855E+15   0.64753658E+12   0.77778682E+01   0.71760106E+14   0.53208396E+10
   0.60000000E+00   0.79432823E+12   0.72964102E+01   0.79346353E+14   0.13369899E+00   0.15987153E+03   0.12409220E+12   0.20774451E+16   0.18323941E-01   0.17068604E+03   0.72712296E+12   0.63584987E+01   0.10974855E+15   0.81542196E+12   0.76111686E+01   0.71760106E+14   0.53208396E+10
   0.60000000E+00   0.10000000E+13   0.71363691E+01   0.79346353E+14   0.14436485E+00   0.17262531E+03   0.15841488E+12   0.19709937E+16   0.20229454E-01   0.18354439E+03   0.91449843E+12   0.62170022E+01   0.10974855E+15   0.10268448E+13   0.74449229E+01   0.71760106E+14   0.53208396E+10
   0.60000000E+00   0.12589254E+13   0.69772932E+01   0.79346353E+14   0.15588158E+00   0.18639652E+03   0.20230200E+12   0.18686090E+16   0.22341269E-01   0.19737011E+03   0.11501235E+13   0.60763744E+01   0.10974855E+15   0.12930974E+13   0.72796754E+01   0.71760106E+14   0.53208396E+10
   0.60000000E+00   0.15848932E+13   0.68196193E+01   0.79346353E+14   0.16831706E+00   0.20126633E+03   0.25843196E+12   0.17704512E+16   0.24681299E-01   0.21223857E+03   0.14464154E+13   0.59370022E+01   0.10974855E+15   0.16284017E+13   0.71158799E+01   0.71760106E+14   0.53208396E+10
   0.60000000E+00   0.19952623E+13   0.66620408E+01   0.79346353E+14   0.18174458E+00   0.21732239E+03   0.33028965E+12   0.16756148E+16   0.27280616E-01   0.22822100E+03   0.18189642E+13   0.57977311E+01   0.10974855E+15   0.20506762E+13   0.69521792E+01   0.71760106E+14   0.53208396E+10
   0.60000000E+00   0.25118864E+13   0.65061296E+01   0.79346353E+14   0.19624328E+00   0.23465932E+03   0.42226915E+12   0.15849473E+16   0.30162830E-01   0.24541089E+03   0.22873980E+13   0.56599511E+01   0.10974855E+15   0.25824784E+13   0.67902054E+01   0.71760106E+14   0.53208396E+10
   0.60000000E+00   0.31622777E+13   0.63522893E+01   0.79346353E+14   0.21189862E+00   0.25337930E+03   0.54002844E+12   0.14985278E+16   0.33357836E-01   0.26390316E+03   0.28763820E+13   0.55240193E+01   0.10974855E+15   0.32522212E+13   0.66303776E+01   0.71760106E+14   0.53208396E+10
   0.60000000E+00   0.39810717E+13   0.61991346E+01   0.79346353E+14   0.22880287E+00   0.27359268E+03   0.69094796E+12   0.14154544E+16   0.36908841E-01   0.28378711E+03   0.36168756E+13   0.53887121E+01   0.10974855E+15   0.40957066E+13   0.64712569E+01   0.71760106E+14   0.53208396E+10
   0.60000000E+00   0.50118723E+13   0.60478702E+01   0.79346353E+14   0.24705566E+00   0.29541858E+03   0.88435788E+12   0.13362656E+16   0.40850027E-01   0.30517788E+03   0.45478490E+13   0.52550945E+01   0.10974855E+15   0.51580070E+13   0.63140944E+01   0.71760106E+14   0.53208396E+10
   0.60000000E+00   0.63095734E+13   0.58990312E+01   0.79346353E+14   0.26676456E+00   0.31898564E+03   0.11322527E+13   0.12610805E+16   0.45221758E-01   0.32819591E+03   0.57182561E+13   0.51236323E+01   0.10974855E+15   0.64958674E+13   0.61594374E+01   0.71760106E+14   0.53208396E+10
   0.60000000E+00   0.79432823E+13   0.57522973E+01   0.79346353E+14   0.28804575E+00   0.34443277E+03   0.14501425E+13   0.11895755E+16   0.50074906E-01   0.35296405E+03   0.71895898E+13   0.49940409E+01   0.10974855E+15   0.81807978E+13   0.60069569E+01   0.71760106E+14   0.53208396E+10
   0.60000000E+00   0.10000000E+14   0.56076571E+01   0.79346353E+14   0.31102465E+00   0.37190995E+03   0.18579549E+13   0.11215971E+16   0.55464277E-01   0.37961740E+03   0.90392531E+13   0.48663316E+01   0.10974855E+15   0.10302954E+14   0.58566599E+01   0.71760106E+14   0.53208396E+10
   0.60000000E+00   0.12589254E+14   0.54661734E+01   0.79346353E+14   0.33583669E+00   0.40157913E+03   0.23810169E+13   0.10574749E+16   0.61439084E-01   0.40831382E+03   0.11364483E+14   0.47414302E+01   0.10974855E+15   0.12975712E+14   0.57096362E+01   0.71760106E+14   0.53208396E+10
   0.60000000E+00   0.15848932E+14   0.53281211E+01   0.79346353E+14   0.36262811E+00   0.43361517E+03   0.30519348E+13   0.99713709E+15   0.68059284E-01   0.43921700E+03   0.14287456E+14   0.46195725E+01   0.10974855E+15   0.16341938E+14   0.55661714E+01   0.71760106E+14   0.53208396E+10
   0.60000000E+00   0.19952623E+14   0.51933485E+01   0.79346353E+14   0.39155683E+00   0.46820689E+03   0.39127207E+13   0.94032635E+15   0.75395831E-01   0.47249907E+03   0.17961611E+14   0.45006160E+01   0.10974855E+15   0.20581493E+14   0.54260992E+01   0.71760106E+14   0.53208396E+10
   0.60000000E+00   0.25118864E+14   0.50629502E+01   0.79346353E+14   0.42279334E+00   0.50555817E+03   0.50165171E+13   0.88730025E+15   0.83507308E-01   0.50836321E+03   0.22580477E+14   0.43855502E+01   0.10974855E+15   0.25921025E+14   0.52905685E+01   0.71760106E+14   0.53208396E+10
   0.60000000E+00   0.31622777E+14   0.49372156E+01   0.79346353E+14   0.45652175E+00   0.54588916E+03   0.64315542E+13   0.83795280E+15   0.92465427E-01   0.54702035E+03   0.28387008E+14   0.42746250E+01   0.10974855E+15   0.32646010E+14   0.51598859E+01   0.71760106E+14   0.53208396E+10
   0.60000000E+00   0.39810717E+14   0.48171996E+01   0.79346353E+14   0.49294084E+00   0.58943755E+03   0.82439564E+13   0.79245931E+15   0.10232934E+00   0.58871211E+03   0.35686930E+14   0.41687620E+01   0.10974855E+15   0.41115620E+14   0.50351401E+01   0.71760106E+14   0.53208396E+10
   0.60000000E+00   0.50118723E+14   0.47039075E+01   0.79346353E+14   0.53226528E+00   0.63646003E+03   0.10562584E+14   0.75093760E+15   0.11315386E+00   0.63370278E+03   0.44864846E+14   0.40688364E+01   0.10974855E+15   0.51782164E+14   0.49173766E+01   0.71760106E+14   0.53208396E+10
   0.60000000E+00   0.63095734E+14   0.45981625E+01   0.79346353E+14   0.57472683E+00   0.68723373E+03   0.13524792E+14   0.71341276E+15   0.12499054E+00   0.68227886E+03   0.56405579E+14   0.39755852E+01   0.10974855E+15   0.65215082E+14   0.48074520E+01   0.71760106E+14   0.53208396E+10
   0.60000000E+00   0.79432823E+14   0.45015413E+01   0.79346353E+14   0.62057575E+00   0.74205791E+03   0.17300748E+14   0.68015193E+15   0.13785851E+00   0.73476906E+03   0.70920139E+14   0.38903961E+01   0.10974855E+15   0.82130925E+14   0.47070062E+01   0.71760106E+14   0.53208396E+10
   0.60000000E+00   0.10000000E+15   0.44147009E+01   0.79346353E+14   0.67008228E+00   0.80125571E+03   0.22104277E+14   0.65108473E+15   0.15178430E+00   0.79151642E+03   0.89176479E+14   0.38138252E+01   0.10974855E+15   0.10343173E+15   0.46167233E+01   0.71760106E+14   0.53208396E+10
   0.60000000E+00   0.12589254E+15   0.43387328E+01   0.79346353E+14   0.72353821E+00   0.86517601E+03   0.28198801E+14   0.62629177E+15   0.16676257E+00   0.85290615E+03   0.11214735E+15   0.37468701E+01   0.10974855E+15   0.13025322E+15   0.45377479E+01   0.71760106E+14   0.53208396E+10
   0.60000000E+00   0.15848932E+15   0.42735303E+01   0.79346353E+14   0.78125859E+00   0.93419557E+03   0.35915546E+14   0.60548054E+15   0.18281340E+00   0.91933212E+03   0.14105159E+15   0.36893980E+01   0.10974855E+15   0.16402373E+15   0.44699601E+01   0.71760106E+14   0.53208396E+10
   0.60000000E+00   0.19952623E+15   0.42188120E+01   0.79346353E+14   0.84358362E+00   0.10087212E+04   0.45667315E+14   0.58834674E+15   0.19995762E+00   0.99121750E+03   0.17742960E+15   0.36411753E+01   0.10974855E+15   0.20654116E+15   0.44130653E+01   0.71760106E+14   0.53208396E+10
   0.60000000E+00   0.25118864E+15   0.41736082E+01   0.79346353E+14   0.91088064E+00   0.10891921E+04   0.57974372E+14   0.57441853E+15   0.21824776E+00   0.10690015E+04   0.22321863E+15   0.36013435E+01   0.10974855E+15   0.26007145E+15   0.43660684E+01   0.71760106E+14   0.53208396E+10
   0.60000000E+00   0.31622777E+15   0.41367651E+01   0.79346353E+14   0.98354629E+00   0.11760825E+04   0.73491284E+14   0.56321702E+15   0.23775734E+00   0.11531509E+04   0.28085763E+15   0.35688832E+01   0.10974855E+15   0.32746333E+15   0.43277588E+01   0.71760106E+14   0.53208396E+10
   0.60000000E+00   0.39810717E+15   0.41070692E+01   0.79346353E+14   0.10620089E+01   0.12699047E+04   0.93042393E+14   0.55428648E+15   0.25858070E+00   0.12441639E+04   0.35341704E+15   0.35427234E+01   0.10974855E+15   0.41230587E+15   0.42968794E+01   0.71760106E+14   0.53208396E+10
   0.60000000E+00   0.50118723E+15   0.40833141E+01   0.79346353E+14   0.11467308E+01   0.13712116E+04   0.11766696E+15   0.54720524E+15   0.28083335E+00   0.13425737E+04   0.44475774E+15   0.35217892E+01   0.10974855E+15   0.51911896E+15   0.42721817E+01   0.71760106E+14   0.53208396E+10
   0.60000000E+00   0.63095734E+15   0.40644786E+01   0.79346353E+14   0.12382114E+01   0.14806002E+04   0.14867257E+15   0.54163002E+15   0.30464213E+00   0.14489575E+04   0.55975271E+15   0.35052014E+01   0.10974855E+15   0.65358652E+15   0.42525932E+01   0.71760106E+14   0.53208396E+10
   0.60000000E+00   0.79432823E+15   0.40496454E+01   0.79346353E+14   0.13369899E+01   0.15987153E+04   0.18770653E+15   0.53726398E+15   0.33014988E+00   0.15639373E+04   0.70451828E+15   0.34921306E+01   0.10974855E+15   0.82287358E+15   0.42371711E+01   0.71760106E+14   0.53208396E+10
   0.60000000E+00   0.10000000E+16   0.40380449E+01   0.79346353E+14   0.14436485E+01   0.17262531E+04   0.23684284E+15   0.53386451E+15   0.35751175E+00   0.16881855E+04   0.88676942E+15   0.34819092E+01   0.10974855E+15   0.10359927E+16   0.42251099E+01   0.71760106E+14   0.53208396E+10
   0.60000000E+00   0.12589254E+16   0.40290342E+01   0.79346353E+14   0.15588158E+01   0.18639652E+04   0.29869288E+15   0.53123303E+15   0.38689565E+00   0.18224294E+04   0.11162133E+16   0.34739701E+01   0.10974855E+15   0.13042908E+16   0.42157391E+01   0.71760106E+14   0.53208396E+10
   0.60000000E+00   0.15848932E+16   0.40220760E+01   0.79346353E+14   0.16831706E+01   0.20126633E+04   0.37654504E+15   0.52920642E+15   0.41848304E+00   0.19674547E+04   0.14050791E+16   0.34678469E+01   0.10974855E+15   0.16420552E+16   0.42085015E+01   0.71760106E+14   0.53208396E+10
   0.60000000E+00   0.19952623E+16   0.40167327E+01   0.79346353E+14   0.18174458E+01   0.21732239E+04   0.47453970E+15   0.52765337E+15   0.45246869E+00   0.21241110E+04   0.17687362E+16   0.34631398E+01   0.10974855E+15   0.20672773E+16   0.42029460E+01   0.71760106E+14   0.53208396E+10
   0.60000000E+00   0.25118864E+16   0.40126500E+01   0.79346353E+14   0.19624328E+01   0.23465932E+04   0.59788995E+15   0.52646858E+15   0.48906155E+00   0.22933169E+04   0.22265578E+16   0.34595425E+01   0.10974855E+15   0.26025983E+16   0.41987011E+01   0.71760106E+14   0.53208396E+10
   0.60000000E+00   0.31622777E+16   0.40095442E+01   0.79346353E+14   0.21189862E+01   0.25337930E+04   0.75315933E+15   0.52556836E+15   0.52848557E+00   0.24760651E+04   0.28029274E+16   0.34568060E+01   0.10974855E+15   0.32765254E+16   0.41954719E+01   0.71760106E+14   0.53208396E+10
   0.60000000E+00   0.39810717E+16   0.40071903E+01   0.79346353E+14   0.22880287E+01   0.27359268E+04   0.94861141E+15   0.52488673E+15   0.57098080E+00   0.26734288E+04   0.35285401E+16   0.34547321E+01   0.10974855E+15   0.41249471E+16   0.41930244E+01   0.71760106E+14   0.53208396E+10
   0.60000000E+00   0.50118723E+16   0.40054121E+01   0.79346353E+14   0.24705566E+01   0.29541858E+04   0.11946499E+16   0.52437217E+15   0.61680459E+00   0.28865676E+04   0.44420389E+16   0.34531655E+01   0.10974855E+15   0.51930446E+16   0.41911756E+01   0.71760106E+14   0.53208396E+10
   0.60000000E+00   0.63095734E+16   0.40040725E+01   0.79346353E+14   0.26676456E+01   0.31898564E+04   0.15043728E+16   0.52398470E+15   0.66623310E+00   0.31167347E+04   0.55920725E+16   0.34519852E+01   0.10974855E+15   0.65376974E+16   0.41897827E+01   0.71760106E+14   0.53208396E+10
   0.60000000E+00   0.79432823E+16   0.40030653E+01   0.79346353E+14   0.28804575E+01   0.34443277E+04   0.18942698E+16   0.52369353E+15   0.71956295E+00   0.33652840E+04   0.70398856E+16   0.34510978E+01   0.10974855E+15   0.82305128E+16   0.41887355E+01   0.71760106E+14   0.53208396E+10
   0.60000000E+00   0.10000000E+17   0.40023094E+01   0.79346353E+14   0.31102465E+01   0.37190995E+04   0.23851004E+16   0.52347503E+15   0.77711295E+00   0.36336782E+04   0.88625807E+16   0.34504318E+01   0.10974855E+15   0.10361639E+17   0.41879495E+01   0.71760106E+14   0.53208396E+10
   0.60000000E+00   0.12589254E+17   0.40017425E+01   0.79346353E+14   0.33583669E+01   0.40157913E+04   0.30029997E+16   0.52331124E+15   0.83922612E+00   0.39234972E+04   0.11157224E+17   0.34499324E+01   0.10974855E+15   0.13044566E+17   0.41873602E+01   0.71760106E+14   0.53208396E+10
