         1        92   0.10000000E+01   0.31562220E+00   0.68437780E+00   0.82883870E+00   0.96580000E+00   0.22242000E-01  ---------------   0.27255000E+01  ---------------      0.67238290E+00                                 
   0.10000000E+01   0.10000000E+08   0.11589046E+02   0.14108486E+15   0.25673022E-02   0.40935181E+01   0.11979894E+07   0.11350286E+17   0.22152835E-03   0.48233306E+01   0.95064979E+07   0.10542822E+02   0.17814490E+15   0.10014044E+08   0.11620013E+02   0.14015646E+15   0.39373300E+10
   0.10000000E+01   0.12589254E+08   0.11480465E+02   0.14108486E+15   0.27721091E-02   0.44200791E+01   0.15156731E+07   0.11089061E+17   0.24146314E-03   0.51965194E+01   0.11965379E+08   0.10443289E+02   0.17814490E+15   0.12606954E+08   0.11511148E+02   0.14015646E+15   0.39373300E+10
   0.10000000E+01   0.15848932E+08   0.11372041E+02   0.14108486E+15   0.29932546E-02   0.47726916E+01   0.19177101E+07   0.10832009E+17   0.26321172E-03   0.55985307E+01   0.15060290E+08   0.10343921E+02   0.17814490E+15   0.15871325E+08   0.11402461E+02   0.14015646E+15   0.39373300E+10
   0.10000000E+01   0.19952623E+08   0.11263401E+02   0.14108486E+15   0.32320419E-02   0.51534339E+01   0.24265731E+07   0.10578224E+17   0.28695081E-03   0.60315393E+01   0.18955583E+08   0.10244346E+02   0.17814490E+15   0.19980960E+08   0.11293557E+02   0.14015646E+15   0.39373300E+10
   0.10000000E+01   0.25118864E+08   0.11153157E+02   0.14108486E+15   0.34898786E-02   0.55645499E+01   0.30709054E+07   0.10324539E+17   0.31290500E-03   0.64977376E+01   0.23858166E+08   0.10143298E+02   0.17814490E+15   0.25154723E+08   0.11183046E+02   0.14015646E+15   0.39373300E+10
   0.10000000E+01   0.31622777E+08   0.11043120E+02   0.14108486E+15   0.37682842E-02   0.60084628E+01   0.38865666E+07   0.10075167E+17   0.34123366E-03   0.69999079E+01   0.30028631E+08   0.10042441E+02   0.17814490E+15   0.31668154E+08   0.11072741E+02   0.14015646E+15   0.39373300E+10
   0.10000000E+01   0.39810717E+08   0.10933257E+02   0.14108486E+15   0.40688997E-02   0.64877889E+01   0.49191907E+07   0.98299910E+16   0.37215806E-03   0.75408155E+01   0.37794839E+08   0.99417475E+01   0.17814490E+15   0.39868141E+08   0.10962611E+02   0.14015646E+15   0.39373300E+10
   0.10000000E+01   0.50118723E+08   0.10822398E+02   0.14108486E+15   0.43934969E-02   0.70053533E+01   0.62269445E+07   0.95864170E+16   0.40596333E-03   0.81232402E+01   0.47569307E+08   0.98401441E+01   0.17814490E+15   0.50191234E+08   0.10851470E+02   0.14015646E+15   0.39373300E+10
   0.10000000E+01   0.63095734E+08   0.10710664E+02   0.14108486E+15   0.47439888E-02   0.75642065E+01   0.78833204E+07   0.93447829E+16   0.44292199E-03   0.87503650E+01   0.59871279E+08   0.97377420E+01   0.17814490E+15   0.63187294E+08   0.10739452E+02   0.14015646E+15   0.39373300E+10
   0.10000000E+01   0.79432823E+08   0.10599145E+02   0.14108486E+15   0.51224413E-02   0.81676423E+01   0.99809903E+07   0.91074535E+16   0.48328815E-03   0.94258158E+01   0.75354528E+08   0.96355454E+01   0.17814490E+15   0.79548596E+08   0.10627655E+02   0.14015646E+15   0.39373300E+10
   0.10000000E+01   0.10000000E+09   0.10487720E+02   0.14108486E+15   0.55310848E-02   0.88192173E+01   0.12637808E+08   0.88741315E+16   0.52738676E-03   0.10153283E+02   0.94841576E+08   0.95334413E+01   0.17814490E+15   0.10014651E+09   0.10515957E+02   0.14015646E+15   0.39373300E+10
   0.10000000E+01   0.12589254E+09   0.10374366E+02   0.14108486E+15   0.59723280E-02   0.95227718E+01   0.16004819E+08   0.86406475E+16   0.57568124E-03   0.10936278E+02   0.11936690E+09   0.94295701E+01   0.17814490E+15   0.12607796E+09   0.10402324E+02   0.14015646E+15   0.39373300E+10
   0.10000000E+01   0.15848932E+09   0.10261262E+02   0.14108486E+15   0.64487715E-02   0.10282452E+02   0.20270428E+08   0.84115499E+16   0.62845794E-03   0.11779546E+02   0.15023363E+09   0.93259303E+01   0.17814490E+15   0.15872397E+09   0.10288942E+02   0.14015646E+15   0.39373300E+10
   0.10000000E+01   0.19952623E+09   0.10148404E+02   0.14108486E+15   0.69632233E-02   0.11102737E+02   0.25674917E+08   0.81867786E+16   0.68613977E-03   0.12687716E+02   0.18908122E+09   0.92225185E+01   0.17814490E+15   0.19982319E+09   0.10175806E+02   0.14015646E+15   0.39373300E+10
   0.10000000E+01   0.25118864E+09   0.10034106E+02   0.14108486E+15   0.75187155E-02   0.11988459E+02   0.32525983E+08   0.79630103E+16   0.74931594E-03   0.13665261E+02   0.23797185E+09   0.91177893E+01   0.17814490E+15   0.25156447E+09   0.10061226E+02   0.14015646E+15   0.39373300E+10
   0.10000000E+01   0.31622777E+09   0.99195687E+01   0.14108486E+15   0.81185223E-02   0.12944841E+02   0.41209805E+08   0.77426517E+16   0.81843501E-03   0.14717816E+02   0.29950222E+09   0.90128431E+01   0.17814490E+15   0.31670341E+09   0.99464050E+01   0.14015646E+15   0.39373300E+10
   0.10000000E+01   0.39810717E+09   0.98053138E+01   0.14108486E+15   0.87661787E-02   0.13977517E+02   0.52216526E+08   0.75266768E+16   0.89402327E-03   0.15851296E+02   0.37694005E+09   0.89081584E+01   0.17814490E+15   0.39870914E+09   0.98318671E+01   0.14015646E+15   0.39373300E+10
   0.10000000E+01   0.50118723E+09   0.96899549E+01   0.14108486E+15   0.94655020E-02   0.15092576E+02   0.66174169E+08   0.73124779E+16   0.97683654E-03   0.17071375E+02   0.47439546E+09   0.88024644E+01   0.17814490E+15   0.50194910E+09   0.97162218E+01   0.14015646E+15   0.39373300E+10
   0.10000000E+01   0.63095734E+09   0.95740301E+01   0.14108486E+15   0.10220614E-01   0.16296589E+02   0.83874710E+08   0.71011093E+16   0.10675352E-02   0.18384830E+02   0.59704259E+09   0.86962544E+01   0.17814490E+15   0.63192159E+09   0.96000086E+01   0.14015646E+15   0.39373300E+10
   0.10000000E+01   0.79432823E+09   0.94584327E+01   0.14108486E+15   0.11035965E-01   0.17596652E+02   0.10631987E+09   0.68941827E+16   0.11667858E-02   0.19799164E+02   0.75139389E+09   0.85903477E+01   0.17814490E+15   0.79554863E+09   0.94841233E+01   0.14015646E+15   0.39373300E+10
   0.10000000E+01   0.10000000E+10   0.93417688E+01   0.14108486E+15   0.11916361E-01   0.19000428E+02   0.13479590E+09   0.66892100E+16   0.12756001E-02   0.21321427E+02   0.94563965E+09   0.84834665E+01   0.17814490E+15   0.10015446E+10   0.93671682E+01   0.14015646E+15   0.39373300E+10
   0.10000000E+01   0.12589254E+10   0.92245978E+01   0.14108486E+15   0.12866991E-01   0.20516190E+02   0.17092503E+09   0.64872222E+16   0.13948566E-02   0.22960073E+02   0.11900908E+10   0.83761249E+01   0.17814490E+15   0.12608809E+10   0.92497052E+01   0.14015646E+15   0.39373300E+10
   0.10000000E+01   0.15848932E+10   0.91078027E+01   0.14108486E+15   0.13893457E-01   0.22152872E+02   0.21676019E+09   0.62897177E+16   0.15254455E-02   0.24724448E+02   0.14977293E+10   0.82691410E+01   0.17814490E+15   0.15873742E+10   0.91326291E+01   0.14015646E+15   0.39373300E+10
   0.10000000E+01   0.19952623E+10   0.89896836E+01   0.14108486E+15   0.15001810E-01   0.23920121E+02   0.27494566E+09   0.60938379E+16   0.16687806E-02   0.26623124E+02   0.18848721E+10   0.81609499E+01   0.17814490E+15   0.19984111E+10   0.90142262E+01   0.14015646E+15   0.39373300E+10
   0.10000000E+01   0.25118864E+10   0.88714286E+01   0.14108486E+15   0.16198582E-01   0.25828353E+02   0.34880105E+09   0.59015930E+16   0.18259271E-02   0.28667009E+02   0.23720676E+10   0.80526395E+01   0.17814490E+15   0.25158720E+10   0.88956736E+01   0.14015646E+15   0.39373300E+10
   0.10000000E+01   0.31622777E+10   0.87535632E+01   0.14108486E+15   0.17490826E-01   0.27888814E+02   0.44254675E+09   0.57137938E+16   0.19981379E-02   0.30867543E+02   0.29851726E+10   0.79446913E+01   0.17814490E+15   0.31673223E+10   0.87775112E+01   0.14015646E+15   0.39373300E+10
   0.10000000E+01   0.39810717E+10   0.86339880E+01   0.14108486E+15   0.18886159E-01   0.30113648E+02   0.56163522E+09   0.55271271E+16   0.21874202E-02   0.33235044E+02   0.37566696E+10   0.78351644E+01   0.17814490E+15   0.39874571E+10   0.86576339E+01   0.14015646E+15   0.39373300E+10
   0.10000000E+01   0.50118723E+10   0.85149565E+01   0.14108486E+15   0.20392806E-01   0.32515970E+02   0.71285394E+09   0.53451348E+16   0.23949395E-02   0.35783944E+02   0.47275181E+10   0.77261389E+01   0.17814490E+15   0.50199549E+10   0.85383013E+01   0.14015646E+15   0.39373300E+10
   0.10000000E+01   0.63095734E+10   0.83954892E+01   0.14108486E+15   0.22019645E-01   0.35109936E+02   0.90495962E+09   0.51662811E+16   0.26227948E-02   0.38527218E+02   0.59492444E+10   0.76167369E+01   0.17814490E+15   0.63198491E+10   0.84185510E+01   0.14015646E+15   0.39373300E+10
   0.10000000E+01   0.79432823E+10   0.82752823E+01   0.14108486E+15   0.23776266E-01   0.37910837E+02   0.11490871E+10   0.49901340E+16   0.28731668E-02   0.41479285E+02   0.74866258E+10   0.75066679E+01   0.17814490E+15   0.79563037E+10   0.82980434E+01   0.14015646E+15   0.39373300E+10
   0.10000000E+01   0.10000000E+11   0.81556581E+01   0.14108486E+15   0.25673022E-01   0.40935181E+02   0.14592629E+10   0.48186056E+16   0.31478786E-02   0.44657354E+02   0.94211522E+10   0.73971205E+01   0.17814490E+15   0.10016483E+11   0.81781148E+01   0.14015646E+15   0.39373300E+10
   0.10000000E+01   0.12589254E+11   0.80345651E+01   0.14108486E+15   0.27721091E-01   0.44200791E+02   0.18536996E+10   0.46487617E+16   0.34502292E-02   0.48076286E+02   0.11855327E+11   0.72862248E+01   0.17814490E+15   0.12610123E+11   0.80567134E+01   0.14015646E+15   0.39373300E+10
   0.10000000E+01   0.15848932E+11   0.79139678E+01   0.14108486E+15   0.29932546E-01   0.47726916E+02   0.23551082E+10   0.44833690E+16   0.37822425E-02   0.51756624E+02   0.14918470E+11   0.71758175E+01   0.17814490E+15   0.15875490E+11   0.79358314E+01   0.14015646E+15   0.39373300E+10
   0.10000000E+01   0.19952623E+11   0.77928413E+01   0.14108486E+15   0.32320419E-01   0.51534339E+02   0.29928495E+10   0.43209892E+16   0.41474499E-02   0.55716916E+02   0.18772692E+11   0.70649165E+01   0.17814490E+15   0.19986244E+11   0.78143944E+01   0.14015646E+15   0.39373300E+10
   0.10000000E+01   0.25118864E+11   0.76714050E+01   0.14108486E+15   0.34898786E-01   0.55645499E+02   0.38041547E+10   0.41619198E+16   0.45492040E-02   0.59978636E+02   0.23622207E+11   0.69537234E+01   0.17814490E+15   0.25161449E+11   0.76926487E+01   0.14015646E+15   0.39373300E+10
   0.10000000E+01   0.31622777E+11   0.75502115E+01   0.14108486E+15   0.37682842E-01   0.60084628E+02   0.48363221E+10   0.40068527E+16   0.49909651E-02   0.64565504E+02   0.29724576E+11   0.68427922E+01   0.17814490E+15   0.31676956E+11   0.75711648E+01   0.14015646E+15   0.39373300E+10
   0.10000000E+01   0.39810717E+11   0.74283808E+01   0.14108486E+15   0.40688997E-01   0.64877889E+02   0.61502251E+10   0.38546441E+16   0.54775056E-02   0.69500719E+02   0.37402256E+11   0.67312507E+01   0.17814490E+15   0.39879305E+11   0.74490197E+01   0.14015646E+15   0.39373300E+10
   0.10000000E+01   0.50118723E+11   0.73073285E+01   0.14108486E+15   0.43934969E-01   0.70053533E+02   0.78223699E+10   0.37070210E+16   0.60124529E-02   0.74813252E+02   0.47062949E+11   0.66204476E+01   0.17814490E+15   0.50206042E+11   0.73276783E+01   0.14015646E+15   0.39373300E+10
   0.10000000E+01   0.63095734E+11   0.71850784E+01   0.14108486E+15   0.47439888E-01   0.75642065E+02   0.99525515E+10   0.35615559E+16   0.66025568E-02   0.80527895E+02   0.59217548E+11   0.65085462E+01   0.17814490E+15   0.63206279E+11   0.72051112E+01   0.14015646E+15   0.39373300E+10
   0.10000000E+01   0.79432823E+11   0.70637948E+01   0.14108486E+15   0.51224413E-01   0.81676423E+02   0.12664921E+11   0.34207985E+16   0.72516847E-02   0.86679617E+02   0.74510502E+11   0.63975386E+01   0.17814490E+15   0.79573402E+11   0.70835313E+01   0.14015646E+15   0.39373300E+10
   0.10000000E+01   0.10000000E+12   0.69415192E+01   0.14108486E+15   0.55310848E-01   0.88192173E+02   0.16122132E+11   0.32824404E+16   0.79681186E-02   0.93297185E+02   0.93750946E+11   0.62856292E+01   0.17814490E+15   0.10017819E+12   0.69609421E+01   0.14015646E+15   0.39373300E+10
   0.10000000E+01   0.12589254E+12   0.68204533E+01   0.14108486E+15   0.59723280E-01   0.95227718E+02   0.20526368E+11   0.31489274E+16   0.87564971E-02   0.10042135E+03   0.11795873E+12   0.61748386E+01   0.17814490E+15   0.12611938E+12   0.68395830E+01   0.14015646E+15   0.39373300E+10
   0.10000000E+01   0.15848932E+12   0.66987539E+01   0.14108486E+15   0.64487715E-01   0.10282452E+03   0.26142683E+11   0.30181653E+16   0.96268225E-02   0.10808584E+03   0.14841348E+12   0.60634641E+01   0.17814490E+15   0.15877656E+12   0.67175657E+01   0.14015646E+15   0.39373300E+10
   0.10000000E+01   0.19952623E+12   0.65780473E+01   0.14108486E+15   0.69632233E-01   0.11102737E+03   0.33302288E+11   0.28918506E+16   0.10585548E-01   0.11633639E+03   0.18673044E+12   0.59530251E+01   0.17814490E+15   0.19989199E+12   0.65965657E+01   0.14015646E+15   0.39373300E+10
   0.10000000E+01   0.25118864E+12   0.64567027E+01   0.14108486E+15   0.75187155E-01   0.11988459E+03   0.42438325E+11   0.27682252E+16   0.11644822E-01   0.12521256E+03   0.23493131E+12   0.58419804E+01   0.17814490E+15   0.25165174E+12   0.64749021E+01   0.14015646E+15   0.39373300E+10
   0.10000000E+01   0.31622777E+12   0.63368431E+01   0.14108486E+15   0.81185223E-01   0.12944841E+03   0.54089727E+11   0.26493813E+16   0.12811619E-01   0.13476918E+03   0.29557483E+12   0.57323291E+01   0.17814490E+15   0.31681747E+12   0.63547495E+01   0.14015646E+15   0.39373300E+10
   0.10000000E+01   0.39810717E+12   0.62166957E+01   0.14108486E+15   0.87661787E-01   0.13977517E+03   0.68964761E+11   0.25334764E+16   0.14101026E-01   0.14505191E+03   0.37186404E+12   0.56224208E+01   0.17814490E+15   0.39885815E+12   0.62343072E+01   0.14015646E+15   0.39373300E+10
   0.10000000E+01   0.50118723E+12   0.60977306E+01   0.14108486E+15   0.94655020E-01   0.15092576E+03   0.87949451E+11   0.24218578E+16   0.15522991E-01   0.15612198E+03   0.46783112E+12   0.55135791E+01   0.17814490E+15   0.50213812E+12   0.61150273E+01   0.14015646E+15   0.39373300E+10
   0.10000000E+01   0.63095734E+12   0.59789864E+01   0.14108486E+15   0.10220614E+00   0.16296589E+03   0.11219724E+12   0.23135329E+16   0.17094225E-01   0.16803571E+03   0.58855892E+12   0.54049692E+01   0.17814490E+15   0.63216835E+12   0.59959902E+01   0.14015646E+15   0.39373300E+10
   0.10000000E+01   0.79432823E+12   0.58617790E+01   0.14108486E+15   0.11035965E+00   0.17596652E+03   0.14315764E+12   0.22095999E+16   0.18826989E-01   0.18086395E+03   0.74043098E+12   0.52977726E+01   0.17814490E+15   0.79587057E+12   0.58784933E+01   0.14015646E+15   0.39373300E+10
   0.10000000E+01   0.10000000E+13   0.57454576E+01   0.14108486E+15   0.11916361E+00   0.19000428E+03   0.18271122E+12   0.21093561E+16   0.20740491E-01   0.19467415E+03   0.93147206E+12   0.51913891E+01   0.17814490E+15   0.10019592E+13   0.57618739E+01   0.14015646E+15   0.39373300E+10
   0.10000000E+01   0.12589254E+13   0.56300223E+01   0.14108486E+15   0.12866991E+00   0.20516190E+03   0.23325903E+12   0.20127026E+16   0.22854245E-01   0.20954196E+03   0.11717777E+13   0.50858187E+01   0.17814490E+15   0.12614129E+13   0.56461400E+01   0.14015646E+15   0.39373300E+10
   0.10000000E+01   0.15848932E+13   0.55169411E+01   0.14108486E+15   0.13893457E+00   0.22152872E+03   0.29782289E+12   0.19207194E+16   0.25183261E-01   0.22555801E+03   0.14740729E+13   0.49824201E+01   0.17814490E+15   0.15880616E+13   0.55327779E+01   0.14015646E+15   0.39373300E+10
   0.10000000E+01   0.19952623E+13   0.54046764E+01   0.14108486E+15   0.15001810E+00   0.23920121E+03   0.38037195E+12   0.18320122E+16   0.27757092E-01   0.24280212E+03   0.18543153E+13   0.48797761E+01   0.17814490E+15   0.19992982E+13   0.54202335E+01   0.14015646E+15   0.39373300E+10
   0.10000000E+01   0.25118864E+13   0.52947614E+01   0.14108486E+15   0.16198582E+00   0.25828353E+03   0.48585368E+12   0.17476541E+16   0.30593600E-01   0.26138018E+03   0.23326181E+13   0.47792890E+01   0.17814490E+15   0.25170252E+13   0.53100428E+01   0.14015646E+15   0.39373300E+10
   0.10000000E+01   0.31622777E+13   0.51873867E+01   0.14108486E+15   0.17490826E+00   0.27888814E+03   0.62063326E+12   0.16675993E+16   0.33717992E-01   0.28139857E+03   0.29342582E+13   0.46811268E+01   0.17814490E+15   0.31687899E+13   0.52023816E+01   0.14015646E+15   0.39373300E+10
   0.10000000E+01   0.39810717E+13   0.50818372E+01   0.14108486E+15   0.18886159E+00   0.30113648E+03   0.79293424E+12   0.15911467E+16   0.37164039E-01   0.30296491E+03   0.36910386E+13   0.45846476E+01   0.17814490E+15   0.39893657E+13   0.50965678E+01   0.14015646E+15   0.39373300E+10
   0.10000000E+01   0.50118723E+13   0.49800566E+01   0.14108486E+15   0.20392806E+00   0.32515970E+03   0.10129508E+13   0.15195045E+16   0.40948944E-01   0.32621808E+03   0.46430118E+13   0.44916222E+01   0.17814490E+15   0.50224386E+13   0.49945335E+01   0.14015646E+15   0.39373300E+10
   0.10000000E+01   0.63095734E+13   0.48812611E+01   0.14108486E+15   0.22019645E+00   0.35109936E+03   0.12939825E+13   0.14518954E+16   0.45110566E-01   0.35128554E+03   0.58404931E+13   0.44013330E+01   0.17814490E+15   0.63230350E+13   0.48954920E+01   0.14015646E+15   0.39373300E+10
   0.10000000E+01   0.79432823E+13   0.47861907E+01   0.14108486E+15   0.23776266E+00   0.37910837E+03   0.16527238E+13   0.13886125E+16   0.49676805E-01   0.37831932E+03   0.73468465E+13   0.43144555E+01   0.17814490E+15   0.79603318E+13   0.48001649E+01   0.14015646E+15   0.39373300E+10
   0.10000000E+01   0.10000000E+14   0.46953646E+01   0.14108486E+15   0.25673022E+00   0.40935181E+03   0.21103584E+13   0.13297653E+16   0.54677376E-01   0.40748299E+03   0.92418171E+13   0.42314654E+01   0.17814490E+15   0.10021721E+14   0.47091140E+01   0.14015646E+15   0.39373300E+10
   0.10000000E+01   0.12589254E+14   0.46094449E+01   0.14108486E+15   0.27721091E+00   0.44200791E+03   0.26936061E+13   0.12755303E+16   0.60139760E-01   0.43895642E+03   0.11625762E+14   0.41529635E+01   0.17814490E+15   0.12616930E+14   0.46229830E+01   0.14015646E+15   0.39373300E+10
   0.10000000E+01   0.15848932E+14   0.45285434E+01   0.14108486E+15   0.29932546E+00   0.47726916E+03   0.34364204E+13   0.12257240E+16   0.66097513E-01   0.47292883E+03   0.14625033E+14   0.40790575E+01   0.17814490E+15   0.15883984E+14   0.45418640E+01   0.14015646E+15   0.39373300E+10
   0.10000000E+01   0.19952623E+14   0.44534147E+01   0.14108486E+15   0.32320419E+00   0.51534339E+03   0.43812353E+13   0.11805565E+16   0.72574466E-01   0.50961426E+03   0.18398594E+14   0.40104246E+01   0.17814490E+15   0.19997287E+14   0.44665541E+01   0.14015646E+15   0.39373300E+10
   0.10000000E+01   0.25118864E+14   0.43845863E+01   0.14108486E+15   0.34898786E+00   0.55645499E+03   0.55813697E+13   0.11400856E+16   0.79594250E-01   0.54924328E+03   0.23146903E+14   0.39475587E+01   0.17814490E+15   0.25175433E+14   0.43975425E+01   0.14015646E+15   0.39373300E+10
   0.10000000E+01   0.31622777E+14   0.43225866E+01   0.14108486E+15   0.37682842E+00   0.60084628E+03   0.71034897E+13   0.11043676E+16   0.87176605E-01   0.59206734E+03   0.29122163E+14   0.38909345E+01   0.17814490E+15   0.31694425E+14   0.43353793E+01   0.14015646E+15   0.39373300E+10
   0.10000000E+01   0.39810717E+14   0.42675459E+01   0.14108486E+15   0.40688997E+00   0.64877889E+03   0.90313258E+13   0.10732402E+16   0.95345188E-01   0.63835397E+03   0.36641737E+14   0.38406603E+01   0.17814490E+15   0.39901465E+14   0.42801953E+01   0.14015646E+15   0.39373300E+10
   0.10000000E+01   0.50118723E+14   0.42197282E+01   0.14108486E+15   0.43934969E+00   0.70053533E+03   0.11469182E+14   0.10466384E+16   0.10411801E+00   0.68839627E+03   0.46106156E+14   0.37969929E+01   0.17814490E+15   0.50233664E+14   0.42322554E+01   0.14015646E+15   0.39373300E+10
   0.10000000E+01   0.63095734E+14   0.41788282E+01   0.14108486E+15   0.47439888E+00   0.75642065E+03   0.14548359E+14   0.10242085E+16   0.11352438E+00   0.74250203E+03   0.58019226E+14   0.37596508E+01   0.17814490E+15   0.63241318E+14   0.41912535E+01   0.14015646E+15   0.39373300E+10
   0.10000000E+01   0.79432823E+14   0.41446862E+01   0.14108486E+15   0.51224413E+00   0.81676423E+03   0.18432649E+14   0.10057118E+16   0.12359057E+00   0.80100720E+03   0.73014706E+14   0.37284711E+01   0.17814490E+15   0.79617222E+14   0.41570295E+01   0.14015646E+15   0.39373300E+10
   0.10000000E+01   0.10000000E+15   0.41164304E+01   0.14108486E+15   0.55310848E+00   0.88192173E+03   0.23329609E+14   0.99055956E+15   0.13436605E+00   0.86425950E+03   0.91891234E+14   0.37026655E+01   0.17814490E+15   0.10023267E+15   0.41286967E+01   0.14015646E+15   0.39373300E+10
   0.10000000E+01   0.12589254E+15   0.40933399E+01   0.14108486E+15   0.59723280E+00   0.95227718E+03   0.29499837E+14   0.97828149E+15   0.14590355E+00   0.93263581E+03   0.11565532E+15   0.36815895E+01   0.17814490E+15   0.12618658E+15   0.41055496E+01   0.14015646E+15   0.39373300E+10
   0.10000000E+01   0.15848932E+15   0.40746122E+01   0.14108486E+15   0.64487715E+00   0.10282452E+04   0.37271900E+14   0.96839194E+15   0.15826712E+00   0.10065390E+04   0.14557012E+15   0.36644829E+01   0.17814490E+15   0.15885949E+15   0.40867660E+01   0.14015646E+15   0.39373300E+10
   0.10000000E+01   0.19952623E+15   0.40594449E+01   0.14108486E+15   0.69632233E+00   0.11102737E+04   0.47060207E+14   0.96042751E+15   0.17153141E+00   0.10864013E+04   0.18323123E+15   0.36506385E+01   0.17814490E+15   0.19999510E+15   0.40715728E+01   0.14015646E+15   0.39373300E+10
   0.10000000E+01   0.25118864E+15   0.40472328E+01   0.14108486E+15   0.75187155E+00   0.11988459E+04   0.59385861E+14   0.95404403E+15   0.18577423E+00   0.11726921E+04   0.23064342E+15   0.36394930E+01   0.17814490E+15   0.25177892E+15   0.40593242E+01   0.14015646E+15   0.39373300E+10
   0.10000000E+01   0.31622777E+15   0.40374268E+01   0.14108486E+15   0.81185223E+00   0.12944841E+04   0.74905315E+14   0.94893710E+15   0.20108160E+00   0.12659174E+04   0.29033132E+15   0.36305434E+01   0.17814490E+15   0.31697088E+15   0.40494890E+01   0.14015646E+15   0.39373300E+10
   0.10000000E+01   0.39810717E+15   0.40295715E+01   0.14108486E+15   0.87661787E+00   0.13977517E+04   0.94445052E+14   0.94485812E+15   0.21754618E+00   0.13666241E+04   0.36547003E+15   0.36233626E+01   0.17814490E+15   0.39904269E+15   0.40416102E+01   0.14015646E+15   0.39373300E+10
   0.10000000E+01   0.50118723E+15   0.40232999E+01   0.14108486E+15   0.94655020E+00   0.15092576E+04   0.11904542E+15   0.94160921E+15   0.23526713E+00   0.14754039E+04   0.46006599E+15   0.36176353E+01   0.17814490E+15   0.50236731E+15   0.40353260E+01   0.14015646E+15   0.39373300E+10
   0.10000000E+01   0.63095734E+15   0.40183088E+01   0.14108486E+15   0.10220614E+01   0.16296589E+04   0.15001617E+15   0.93902858E+15   0.25435113E+00   0.15928959E+04   0.57915648E+15   0.36130804E+01   0.17814490E+15   0.63244674E+15   0.40303281E+01   0.14015646E+15   0.39373300E+10
   0.10000000E+01   0.79432823E+15   0.40143491E+01   0.14108486E+15   0.11035965E+01   0.17596652E+04   0.18900621E+15   0.93698424E+15   0.27491294E+00   0.17197909E+04   0.72908252E+15   0.36094667E+01   0.17814490E+15   0.79620628E+15   0.40263616E+01   0.14015646E+15   0.39373300E+10
   0.10000000E+01   0.10000000E+16   0.40112179E+01   0.14108486E+15   0.11916361E+01   0.19000428E+04   0.23809139E+15   0.93536960E+15   0.29707589E+00   0.18568352E+04   0.91782835E+15   0.36066092E+01   0.17814490E+15   0.10023643E+16   0.40232210E+01   0.14015646E+15   0.39373300E+10
   0.10000000E+01   0.12589254E+16   0.40087520E+01   0.14108486E+15   0.12866991E+01   0.20516190E+04   0.29988493E+15   0.93409924E+15   0.32097248E+00   0.20048350E+04   0.11554455E+16   0.36043589E+01   0.17814490E+15   0.12619019E+16   0.40207477E+01   0.14015646E+15   0.39373300E+10
   0.10000000E+01   0.15848932E+16   0.40068162E+01   0.14108486E+15   0.13893457E+01   0.22152872E+04   0.37767686E+15   0.93310270E+15   0.34674555E+00   0.21646613E+04   0.14545882E+16   0.36025923E+01   0.17814490E+15   0.15886404E+16   0.40188062E+01   0.14015646E+15   0.39373300E+10
   0.10000000E+01   0.19952623E+16   0.40053010E+01   0.14108486E+15   0.15001810E+01   0.23920121E+04   0.47560913E+15   0.93232311E+15   0.37454887E+00   0.23372547E+04   0.18311869E+16   0.36012095E+01   0.17814490E+15   0.19999798E+16   0.40172864E+01   0.14015646E+15   0.39373300E+10
   0.10000000E+01   0.25118864E+16   0.40041182E+01   0.14108486E+15   0.16198582E+01   0.25828353E+04   0.59889620E+15   0.93171483E+15   0.40454804E+00   0.25236314E+04   0.23052972E+16   0.36001301E+01   0.17814490E+15   0.25178253E+16   0.40161000E+01   0.14015646E+15   0.39373300E+10
   0.10000000E+01   0.31622777E+16   0.40031970E+01   0.14108486E+15   0.17490826E+01   0.27888814E+04   0.75410277E+15   0.93124127E+15   0.43692144E+00   0.27248888E+04   0.29021672E+16   0.35992895E+01   0.17814490E+15   0.31697543E+16   0.40151761E+01   0.14015646E+15   0.39373300E+10
   0.10000000E+01   0.39810717E+16   0.40024812E+01   0.14108486E+15   0.18886159E+01   0.30113648E+04   0.94949334E+15   0.93087339E+15   0.47186130E+00   0.29422122E+04   0.36535827E+16   0.35986363E+01   0.17814490E+15   0.39904842E+16   0.40144581E+01   0.14015646E+15   0.39373300E+10
   0.10000000E+01   0.50118723E+16   0.40019259E+01   0.14108486E+15   0.20392806E+01   0.32515970E+04   0.11954724E+16   0.93058806E+15   0.50957480E+00   0.31768814E+04   0.45995594E+16   0.35981295E+01   0.17814490E+15   0.50237220E+16   0.40139012E+01   0.14015646E+15   0.39373300E+10
   0.10000000E+01   0.63095734E+16   0.40014958E+01   0.14108486E+15   0.22019645E+01   0.35109936E+04   0.15051385E+16   0.93036714E+15   0.55028535E+00   0.34302791E+04   0.57904743E+16   0.35977371E+01   0.17814490E+15   0.63244913E+16   0.40134699E+01   0.14015646E+15   0.39373300E+10
   0.10000000E+01   0.79432823E+16   0.40011633E+01   0.14108486E+15   0.23776266E+01   0.37910837E+04   0.18949816E+16   0.93019631E+15   0.59423384E+00   0.37038979E+04   0.72897480E+16   0.35974336E+01   0.17814490E+15   0.79620628E+16   0.40131363E+01   0.14015646E+15   0.39373300E+10
   0.10000000E+01   0.10000000E+17   0.40009062E+01   0.14108486E+15   0.25673022E+01   0.40935181E+04   0.23857617E+16   0.93006424E+15   0.64168018E+00   0.39993501E+04   0.91772226E+16   0.35971990E+01   0.17814490E+15   0.10023643E+17   0.40128784E+01   0.14015646E+15   0.39373300E+10
   0.10000000E+01   0.12589254E+17   0.40007074E+01   0.14108486E+15   0.27721091E+01   0.44200791E+04   0.30036139E+16   0.92996217E+15   0.69290474E+00   0.43183764E+04   0.11553413E+17   0.35970176E+01   0.17814490E+15   0.12619019E+17   0.40126791E+01   0.14015646E+15   0.39373300E+10
