         1        92   0.80000000E+00   0.31562220E+00   0.68437780E+00   0.82883870E+00   0.96580000E+00   0.22242000E-01  ---------------   0.27255000E+01  ---------------      0.67238290E+00                                 
   0.80000000E+00   0.10000000E+08   0.13093593E+02   0.10691838E+15   0.28159159E-02   0.39086372E+01   0.11251241E+07   0.11650904E+17   0.21506060E-03   0.47441126E+01   0.94570703E+07   0.11743148E+02   0.14016250E+15   0.10091475E+08   0.13333606E+02   0.10217406E+15   0.45488828E+10
   0.80000000E+00   0.12589254E+08   0.12969108E+02   0.10691838E+15   0.30405560E-02   0.42204494E+01   0.14232787E+07   0.11376351E+17   0.23444605E-03   0.51104451E+01   0.11902931E+08   0.11630585E+02   0.14016250E+15   0.12704871E+08   0.13206997E+02   0.10217406E+15   0.45488828E+10
   0.80000000E+00   0.15848932E+08   0.12844530E+02   0.10691838E+15   0.32831169E-02   0.45571364E+01   0.18005640E+07   0.11105701E+17   0.25560428E-03   0.55049760E+01   0.14981280E+08   0.11517937E+02   0.14016250E+15   0.15995067E+08   0.13080293E+02   0.10217406E+15   0.45488828E+10
   0.80000000E+00   0.19952623E+08   0.12717799E+02   0.10691838E+15   0.35450280E-02   0.49206827E+01   0.22782045E+07   0.10834562E+17   0.27874540E-03   0.59296314E+01   0.18855608E+08   0.11403347E+02   0.14016250E+15   0.20137360E+08   0.12951400E+02   0.10217406E+15   0.45488828E+10
   0.80000000E+00   0.25118864E+08   0.12591325E+02   0.10691838E+15   0.38278332E-02   0.53132310E+01   0.28827181E+07   0.10568156E+17   0.30400559E-03   0.63869793E+01   0.23731807E+08   0.11288993E+02   0.14016250E+15   0.25352423E+08   0.12822770E+02   0.10217406E+15   0.45488828E+10
   0.80000000E+00   0.31622777E+08   0.12465216E+02   0.10691838E+15   0.41331992E-02   0.57370949E+01   0.36478383E+07   0.10306656E+17   0.33157862E-03   0.68795453E+01   0.29869024E+08   0.11174986E+02   0.14016250E+15   0.31918179E+08   0.12694524E+02   0.10217406E+15   0.45488828E+10
   0.80000000E+00   0.39810717E+08   0.12338047E+02   0.10691838E+15   0.44629259E-02   0.61947726E+01   0.46165675E+07   0.10047111E+17   0.36172060E-03   0.74098288E+01   0.37593116E+08   0.11060023E+02   0.14016250E+15   0.40184363E+08   0.12565199E+02   0.10217406E+15   0.45488828E+10
   0.80000000E+00   0.50118723E+08   0.12209761E+02   0.10691838E+15   0.48189565E-02   0.66889615E+01   0.58432654E+07   0.97894845E+16   0.39468066E-03   0.79806834E+01   0.47314311E+08   0.10944053E+02   0.14016250E+15   0.50591368E+08   0.12434735E+02   0.10217406E+15   0.45488828E+10
   0.80000000E+00   0.63095734E+08   0.12081719E+02   0.10691838E+15   0.52033896E-02   0.72225745E+01   0.73964142E+07   0.95365242E+16   0.43068289E-03   0.85954181E+01   0.59549050E+08   0.10828306E+02   0.14016250E+15   0.63693605E+08   0.12304517E+02   0.10217406E+15   0.45488828E+10
   0.80000000E+00   0.79432823E+08   0.11953942E+02   0.10691838E+15   0.56184908E-02   0.77987566E+01   0.93630274E+07   0.92882191E+16   0.47001155E-03   0.92574011E+01   0.74947174E+08   0.10712802E+02   0.14016250E+15   0.80188969E+08   0.12174560E+02   0.10217406E+15   0.45488828E+10
   0.80000000E+00   0.10000000E+09   0.11823961E+02   0.10691838E+15   0.60667068E-02   0.84209037E+01   0.11854652E+08   0.90398343E+16   0.51308585E-03   0.99697575E+01   0.94325889E+08   0.10595305E+02   0.14016250E+15   0.10095649E+09   0.12042361E+02   0.10217406E+15   0.45488828E+10
   0.80000000E+00   0.12589254E+09   0.11694256E+02   0.10691838E+15   0.65506793E-02   0.90926826E+01   0.15010438E+08   0.87961760E+16   0.56016212E-03   0.10736804E+02   0.11871465E+09   0.10478060E+02   0.14016250E+15   0.12710254E+09   0.11910443E+02   0.10217406E+15   0.45488828E+10
   0.80000000E+00   0.15848932E+09   0.11564831E+02   0.10691838E+15   0.70732609E-02   0.98180529E+01   0.19007746E+08   0.85571920E+16   0.61161815E-03   0.11562728E+02   0.14940864E+09   0.10361073E+02   0.14016250E+15   0.16002012E+09   0.11778810E+02   0.10217406E+15   0.45488828E+10
   0.80000000E+00   0.19952623E+09   0.11433712E+02   0.10691838E+15   0.76375314E-02   0.10601290E+02   0.24073598E+08   0.83192741E+16   0.66798356E-03   0.12451533E+02   0.18803694E+09   0.10242559E+02   0.14016250E+15   0.20146320E+09   0.11645453E+02   0.10217406E+15   0.45488828E+10
   0.80000000E+00   0.25118864E+09   0.11302278E+02   0.10691838E+15   0.82468167E-02   0.11447009E+02   0.30492921E+08   0.80849949E+16   0.72965967E-03   0.13408325E+02   0.23665074E+09   0.10123767E+02   0.14016250E+15   0.25363980E+09   0.11511777E+02   0.10217406E+15   0.45488828E+10
   0.80000000E+00   0.31622777E+09   0.11171311E+02   0.10691838E+15   0.89047078E-02   0.12360196E+02   0.38626915E+08   0.78557054E+16   0.79710499E-03   0.14438512E+02   0.29783141E+09   0.10005401E+02   0.14016250E+15   0.31932981E+09   0.11378575E+02   0.10217406E+15   0.45488828E+10
   0.80000000E+00   0.39810717E+09   0.11039025E+02   0.10691838E+15   0.96150824E-02   0.13346233E+02   0.48938685E+08   0.76282902E+16   0.87100828E-03   0.15547129E+02   0.37482555E+09   0.98858487E+01   0.14016250E+15   0.40203355E+09   0.11244032E+02   0.10217406E+15   0.45488828E+10
   0.80000000E+00   0.50118723E+09   0.10906152E+02   0.10691838E+15   0.10382127E-01   0.14410931E+02   0.62011585E+08   0.74040647E+16   0.95195144E-03   0.16740338E+02   0.47171934E+09   0.97657653E+01   0.14016250E+15   0.50615764E+09   0.11108891E+02   0.10217406E+15   0.45488828E+10
   0.80000000E+00   0.63095734E+09   0.10773655E+02   0.10691838E+15   0.11210363E-01   0.15560565E+02   0.78583730E+08   0.71846325E+16   0.10405348E-02   0.18024915E+02   0.59365694E+09   0.96460258E+01   0.14016250E+15   0.63724985E+09   0.10974133E+02   0.10217406E+15   0.45488828E+10
   0.80000000E+00   0.79432823E+09   0.10639829E+02   0.10691838E+15   0.12104672E-01   0.16801912E+02   0.99602553E+08   0.69671814E+16   0.11376754E-02   0.19407127E+02   0.74710685E+09   0.95250892E+01   0.14016250E+15   0.80229561E+09   0.10838022E+02   0.10217406E+15   0.45488828E+10
   0.80000000E+00   0.10000000E+10   0.10505530E+02   0.10691838E+15   0.13070324E-01   0.18142287E+02   0.12626124E+09   0.67531541E+16   0.12441375E-02   0.20894695E+02   0.94021256E+09   0.94037300E+01   0.14016250E+15   0.10100863E+10   0.10701419E+02   0.10217406E+15   0.45488828E+10
   0.80000000E+00   0.12589254E+10   0.10371666E+02   0.10691838E+15   0.14113011E-01   0.19589591E+02   0.16007101E+09   0.65439646E+16   0.13607275E-02   0.22496034E+02   0.11832228E+10   0.92827685E+01   0.14016250E+15   0.12716949E+10   0.10565257E+02   0.10217406E+15   0.45488828E+10
   0.80000000E+00   0.15848932E+10   0.10236144E+02   0.10691838E+15   0.15238879E-01   0.21152354E+02   0.20297772E+09   0.63363660E+16   0.14887324E-02   0.24218714E+02   0.14890230E+10   0.91603140E+01   0.14016250E+15   0.16010612E+10   0.10427406E+02   0.10217406E+15   0.45488828E+10
   0.80000000E+00   0.19952623E+10   0.10100617E+02   0.10691838E+15   0.16454563E-01   0.22839786E+02   0.25741964E+09   0.61329323E+16   0.16290650E-02   0.26072749E+02   0.18738488E+10   0.90378739E+01   0.14016250E+15   0.20157435E+10   0.10289563E+02   0.10217406E+15   0.45488828E+10
   0.80000000E+00   0.25118864E+10   0.99653787E+01   0.10691838E+15   0.17767228E-01   0.24661834E+02   0.32650315E+09   0.59340546E+16   0.17828954E-02   0.28068290E+02   0.23581145E+10   0.89157034E+01   0.14016250E+15   0.25378364E+10   0.10152015E+02   0.10217406E+15   0.45488828E+10
   0.80000000E+00   0.31622777E+10   0.98283340E+01   0.10691838E+15   0.19184611E-01   0.26629236E+02   0.41422731E+09   0.57366875E+16   0.19519698E-02   0.30214681E+02   0.29674712E+10   0.87918902E+01   0.14016250E+15   0.31951639E+10   0.10012631E+02   0.10217406E+15   0.45488828E+10
   0.80000000E+00   0.39810717E+10   0.96919053E+01   0.10691838E+15   0.20715067E-01   0.28753587E+02   0.52558069E+09   0.55443371E+16   0.21373576E-02   0.32524926E+02   0.37342583E+10   0.86686364E+01   0.14016250E+15   0.40227381E+10   0.98738605E+01   0.10217406E+15   0.45488828E+10
   0.80000000E+00   0.50118723E+10   0.95547369E+01   0.10691838E+15   0.22367615E-01   0.31047409E+02   0.66699950E+09   0.53550612E+16   0.23409975E-02   0.35010433E+02   0.46991239E+10   0.85447206E+01   0.14016250E+15   0.50646488E+10   0.97343229E+01   0.10217406E+15   0.45488828E+10
   0.80000000E+00   0.63095734E+10   0.94169161E+01   0.10691838E+15   0.24151995E-01   0.33524221E+02   0.84663887E+09   0.51690061E+16   0.25647457E-02   0.37684447E+02   0.59132654E+10   0.84202438E+01   0.14016250E+15   0.63764771E+10   0.95941434E+01   0.10217406E+15   0.45488828E+10
   0.80000000E+00   0.79432823E+10   0.92797205E+01   0.10691838E+15   0.26078724E-01   0.36198622E+02   0.10747980E+10   0.49878604E+16   0.28102920E-02   0.40562332E+02   0.74410022E+10   0.82963210E+01   0.14016250E+15   0.80281153E+10   0.94546038E+01   0.10217406E+15   0.45488828E+10
   0.80000000E+00   0.10000000E+11   0.91406441E+01   0.10691838E+15   0.28159159E-01   0.39086372E+02   0.13648390E+10   0.48083331E+16   0.30806537E-02   0.43657059E+02   0.93632538E+10   0.81706995E+01   0.14016250E+15   0.10107531E+11   0.93131313E+01   0.10217406E+15   0.45488828E+10
   0.80000000E+00   0.12589254E+11   0.90023392E+01   0.10691838E+15   0.30405560E-01   0.42204494E+02   0.17333808E+10   0.46338592E+16   0.33775177E-02   0.46987612E+02   0.11782035E+11   0.80457954E+01   0.14016250E+15   0.12725564E+11   0.91724416E+01   0.10217406E+15   0.45488828E+10
   0.80000000E+00   0.15848932E+11   0.88631445E+01   0.10691838E+15   0.32831169E-01   0.45571364E+02   0.22019802E+10   0.44623089E+16   0.37042349E-02   0.50569965E+02   0.14825404E+11   0.79200911E+01   0.14016250E+15   0.16021871E+11   0.90308676E+01   0.10217406E+15   0.45488828E+10
   0.80000000E+00   0.19952623E+11   0.87238378E+01   0.10691838E+15   0.35450280E-01   0.49206827E+02   0.27978334E+10   0.42946457E+16   0.40636107E-02   0.54423953E+02   0.18654568E+11   0.77942828E+01   0.14016250E+15   0.20171905E+11   0.88891546E+01   0.10217406E+15   0.45488828E+10
   0.80000000E+00   0.25118864E+11   0.85845618E+01   0.10691838E+15   0.38278332E-01   0.53132310E+02   0.35556468E+10   0.41310053E+16   0.44589733E-02   0.58570249E+02   0.23472610E+11   0.76685296E+01   0.14016250E+15   0.25397036E+11   0.87474818E+01   0.10217406E+15   0.45488828E+10
   0.80000000E+00   0.31622777E+11   0.84445736E+01   0.10691838E+15   0.41331992E-01   0.57370949E+02   0.45199098E+10   0.39705043E+16   0.48945032E-02   0.63029778E+02   0.29534298E+11   0.75421202E+01   0.14016250E+15   0.31975837E+11   0.86050937E+01   0.10217406E+15   0.45488828E+10
   0.80000000E+00   0.39810717E+11   0.83051412E+01   0.10691838E+15   0.44629259E-01   0.61947726E+02   0.57467334E+10   0.38145635E+16   0.53736906E-02   0.67828061E+02   0.37161125E+11   0.74162349E+01   0.14016250E+15   0.40258497E+11   0.84632424E+01   0.10217406E+15   0.45488828E+10
   0.80000000E+00   0.50118723E+11   0.81646051E+01   0.10691838E+15   0.48189565E-01   0.66889615E+02   0.73088346E+10   0.36613094E+16   0.59022530E-02   0.72987814E+02   0.46756331E+11   0.72893505E+01   0.14016250E+15   0.50687380E+11   0.83203010E+01   0.10217406E+15   0.45488828E+10
   0.80000000E+00   0.63095734E+11   0.80250141E+01   0.10691838E+15   0.52033896E-01   0.72225745E+02   0.92971722E+10   0.35129423E+16   0.64839632E-02   0.78539905E+02   0.58828558E+11   0.71633369E+01   0.14016250E+15   0.63817124E+11   0.81782827E+01   0.10217406E+15   0.45488828E+10
   0.80000000E+00   0.79432823E+11   0.78841747E+01   0.10691838E+15   0.56184908E-01   0.77987566E+02   0.11830549E+11   0.33671026E+16   0.71262891E-02   0.84509578E+02   0.74015794E+11   0.70361952E+01   0.14016250E+15   0.80349326E+11   0.80350310E+01   0.10217406E+15   0.45488828E+10
   0.80000000E+00   0.10000000E+12   0.77444597E+01   0.10691838E+15   0.60667068E-01   0.84209037E+02   0.15056940E+11   0.32262115E+16   0.78336088E-02   0.90933231E+02   0.93122923E+11   0.69100868E+01   0.14016250E+15   0.10116318E+12   0.78928864E+01   0.10217406E+15   0.45488828E+10
   0.80000000E+00   0.12589254E+12   0.76035824E+01   0.10691838E+15   0.65506793E-01   0.90926826E+02   0.19170302E+11   0.30879230E+16   0.86152539E-02   0.97839817E+02   0.11715921E+12   0.67829285E+01   0.14016250E+15   0.12737024E+12   0.77495798E+01   0.10217406E+15   0.45488828E+10
   0.80000000E+00   0.15848932E+12   0.74638343E+01   0.10691838E+15   0.70732609E-01   0.98180529E+02   0.24412229E+11   0.29544466E+16   0.94767121E-02   0.10527132E+03   0.14739789E+12   0.66568063E+01   0.14016250E+15   0.16036649E+12   0.76074149E+01   0.10217406E+15   0.45488828E+10
   0.80000000E+00   0.19952623E+12   0.73234222E+01   0.10691838E+15   0.76375314E-01   0.10601290E+03   0.31098628E+11   0.28240097E+16   0.10428910E-01   0.11326255E+03   0.18543661E+12   0.65300935E+01   0.14016250E+15   0.20191041E+12   0.74645600E+01   0.10217406E+15   0.45488828E+10
   0.80000000E+00   0.25118864E+12   0.71841075E+01   0.10691838E+15   0.82468167E-01   0.11447009E+03   0.39625191E+11   0.26981902E+16   0.11479250E-01   0.12186083E+03   0.23328760E+12   0.64043768E+01   0.14016250E+15   0.25422007E+12   0.73228477E+01   0.10217406E+15   0.45488828E+10
   0.80000000E+00   0.31622777E+12   0.70444150E+01   0.10691838E+15   0.89047078E-01   0.12360196E+03   0.50507824E+11   0.25755869E+16   0.12640805E-01   0.13110739E+03   0.29347936E+12   0.62783323E+01   0.14016250E+15   0.32008051E+12   0.71807298E+01   0.10217406E+15   0.45488828E+10
   0.80000000E+00   0.39810717E+12   0.69054602E+01   0.10691838E+15   0.96150824E-01   0.13346233E+03   0.64397112E+11   0.24571237E+16   0.13923883E-01   0.14105491E+03   0.36919387E+12   0.61529629E+01   0.14016250E+15   0.40300369E+12   0.70393551E+01   0.10217406E+15   0.45488828E+10
   0.80000000E+00   0.50118723E+12   0.67667589E+01   0.10691838E+15   0.10382127E+00   0.14410931E+03   0.82133331E+11   0.23423095E+16   0.15342836E-01   0.15175468E+03   0.46443146E+12   0.60278359E+01   0.14016250E+15   0.50741352E+12   0.68982451E+01   0.10217406E+15   0.45488828E+10
   0.80000000E+00   0.63095734E+12   0.66287567E+01   0.10691838E+15   0.11210363E+00   0.15560565E+03   0.10478660E+12   0.22314373E+16   0.16911713E-01   0.16326544E+03   0.58422248E+12   0.59033473E+01   0.14016250E+15   0.63887995E+12   0.67578581E+01   0.10217406E+15   0.45488828E+10
   0.80000000E+00   0.79432823E+12   0.64919490E+01   0.10691838E+15   0.12104672E+00   0.16801912E+03   0.13372397E+12   0.21247963E+16   0.18645666E-01   0.17565110E+03   0.73489584E+12   0.57799472E+01   0.14016250E+15   0.80440521E+12   0.66186686E+01   0.10217406E+15   0.45488828E+10
   0.80000000E+00   0.10000000E+13   0.63551202E+01   0.10691838E+15   0.13070324E+00   0.18142287E+03   0.17072178E+12   0.20213568E+16   0.20566603E-01   0.18897240E+03   0.92440138E+12   0.56565393E+01   0.14016250E+15   0.10128194E+13   0.64794531E+01   0.10217406E+15   0.45488828E+10
   0.80000000E+00   0.12589254E+13   0.62196545E+01   0.10691838E+15   0.14113011E+00   0.19589591E+03   0.21801667E+12   0.19220790E+16   0.22690988E-01   0.20330748E+03   0.11627485E+13   0.55343723E+01   0.14016250E+15   0.12752367E+13   0.63416231E+01   0.10217406E+15   0.45488828E+10
   0.80000000E+00   0.15848932E+13   0.60854244E+01   0.10691838E+15   0.15238879E+00   0.21152354E+03   0.27849776E+12   0.18267413E+16   0.25041604E-01   0.21873334E+03   0.14625163E+13   0.54133314E+01   0.14016250E+15   0.16056516E+13   0.62050490E+01   0.10217406E+15   0.45488828E+10
   0.80000000E+00   0.19952623E+13   0.59523041E+01   0.10691838E+15   0.16454563E+00   0.22839786E+03   0.35587368E+12   0.17351377E+16   0.27644022E-01   0.23533283E+03   0.18395203E+13   0.52933037E+01   0.14016250E+15   0.20216862E+13   0.60696027E+01   0.10217406E+15   0.45488828E+10
   0.80000000E+00   0.25118864E+13   0.58208511E+01   0.10691838E+15   0.17767228E+00   0.24661834E+03   0.45487224E+12   0.16475235E+16   0.30523420E-01   0.25319978E+03   0.23136551E+13   0.51747916E+01   0.14016250E+15   0.25455277E+13   0.59358512E+01   0.10217406E+15   0.45488828E+10
   0.80000000E+00   0.31622777E+13   0.56908543E+01   0.10691838E+15   0.19184611E+00   0.26629236E+03   0.58158961E+12   0.15636221E+16   0.33711303E-01   0.27243052E+03   0.29099305E+13   0.50576082E+01   0.14016250E+15   0.32051213E+13   0.58035830E+01   0.10217406E+15   0.45488828E+10
   0.80000000E+00   0.39810717E+13   0.55629525E+01   0.10691838E+15   0.20715067E+00   0.28753587E+03   0.74378465E+12   0.14836997E+16   0.37237540E-01   0.29313543E+03   0.36598003E+13   0.49423253E+01   0.14016250E+15   0.40356401E+13   0.56734435E+01   0.10217406E+15   0.45488828E+10
   0.80000000E+00   0.50118723E+13   0.54372415E+01   0.10691838E+15   0.22367615E+00   0.31047409E+03   0.95143022E+12   0.14076528E+16   0.41137799E-01   0.31543011E+03   0.46028106E+13   0.48290292E+01   0.14016250E+15   0.50813796E+13   0.55455302E+01   0.10217406E+15   0.45488828E+10
   0.80000000E+00   0.63095734E+13   0.53141545E+01   0.10691838E+15   0.24151995E+00   0.33524221E+03   0.12172543E+13   0.13355698E+16   0.45448425E-01   0.33944268E+03   0.57887035E+13   0.47181106E+01   0.14016250E+15   0.63981140E+13   0.54202844E+01   0.10217406E+15   0.45488828E+10
   0.80000000E+00   0.79432823E+13   0.51937644E+01   0.10691838E+15   0.26078724E+00   0.36198622E+03   0.15575931E+13   0.12673118E+16   0.50211604E-01   0.36530883E+03   0.72800167E+13   0.46096351E+01   0.14016250E+15   0.80560734E+13   0.52977805E+01   0.10217406E+15   0.45488828E+10
   0.80000000E+00   0.10000000E+14   0.50767401E+01   0.10691838E+15   0.28159159E+00   0.39086372E+03   0.19932006E+13   0.12030635E+16   0.55467009E-01   0.39318174E+03   0.91554403E+13   0.45042053E+01   0.14016250E+15   0.10143684E+14   0.51786998E+01   0.10217406E+15   0.45488828E+10
   0.80000000E+00   0.12589254E+14   0.49638618E+01   0.10691838E+15   0.30405560E+00   0.42204494E+03   0.25504428E+13   0.11430293E+16   0.61253841E-01   0.42322989E+03   0.11513987E+14   0.44025243E+01   0.14016250E+15   0.12772283E+14   0.50638376E+01   0.10217406E+15   0.45488828E+10
   0.80000000E+00   0.15848932E+14   0.48544752E+01   0.10691838E+15   0.32831169E+00   0.45571364E+03   0.32634592E+13   0.10866452E+16   0.67630727E-01   0.45561947E+03   0.14480040E+14   0.43040011E+01   0.14016250E+15   0.16082074E+14   0.49525273E+01   0.10217406E+15   0.45488828E+10
   0.80000000E+00   0.19952623E+14   0.47506139E+01   0.10691838E+15   0.35450280E+00   0.49206827E+03   0.41743808E+13   0.10347227E+16   0.74622525E-01   0.49056467E+03   0.18210480E+14   0.42104680E+01   0.14016250E+15   0.20249460E+14   0.48468337E+01   0.10217406E+15   0.45488828E+10
   0.80000000E+00   0.25118864E+14   0.46519482E+01   0.10691838E+15   0.38278332E+00   0.53132310E+03   0.53377438E+13   0.98683618E+15   0.82284520E-01   0.52826884E+03   0.22902367E+14   0.41216252E+01   0.14016250E+15   0.25496620E+14   0.47464216E+01   0.10217406E+15   0.45488828E+10
   0.80000000E+00   0.31622777E+14   0.45599417E+01   0.10691838E+15   0.41331992E+00   0.57370949E+03   0.68210173E+13   0.94343018E+15   0.90641493E-01   0.56897902E+03   0.28803843E+14   0.40387746E+01   0.14016250E+15   0.32103237E+14   0.46527831E+01   0.10217406E+15   0.45488828E+10
   0.80000000E+00   0.39810717E+14   0.44747645E+01   0.10691838E+15   0.44629259E+00   0.61947726E+03   0.87101039E+13   0.90430850E+15   0.99735437E-01   0.61294587E+03   0.36227738E+14   0.39620878E+01   0.14016250E+15   0.40421741E+14   0.45661036E+01   0.10217406E+15   0.45488828E+10
   0.80000000E+00   0.50118723E+14   0.43975411E+01   0.10691838E+15   0.48189565E+00   0.66889615E+03   0.11111278E+14   0.86971398E+15   0.10958298E+00   0.66045868E+03   0.45568369E+14   0.38925832E+01   0.14016250E+15   0.50894966E+14   0.44875099E+01   0.10217406E+15   0.45488828E+10
   0.80000000E+00   0.63095734E+14   0.43286417E+01   0.10691838E+15   0.52033896E+00   0.72225745E+03   0.14158119E+14   0.83954352E+15   0.12020837E+00   0.71182073E+03   0.57320660E+14   0.38305594E+01   0.14016250E+15   0.64081441E+14   0.44173957E+01   0.10217406E+15   0.45488828E+10
   0.80000000E+00   0.79432823E+14   0.42688353E+01   0.10691838E+15   0.56184908E+00   0.77987566E+03   0.18015668E+14   0.81388175E+15   0.13161648E+00   0.76737077E+03   0.72110454E+14   0.37767275E+01   0.14016250E+15   0.80682379E+14   0.43565182E+01   0.10217406E+15   0.45488828E+10
   0.80000000E+00   0.10000000E+15   0.42176782E+01   0.10691838E+15   0.60667068E+00   0.84209037E+03   0.22892640E+14   0.79231694E+15   0.14383996E+00   0.82745304E+03   0.90724797E+14   0.37306882E+01   0.14016250E+15   0.10158298E+15   0.43044500E+01   0.10217406E+15   0.45488828E+10
   0.80000000E+00   0.12589254E+15   0.41749866E+01   0.10691838E+15   0.65506793E+00   0.90926826E+03   0.29048555E+14   0.77459115E+15   0.15690300E+00   0.89244579E+03   0.11415524E+15   0.36922737E+01   0.14016250E+15   0.12789680E+15   0.42610068E+01   0.10217406E+15   0.45488828E+10
   0.80000000E+00   0.15848932E+15   0.41397445E+01   0.10691838E+15   0.70732609E+00   0.98180529E+03   0.36812209E+14   0.76014285E+15   0.17086226E+00   0.96273790E+03   0.14364952E+15   0.36605676E+01   0.14016250E+15   0.16102424E+15   0.42251409E+01   0.10217406E+15   0.45488828E+10
   0.80000000E+00   0.19952623E+15   0.41110377E+01   0.10691838E+15   0.76375314E+00   0.10601290E+04   0.46596436E+14   0.74849655E+15   0.18578111E+00   0.10387494E+04   0.18077776E+15   0.36347395E+01   0.14016250E+15   0.20272835E+15   0.41959167E+01   0.10217406E+15   0.45488828E+10
   0.80000000E+00   0.25118864E+15   0.40878434E+01   0.10691838E+15   0.82468167E+00   0.11447009E+04   0.58921934E+14   0.73916686E+15   0.20174003E+00   0.11209278E+04   0.22751659E+15   0.36138666E+01   0.14016250E+15   0.25523355E+15   0.41723181E+01   0.10217406E+15   0.45488828E+10
   0.80000000E+00   0.31622777E+15   0.40691912E+01   0.10691838E+15   0.89047078E+00   0.12360196E+04   0.74444996E+14   0.73171596E+15   0.21883238E+00   0.12097543E+04   0.28635640E+15   0.35970839E+01   0.14016250E+15   0.32133004E+15   0.41533237E+01   0.10217406E+15   0.45488828E+10
   0.80000000E+00   0.39810717E+15   0.40542820E+01   0.10691838E+15   0.96150824E+00   0.13346233E+04   0.93991468E+14   0.72579343E+15   0.23715870E+00   0.13057496E+04   0.36043262E+15   0.35836767E+01   0.14016250E+15   0.40454470E+15   0.41381545E+01   0.10217406E+15   0.45488828E+10
   0.80000000E+00   0.50118723E+15   0.40424208E+01   0.10691838E+15   0.10382127E+01   0.14410931E+04   0.11860139E+15   0.72110267E+15   0.25682945E+00   0.14094760E+04   0.45368469E+15   0.35730005E+01   0.14016250E+15   0.50930582E+15   0.41260863E+01   0.10217406E+15   0.45488828E+10
   0.80000000E+00   0.63095734E+15   0.40330292E+01   0.10691838E+15   0.11210363E+01   0.15560565E+04   0.14958415E+15   0.71740173E+15   0.27796384E+00   0.15215416E+04   0.57108215E+15   0.35645475E+01   0.14016250E+15   0.64118896E+15   0.41165237E+01   0.10217406E+15   0.45488828E+10
   0.80000000E+00   0.79432823E+15   0.40256292E+01   0.10691838E+15   0.12104672E+01   0.16801912E+04   0.18858816E+15   0.71449381E+15   0.30069017E+00   0.16426037E+04   0.71887859E+15   0.35578896E+01   0.14016250E+15   0.80721764E+15   0.41089851E+01   0.10217406E+15   0.45488828E+10
   0.80000000E+00   0.10000000E+16   0.40198243E+01   0.10691838E+15   0.13070324E+01   0.18142287E+04   0.23768886E+15   0.71221772E+15   0.32514664E+00   0.17733726E+04   0.90494912E+15   0.35526735E+01   0.14016250E+15   0.10162409E+16   0.41030788E+01   0.10217406E+15   0.45488828E+10
   0.80000000E+00   0.12589254E+16   0.40152904E+01   0.10691838E+15   0.14113011E+01   0.19589591E+04   0.29949921E+15   0.71044311E+15   0.35148169E+00   0.19146160E+04   0.11391990E+16   0.35485997E+01   0.14016250E+15   0.12793853E+16   0.40984658E+01   0.10217406E+15   0.45488828E+10
   0.80000000E+00   0.15848932E+16   0.40117641E+01   0.10691838E+15   0.15238879E+01   0.21152354E+04   0.37730885E+15   0.70906473E+15   0.37985480E+00   0.20671638E+04   0.14340979E+16   0.35454266E+01   0.14016250E+15   0.16106642E+16   0.40948779E+01   0.10217406E+15   0.45488828E+10
   0.80000000E+00   0.19952623E+16   0.40090324E+01   0.10691838E+15   0.16454563E+01   0.22839786E+04   0.47525933E+15   0.70799808E+15   0.41043726E+00   0.22319124E+04   0.18053543E+16   0.35429679E+01   0.14016250E+15   0.20277193E+16   0.40920985E+01   0.10217406E+15   0.45488828E+10
   0.80000000E+00   0.25118864E+16   0.40069234E+01   0.10691838E+15   0.17767228E+01   0.24661834E+04   0.59856483E+15   0.70717526E+15   0.44341321E+00   0.24098304E+04   0.22727403E+16   0.35410698E+01   0.14016250E+15   0.25527602E+16   0.40899528E+01   0.10217406E+15   0.45488828E+10
   0.80000000E+00   0.31622777E+16   0.40053004E+01   0.10691838E+15   0.19184611E+01   0.26629236E+04   0.75378976E+15   0.70654242E+15   0.47898059E+00   0.26019645E+04   0.28611464E+16   0.35396090E+01   0.14016250E+15   0.32137472E+16   0.40883014E+01   0.10217406E+15   0.45488828E+10
   0.80000000E+00   0.39810717E+16   0.40040547E+01   0.10691838E+15   0.20715067E+01   0.28753587E+04   0.94919839E+15   0.70605697E+15   0.51735224E+00   0.28094450E+04   0.36019080E+16   0.35384879E+01   0.14016250E+15   0.40458801E+16   0.40870340E+01   0.10217406E+15   0.45488828E+10
   0.80000000E+00   0.50118723E+16   0.40031010E+01   0.10691838E+15   0.22367615E+01   0.31047409E+04   0.11951950E+16   0.70568543E+15   0.55875719E+00   0.30334932E+04   0.45344737E+16   0.35376296E+01   0.14016250E+15   0.50934729E+16   0.40860636E+01   0.10217406E+15   0.45488828E+10
   0.80000000E+00   0.63095734E+16   0.40023722E+01   0.10691838E+15   0.24151995E+01   0.33524221E+04   0.15048779E+16   0.70540159E+15   0.60344200E+00   0.32754281E+04   0.57085067E+16   0.35369736E+01   0.14016250E+15   0.64123136E+16   0.40853221E+01   0.10217406E+15   0.45488828E+10
   0.80000000E+00   0.79432823E+16   0.40018161E+01   0.10691838E+15   0.26078724E+01   0.36198622E+04   0.18947372E+16   0.70518505E+15   0.65167222E+00   0.35366744E+04   0.71865290E+16   0.35364731E+01   0.14016250E+15   0.80726353E+16   0.40847563E+01   0.10217406E+15   0.45488828E+10
   0.80000000E+00   0.10000000E+17   0.40013924E+01   0.10691838E+15   0.28159159E+01   0.39086372E+04   0.23855325E+16   0.70502007E+15   0.70373401E+00   0.38187709E+04   0.90472510E+16   0.35360917E+01   0.14016250E+15   0.10162856E+17   0.40843251E+01   0.10217406E+15   0.45488828E+10
   0.80000000E+00   0.12589254E+17   0.40010695E+01   0.10691838E+15   0.30405560E+01   0.42204494E+04   0.30033990E+16   0.70489441E+15   0.75993581E+00   0.41233791E+04   0.11389763E+17   0.35358012E+01   0.14016250E+15   0.12794288E+17   0.40839966E+01   0.10217406E+15   0.45488828E+10
