         1        92   0.45000000E+01   0.31562220E+00   0.68437780E+00   0.82883870E+00   0.96580000E+00   0.22242000E-01  ---------------   0.27255000E+01  ---------------      0.67238290E+00                                 
   0.45000000E+01   0.10000000E+08   0.43329974E+01   0.26072010E+16   0.97105901E-03   0.66559859E+01   0.22421815E+07   0.20518281E+17   0.22410791E-03   0.65605763E+01   0.95758431E+07   0.40972648E+01   0.29528048E+16   0.96197538E+07   0.41212680E+01   0.29148163E+16   0.89780273E+09
   0.45000000E+01   0.12589254E+08   0.43189136E+01   0.26072010E+16   0.10485254E-02   0.71869683E+01   0.28297951E+07   0.20369644E+17   0.24277526E-03   0.70812590E+01   0.12054346E+08   0.40838426E+01   0.29528048E+16   0.12109626E+08   0.41077677E+01   0.29148163E+16   0.89780273E+09
   0.45000000E+01   0.15848932E+08   0.43053504E+01   0.26072010E+16   0.11321717E-02   0.77603098E+01   0.35711146E+07   0.20227127E+17   0.26296853E-03   0.76433757E+01   0.15174507E+08   0.40709268E+01   0.29528048E+16   0.15244147E+08   0.40947808E+01   0.29148163E+16   0.89780273E+09
   0.45000000E+01   0.19952623E+08   0.42919988E+01   0.26072010E+16   0.12224909E-02   0.83793898E+01   0.45065140E+07   0.20087431E+17   0.28483020E-03   0.82501634E+01   0.19102164E+08   0.40582024E+01   0.29528048E+16   0.19190116E+08   0.40820022E+01   0.29148163E+16   0.89780273E+09
   0.45000000E+01   0.25118864E+08   0.42790922E+01   0.26072010E+16   0.13200153E-02   0.90478570E+01   0.56865305E+07   0.19952954E+17   0.30848021E-03   0.89052319E+01   0.24046480E+08   0.40459024E+01   0.29528048E+16   0.24157431E+08   0.40696432E+01   0.29148163E+16   0.89780273E+09
   0.45000000E+01   0.31622777E+08   0.42664056E+01   0.26072010E+16   0.14253197E-02   0.97696512E+01   0.71753152E+07   0.19821308E+17   0.33407974E-03   0.96123732E+01   0.30270591E+08   0.40338125E+01   0.29528048E+16   0.30410260E+08   0.40574823E+01   0.29148163E+16   0.89780273E+09
   0.45000000E+01   0.39810717E+08   0.42539141E+01   0.26072010E+16   0.15390248E-02   0.10549027E+02   0.90536426E+07   0.19692207E+17   0.36179028E-03   0.10375724E+02   0.38106025E+08   0.40219179E+01   0.29528048E+16   0.38282086E+08   0.40455263E+01   0.29148163E+16   0.89780273E+09
   0.45000000E+01   0.50118723E+08   0.42418572E+01   0.26072010E+16   0.16618008E-02   0.11390577E+02   0.11422873E+08   0.19568088E+17   0.39176254E-03   0.11199830E+02   0.47969391E+08   0.40104279E+01   0.29528048E+16   0.48191688E+08   0.40339874E+01   0.29148163E+16   0.89780273E+09
   0.45000000E+01   0.63095734E+08   0.42300549E+01   0.26072010E+16   0.17943712E-02   0.12299262E+02   0.14411556E+08   0.19447053E+17   0.42419572E-03   0.12089477E+02   0.60385868E+08   0.39991808E+01   0.29528048E+16   0.60666198E+08   0.40226852E+01   0.29148163E+16   0.89780273E+09
   0.45000000E+01   0.79432823E+08   0.42187868E+01   0.26072010E+16   0.19375174E-02   0.13280438E+02   0.18180570E+08   0.19331926E+17   0.45925939E-03   0.13049982E+02   0.76016461E+08   0.39884430E+01   0.29528048E+16   0.76369354E+08   0.40118842E+01   0.29148163E+16   0.89780273E+09
   0.45000000E+01   0.10000000E+09   0.42076721E+01   0.26072010E+16   0.20920832E-02   0.14339887E+02   0.22934810E+08   0.19218776E+17   0.49720680E-03   0.14086861E+02   0.95693652E+08   0.39778603E+01   0.29528048E+16   0.96138268E+08   0.40012446E+01   0.29148163E+16   0.89780273E+09
   0.45000000E+01   0.12589254E+09   0.41968825E+01   0.26072010E+16   0.22589795E-02   0.15483854E+02   0.28930768E+08   0.19109322E+17   0.53825179E-03   0.15206261E+02   0.12046374E+09   0.39675784E+01   0.29528048E+16   0.12102496E+09   0.39909189E+01   0.29148163E+16   0.89780273E+09
   0.45000000E+01   0.15848932E+09   0.41864873E+01   0.26072010E+16   0.24391899E-02   0.16719081E+02   0.36491869E+08   0.19004232E+17   0.58263403E-03   0.16414790E+02   0.15164583E+09   0.39576726E+01   0.29528048E+16   0.15235414E+09   0.39809706E+01   0.29148163E+16   0.89780273E+09
   0.45000000E+01   0.19952623E+09   0.41763939E+01   0.26072010E+16   0.26337767E-02   0.18052848E+02   0.46026796E+08   0.18902532E+17   0.63063418E-03   0.17719515E+02   0.19089972E+09   0.39480545E+01   0.29528048E+16   0.19179138E+09   0.39712960E+01   0.29148163E+16   0.89780273E+09
   0.45000000E+01   0.25118864E+09   0.41668064E+01   0.26072010E+16   0.28438867E-02   0.19493017E+02   0.58047976E+08   0.18806239E+17   0.68250991E-03   0.19128207E+02   0.24031576E+09   0.39389216E+01   0.29528048E+16   0.24143824E+09   0.39621093E+01   0.29148163E+16   0.89780273E+09
   0.45000000E+01   0.31622777E+09   0.41573319E+01   0.26072010E+16   0.30707582E-02   0.21048076E+02   0.73207692E+08   0.18711375E+17   0.73863677E-03   0.20648956E+02   0.30252426E+09   0.39298988E+01   0.29528048E+16   0.30393941E+09   0.39530425E+01   0.29148163E+16   0.89780273E+09
   0.45000000E+01   0.39810717E+09   0.41482763E+01   0.26072010E+16   0.33157284E-02   0.22727189E+02   0.92319748E+08   0.18620980E+17   0.79930270E-03   0.22290862E+02   0.38083542E+09   0.39212697E+01   0.29528048E+16   0.38262098E+09   0.39443766E+01   0.29148163E+16   0.89780273E+09
   0.45000000E+01   0.50118723E+09   0.41396127E+01   0.26072010E+16   0.35802412E-02   0.24540254E+02   0.11641332E+09   0.18534748E+17   0.86487347E-03   0.24063580E+02   0.47941917E+09   0.39130143E+01   0.29528048E+16   0.48167189E+09   0.39360861E+01   0.29148163E+16   0.89780273E+09
   0.45000000E+01   0.63095734E+09   0.41312388E+01   0.26072010E+16   0.38658555E-02   0.26497957E+02   0.14678747E+09   0.18451633E+17   0.93576181E-03   0.25977481E+02   0.60352345E+09   0.39050351E+01   0.29528048E+16   0.60635975E+09   0.39280608E+01   0.29148163E+16   0.89780273E+09
   0.45000000E+01   0.79432823E+09   0.41232553E+01   0.26072010E+16   0.41742548E-02   0.28611836E+02   0.18507388E+09   0.18372604E+17   0.10123687E-02   0.28043900E+02   0.75975550E+09   0.38974280E+01   0.29528048E+16   0.76332603E+09   0.39204088E+01   0.29148163E+16   0.89780273E+09
   0.45000000E+01   0.10000000E+10   0.41155266E+01   0.26072010E+16   0.45072566E-02   0.30894350E+02   0.23333615E+09   0.18296296E+17   0.10951834E-02   0.30274904E+02   0.95643776E+09   0.38900715E+01   0.29528048E+16   0.96093307E+09   0.39130095E+01   0.29148163E+16   0.89780273E+09
   0.45000000E+01   0.12589254E+10   0.41081553E+01   0.26072010E+16   0.48668238E-02   0.33358952E+02   0.29416501E+09   0.18223697E+17   0.11846737E-02   0.32683708E+02   0.12040313E+10   0.38830476E+01   0.29528048E+16   0.12097011E+10   0.39059557E+01   0.29148163E+16   0.89780273E+09
   0.45000000E+01   0.15848932E+10   0.41011941E+01   0.26072010E+16   0.52550754E-02   0.36020167E+02   0.37082373E+09   0.18155299E+17   0.12813525E-02   0.35284555E+02   0.15157232E+10   0.38764146E+01   0.29528048E+16   0.15228734E+10   0.38992945E+01   0.29148163E+16   0.89780273E+09
   0.45000000E+01   0.19952623E+10   0.40944346E+01   0.26072010E+16   0.56742999E-02   0.38893682E+02   0.46744296E+09   0.18089032E+17   0.13858568E-02   0.38092576E+02   0.19081060E+10   0.38699739E+01   0.29528048E+16   0.19171227E+10   0.38928263E+01   0.29148163E+16   0.89780273E+09
   0.45000000E+01   0.25118864E+10   0.40880272E+01   0.26072010E+16   0.61269681E-02   0.41996432E+02   0.58919857E+09   0.18026355E+17   0.14987591E-02   0.41124452E+02   0.24020717E+10   0.38638687E+01   0.29528048E+16   0.24134299E+10   0.38866889E+01   0.29148163E+16   0.89780273E+09
   0.45000000E+01   0.31622777E+10   0.40819628E+01   0.26072010E+16   0.66157480E-02   0.45346704E+02   0.74262111E+09   0.17967155E+17   0.16207272E-02   0.44398050E+02   0.30239200E+10   0.38580904E+01   0.29528048E+16   0.30382186E+10   0.38808765E+01   0.29148163E+16   0.89780273E+09
   0.45000000E+01   0.39810717E+10   0.40761705E+01   0.26072010E+16   0.71435204E-02   0.48964245E+02   0.93594683E+09   0.17910723E+17   0.17525077E-02   0.47932582E+02   0.38067583E+10   0.38525715E+01   0.29528048E+16   0.38247586E+10   0.38753250E+01   0.29148163E+16   0.89780273E+09
   0.45000000E+01   0.50118723E+10   0.40706795E+01   0.26072010E+16   0.77133959E-02   0.52870375E+02   0.11795349E+10   0.17857325E+17   0.18948669E-02   0.51748914E+02   0.47922855E+10   0.38473444E+01   0.29528048E+16   0.48149459E+10   0.38700670E+01   0.29148163E+16   0.89780273E+09
   0.45000000E+01   0.63095734E+10   0.40654706E+01   0.26072010E+16   0.83287333E-02   0.57088118E+02   0.14864407E+10   0.17806762E+17   0.20486517E-02   0.55869518E+02   0.60329522E+10   0.38423835E+01   0.29528048E+16   0.60615066E+10   0.38650827E+01   0.29148163E+16   0.89780273E+09
   0.45000000E+01   0.79432823E+10   0.40605207E+01   0.26072010E+16   0.89931593E-02   0.61642332E+02   0.18731104E+10   0.17758794E+17   0.22147798E-02   0.60318650E+02   0.75948107E+10   0.38376672E+01   0.29528048E+16   0.76308035E+10   0.38603463E+01   0.29148163E+16   0.89780273E+09
   0.45000000E+01   0.10000000E+11   0.40559081E+01   0.26072010E+16   0.97105901E-02   0.66559859E+02   0.23602145E+10   0.17714165E+17   0.23941839E-02   0.65122667E+02   0.95610346E+10   0.38332722E+01   0.29528048E+16   0.96063998E+10   0.38559326E+01   0.29148163E+16   0.89780273E+09
   0.45000000E+01   0.12589254E+11   0.40514991E+01   0.26072010E+16   0.10485254E-01   0.71869683E+02   0.29738771E+10   0.17671570E+17   0.25879937E-02   0.70309677E+02   0.12036309E+11   0.38290713E+01   0.29528048E+16   0.12093485E+11   0.38517138E+01   0.29148163E+16   0.89780273E+09
   0.45000000E+01   0.15848932E+11   0.40473309E+01   0.26072010E+16   0.11321717E-01   0.77603098E+02   0.37469230E+10   0.17631360E+17   0.27973291E-02   0.75910317E+02   0.15152435E+11   0.38250999E+01   0.29528048E+16   0.15224490E+11   0.38477254E+01   0.29148163E+16   0.89780273E+09
   0.45000000E+01   0.19952623E+11   0.40434864E+01   0.26072010E+16   0.12224909E-01   0.83793898E+02   0.47206269E+10   0.17594321E+17   0.30233584E-02   0.81957787E+02   0.19075342E+11   0.38214369E+01   0.29528048E+16   0.19166096E+11   0.38440437E+01   0.29148163E+16   0.89780273E+09
   0.45000000E+01   0.25118864E+11   0.40398101E+01   0.26072010E+16   0.13200153E-01   0.90478570E+02   0.59471754E+10   0.17558949E+17   0.32675181E-02   0.88487429E+02   0.24013899E+11   0.38179342E+01   0.29528048E+16   0.24128149E+11   0.38405203E+01   0.29148163E+16   0.89780273E+09
   0.45000000E+01   0.31622777E+11   0.40363536E+01   0.26072010E+16   0.14253197E-01   0.97696512E+02   0.74921005E+10   0.17525730E+17   0.35312062E-02   0.95537849E+02   0.30231075E+11   0.38146410E+01   0.29528048E+16   0.30374905E+11   0.38372076E+01   0.29148163E+16   0.89780273E+09
   0.45000000E+01   0.39810717E+11   0.40331722E+01   0.26072010E+16   0.15390248E-01   0.10549027E+03   0.94378580E+10   0.17495189E+17   0.38159164E-02   0.10315078E+03   0.38057935E+11   0.38116098E+01   0.29528048E+16   0.38239002E+11   0.38341585E+01   0.29148163E+16   0.89780273E+09
   0.45000000E+01   0.50118723E+11   0.40301619E+01   0.26072010E+16   0.16618008E-01   0.11390577E+03   0.11888554E+11   0.17466321E+17   0.41234094E-02   0.11137084E+03   0.47911227E+11   0.38087417E+01   0.29528048E+16   0.48139173E+11   0.38312734E+01   0.29148163E+16   0.89780273E+09
   0.45000000E+01   0.63095734E+11   0.40273456E+01   0.26072010E+16   0.17943712E-01   0.12299262E+03   0.14975055E+11   0.17439339E+17   0.44554686E-02   0.12024658E+03   0.60315630E+11   0.38060584E+01   0.29528048E+16   0.60602593E+11   0.38285743E+01   0.29148163E+16   0.89780273E+09
   0.45000000E+01   0.79432823E+11   0.40247522E+01   0.26072010E+16   0.19375174E-01   0.13280438E+03   0.18862057E+11   0.17414515E+17   0.48140043E-02   0.12983043E+03   0.75931906E+11   0.38035913E+01   0.29528048E+16   0.76293165E+11   0.38260925E+01   0.29148163E+16   0.89780273E+09
   0.45000000E+01   0.10000000E+12   0.40223313E+01   0.26072010E+16   0.20920832E-01   0.14339887E+03   0.23757196E+11   0.17391363E+17   0.52011707E-02   0.14017877E+03   0.95591403E+11   0.38012875E+01   0.29528048E+16   0.96046272E+11   0.38237761E+01   0.29148163E+16   0.89780273E+09
   0.45000000E+01   0.12589254E+12   0.40200901E+01   0.26072010E+16   0.22589795E-01   0.15483854E+03   0.29921694E+11   0.17369944E+17   0.56192260E-02   0.15135265E+03   0.12034080E+12   0.37991521E+01   0.29528048E+16   0.12091377E+12   0.38216316E+01   0.29148163E+16   0.89780273E+09
   0.45000000E+01   0.15848932E+12   0.40180185E+01   0.26072010E+16   0.24391899E-01   0.16719081E+03   0.37684507E+11   0.17350162E+17   0.60706289E-02   0.16341796E+03   0.15149817E+12   0.37971783E+01   0.29528048E+16   0.15221988E+12   0.38196494E+01   0.29148163E+16   0.89780273E+09
   0.45000000E+01   0.19952623E+12   0.40161336E+01   0.26072010E+16   0.26337767E-01   0.18052848E+03   0.47459559E+11   0.17332174E+17   0.65579908E-02   0.17644593E+03   0.19072269E+12   0.37953824E+01   0.29528048E+16   0.19163172E+12   0.38178458E+01   0.29148163E+16   0.89780273E+09
   0.45000000E+01   0.25118864E+12   0.40144117E+01   0.26072010E+16   0.28438867E-01   0.19493017E+03   0.59768276E+11   0.17315752E+17   0.70841928E-02   0.19051334E+03   0.24010312E+12   0.37937418E+01   0.29528048E+16   0.24124801E+12   0.38161983E+01   0.29148163E+16   0.89780273E+09
   0.45000000E+01   0.31622777E+12   0.40128329E+01   0.26072010E+16   0.30707582E-01   0.21048076E+03   0.75267177E+11   0.17300703E+17   0.76523451E-02   0.20570306E+03   0.30226899E+12   0.37922375E+01   0.29528048E+16   0.30371091E+12   0.38146876E+01   0.29148163E+16   0.89780273E+09
   0.45000000E+01   0.39810717E+12   0.40114145E+01   0.26072010E+16   0.33157284E-01   0.22727189E+03   0.94782221E+11   0.17287190E+17   0.82657338E-02   0.22210480E+03   0.38053081E+12   0.37908862E+01   0.29528048E+16   0.38234674E+12   0.38133305E+01   0.29148163E+16   0.89780273E+09
   0.45000000E+01   0.50118723E+12   0.40101481E+01   0.26072010E+16   0.35802412E-01   0.24540254E+03   0.11935351E+12   0.17275130E+17   0.89279526E-02   0.23981529E+03   0.47905618E+12   0.37896796E+01   0.29528048E+16   0.48134304E+12   0.38121187E+01   0.29148163E+16   0.89780273E+09
   0.45000000E+01   0.63095734E+12   0.40090079E+01   0.26072010E+16   0.38658555E-01   0.26497957E+03   0.15029092E+12   0.17264276E+17   0.96429232E-02   0.25893885E+03   0.60309179E+12   0.37885932E+01   0.29528048E+16   0.60597161E+12   0.38110278E+01   0.29148163E+16   0.89780273E+09
   0.45000000E+01   0.79432823E+12   0.40079963E+01   0.26072010E+16   0.41742548E-01   0.28611836E+03   0.18924279E+12   0.17254650E+17   0.10414817E-01   0.27958834E+03   0.75924286E+12   0.37876294E+01   0.29528048E+16   0.76286929E+12   0.38100598E+01   0.29148163E+16   0.89780273E+09
   0.45000000E+01   0.10000000E+13   0.40070967E+01   0.26072010E+16   0.45072566E-01   0.30894350E+03   0.23828481E+12   0.17246093E+17   0.11248185E-01   0.30188543E+03   0.95582486E+12   0.37867723E+01   0.29528048E+16   0.96039131E+12   0.38091991E+01   0.29148163E+16   0.89780273E+09
   0.45000000E+01   0.12589254E+13   0.40063056E+01   0.26072010E+16   0.48668238E-01   0.33358952E+03   0.30002960E+12   0.17238570E+17   0.12147909E-01   0.32596163E+03   0.12033064E+13   0.37860186E+01   0.29528048E+16   0.12090563E+13   0.38084422E+01   0.29148163E+16   0.89780273E+09
   0.45000000E+01   0.15848932E+13   0.40056041E+01   0.26072010E+16   0.52550754E-01   0.36020167E+03   0.37776717E+12   0.17231901E+17   0.13119308E-01   0.35195881E+03   0.15148664E+13   0.37853502E+01   0.29528048E+16   0.15221065E+13   0.38077710E+01   0.29148163E+16   0.89780273E+09
   0.45000000E+01   0.19952623E+13   0.40049818E+01   0.26072010E+16   0.56742999E-01   0.38893682E+03   0.47563908E+12   0.17225986E+17   0.14168104E-01   0.38003019E+03   0.19070966E+13   0.37847574E+01   0.29528048E+16   0.19162128E+13   0.38071756E+01   0.29148163E+16   0.89780273E+09
   0.45000000E+01   0.25118864E+13   0.40044331E+01   0.26072010E+16   0.61269681E-01   0.41996432E+03   0.59885897E+12   0.17220771E+17   0.15300463E-01   0.41034127E+03   0.24008843E+13   0.37842345E+01   0.29528048E+16   0.24123625E+13   0.38066505E+01   0.29148163E+16   0.89780273E+09
   0.45000000E+01   0.31622777E+13   0.40039447E+01   0.26072010E+16   0.66157480E-01   0.45346704E+03   0.75399146E+12   0.17216130E+17   0.16523075E-01   0.44307064E+03   0.30225251E+13   0.37837692E+01   0.29528048E+16   0.30369772E+13   0.38061832E+01   0.29148163E+16   0.89780273E+09
   0.45000000E+01   0.39810717E+13   0.40035116E+01   0.26072010E+16   0.71435204E-01   0.48964245E+03   0.94930016E+12   0.17212016E+17   0.17843136E-01   0.47841125E+03   0.38051236E+13   0.37833566E+01   0.29528048E+16   0.38233196E+13   0.38057688E+01   0.29148163E+16   0.89780273E+09
   0.45000000E+01   0.50118723E+13   0.40031252E+01   0.26072010E+16   0.77133959E-01   0.52870375E+03   0.11951893E+13   0.17208345E+17   0.19268435E-01   0.51657136E+03   0.47903554E+13   0.37829884E+01   0.29528048E+16   0.48132651E+13   0.38053991E+01   0.29148163E+16   0.89780273E+09
   0.45000000E+01   0.63095734E+13   0.40027801E+01   0.26072010E+16   0.83287333E-01   0.57088118E+03   0.15047567E+13   0.17205068E+17   0.20807371E-01   0.55777589E+03   0.60306874E+13   0.37826597E+01   0.29528048E+16   0.60595315E+13   0.38050689E+01   0.29148163E+16   0.89780273E+09
   0.45000000E+01   0.79432823E+13   0.40024729E+01   0.26072010E+16   0.89931593E-01   0.61642332E+03   0.18944914E+13   0.17202150E+17   0.22469008E-01   0.60226770E+03   0.75921713E+13   0.37823669E+01   0.29528048E+16   0.76284868E+13   0.38047749E+01   0.29148163E+16   0.89780273E+09
   0.45000000E+01   0.10000000E+14   0.40021972E+01   0.26072010E+16   0.97105901E-01   0.66559859E+03   0.23851532E+13   0.17199532E+17   0.24263148E-01   0.65030902E+03   0.95579611E+13   0.37821043E+01   0.29528048E+16   0.96036829E+13   0.38045111E+01   0.29148163E+16   0.89780273E+09
   0.45000000E+01   0.12589254E+14   0.40019513E+01   0.26072010E+16   0.10485254E+00   0.71869683E+03   0.30028758E+13   0.17197197E+17   0.26200354E-01   0.70218301E+03   0.12032742E+14   0.37818700E+01   0.29528048E+16   0.12090306E+14   0.38042759E+01   0.29148163E+16   0.89780273E+09
   0.45000000E+01   0.15848932E+14   0.40017311E+01   0.26072010E+16   0.11321717E+00   0.77603098E+03   0.37805611E+13   0.17195107E+17   0.28292048E-01   0.75819540E+03   0.15148304E+14   0.37816603E+01   0.29528048E+16   0.15220777E+14   0.38040652E+01   0.29148163E+16   0.89780273E+09
   0.45000000E+01   0.19952623E+14   0.40015344E+01   0.26072010E+16   0.12224909E+00   0.83793898E+03   0.47596295E+13   0.17193239E+17   0.30550552E-01   0.81867635E+03   0.19070562E+14   0.37814728E+01   0.29528048E+16   0.19161804E+14   0.38038770E+01   0.29148163E+16   0.89780273E+09
   0.45000000E+01   0.25118864E+14   0.40013588E+01   0.26072010E+16   0.13200153E+00   0.90478570E+03   0.59922263E+13   0.17191573E+17   0.32989175E-01   0.88398232E+03   0.24008389E+14   0.37813055E+01   0.29528048E+16   0.24123262E+14   0.38037090E+01   0.29148163E+16   0.89780273E+09
   0.45000000E+01   0.31622777E+14   0.40012020E+01   0.26072010E+16   0.14253197E+00   0.97696512E+03   0.75439998E+13   0.17190083E+17   0.35622288E-01   0.95449824E+03   0.30224742E+14   0.37811561E+01   0.29528048E+16   0.30369364E+14   0.38035589E+01   0.29148163E+16   0.89780273E+09
   0.45000000E+01   0.39810717E+14   0.40010623E+01   0.26072010E+16   0.15390248E+00   0.10549027E+04   0.94975951E+13   0.17188758E+17   0.38465404E-01   0.10306397E+04   0.38050663E+14   0.37810230E+01   0.29528048E+16   0.38232738E+14   0.38034253E+01   0.29148163E+16   0.89780273E+09
   0.45000000E+01   0.50118723E+14   0.40009379E+01   0.26072010E+16   0.16618008E+00   0.11390577E+04   0.11957058E+14   0.17187577E+17   0.41535280E-01   0.11128555E+04   0.47902910E+14   0.37809045E+01   0.29528048E+16   0.48132136E+14   0.38033062E+01   0.29148163E+16   0.89780273E+09
   0.45000000E+01   0.63095734E+14   0.40008273E+01   0.26072010E+16   0.17943712E+00   0.12299262E+04   0.15053373E+14   0.17186527E+17   0.44850004E-01   0.12016303E+04   0.60306150E+14   0.37807991E+01   0.29528048E+16   0.60594736E+14   0.38032004E+01   0.29148163E+16   0.89780273E+09
   0.45000000E+01   0.79432823E+14   0.40007291E+01   0.26072010E+16   0.19375174E+00   0.13280438E+04   0.18951442E+14   0.17185595E+17   0.48429109E-01   0.12974872E+04   0.75920899E+14   0.37807055E+01   0.29528048E+16   0.76284216E+14   0.38031064E+01   0.29148163E+16   0.89780273E+09
   0.45000000E+01   0.10000000E+15   0.40006420E+01   0.26072010E+16   0.20920832E+00   0.14339887E+04   0.23858862E+14   0.17184768E+17   0.52293688E-01   0.14009913E+04   0.95578698E+14   0.37806225E+01   0.29528048E+16   0.96036097E+14   0.38030231E+01   0.29148163E+16   0.89780273E+09
   0.45000000E+01   0.12589254E+15   0.40005648E+01   0.26072010E+16   0.22589795E+00   0.15483854E+04   0.30036986E+14   0.17184036E+17   0.56466514E-01   0.15127525E+04   0.12032640E+15   0.37805490E+01   0.29528048E+16   0.12090224E+15   0.38029493E+01   0.29148163E+16   0.89780273E+09
   0.45000000E+01   0.15848932E+15   0.40004966E+01   0.26072010E+16   0.24391899E+00   0.16719081E+04   0.37814834E+14   0.17183389E+17   0.60972178E-01   0.16334297E+04   0.15148189E+15   0.37804841E+01   0.29528048E+16   0.15220685E+15   0.38028840E+01   0.29148163E+16   0.89780273E+09
   0.45000000E+01   0.19952623E+15   0.40004363E+01   0.26072010E+16   0.26337767E+00   0.18052848E+04   0.47606623E+14   0.17182817E+17   0.65837237E-01   0.17637340E+04   0.19070433E+15   0.37804266E+01   0.29528048E+16   0.19161701E+15   0.38028263E+01   0.29148163E+16   0.89780273E+09
   0.45000000E+01   0.25118864E+15   0.40003832E+01   0.26072010E+16   0.28438867E+00   0.19493017E+04   0.59933817E+14   0.17182313E+17   0.71090356E-01   0.19044336E+04   0.24008245E+15   0.37803760E+01   0.29528048E+16   0.24123146E+15   0.38027755E+01   0.29148163E+16   0.89780273E+09
   0.45000000E+01   0.31622777E+15   0.40003363E+01   0.26072010E+16   0.30707582E+00   0.21048076E+04   0.75452904E+14   0.17181868E+17   0.76762501E-01   0.20563575E+04   0.30224581E+15   0.37803313E+01   0.29528048E+16   0.30369235E+15   0.38027307E+01   0.29148163E+16   0.89780273E+09
   0.45000000E+01   0.39810717E+15   0.40002952E+01   0.26072010E+16   0.33157284E+00   0.22727189E+04   0.94990351E+14   0.17181478E+17   0.82887094E-01   0.22204014E+04   0.38050484E+15   0.37802921E+01   0.29528048E+16   0.38232594E+15   0.38026913E+01   0.29148163E+16   0.89780273E+09
   0.45000000E+01   0.50118723E+15   0.40002589E+01   0.26072010E+16   0.35802412E+00   0.24540254E+04   0.11958662E+15   0.17181133E+17   0.89500237E-01   0.23975320E+04   0.47902711E+15   0.37802576E+01   0.29528048E+16   0.48131976E+15   0.38026566E+01   0.29148163E+16   0.89780273E+09
   0.45000000E+01   0.63095734E+15   0.40002271E+01   0.26072010E+16   0.38658555E+00   0.26497957E+04   0.15055159E+15   0.17180832E+17   0.96640901E-01   0.25887934E+04   0.60305928E+15   0.37802273E+01   0.29528048E+16   0.60594558E+15   0.38026262E+01   0.29148163E+16   0.89780273E+09
   0.45000000E+01   0.79432823E+15   0.40001992E+01   0.26072010E+16   0.41742548E+00   0.28611836E+04   0.18953426E+15   0.17180567E+17   0.10435117E+00   0.27953127E+04   0.75920652E+15   0.37802007E+01   0.29528048E+16   0.76284018E+15   0.38025995E+01   0.29148163E+16   0.89780273E+09
   0.45000000E+01   0.10000000E+16   0.40001748E+01   0.26072010E+16   0.45072566E+00   0.30894350E+04   0.23861065E+15   0.17180335E+17   0.11267649E+00   0.30183073E+04   0.95578424E+15   0.37801774E+01   0.29528048E+16   0.96035878E+15   0.38025761E+01   0.29148163E+16   0.89780273E+09
   0.45000000E+01   0.12589254E+16   0.40001534E+01   0.26072010E+16   0.48668238E+00   0.33358952E+04   0.30039428E+15   0.17180132E+17   0.12166593E+00   0.32590915E+04   0.12032609E+16   0.37801571E+01   0.29528048E+16   0.12090199E+16   0.38025556E+01   0.29148163E+16   0.89780273E+09
   0.45000000E+01   0.15848932E+16   0.40001346E+01   0.26072010E+16   0.52550754E+00   0.36020167E+04   0.37817540E+15   0.17179954E+17   0.13137247E+00   0.35190843E+04   0.15148156E+16   0.37801391E+01   0.29528048E+16   0.15220658E+16   0.38025376E+01   0.29148163E+16   0.89780273E+09
   0.45000000E+01   0.19952623E+16   0.40001183E+01   0.26072010E+16   0.56742999E+00   0.38893682E+04   0.47609616E+15   0.17179799E+17   0.14185330E+00   0.37998182E+04   0.19070396E+16   0.37801236E+01   0.29528048E+16   0.19161671E+16   0.38025221E+01   0.29148163E+16   0.89780273E+09
   0.45000000E+01   0.25118864E+16   0.40001039E+01   0.26072010E+16   0.61269681E+00   0.41996432E+04   0.59937126E+15   0.17179662E+17   0.15317022E+00   0.41029477E+04   0.24008204E+16   0.37801099E+01   0.29528048E+16   0.24123113E+16   0.38025083E+01   0.29148163E+16   0.89780273E+09
   0.45000000E+01   0.31622777E+16   0.40000915E+01   0.26072010E+16   0.66157480E+00   0.45346704E+04   0.75456555E+15   0.17179545E+17   0.16538992E+00   0.44302596E+04   0.30224536E+16   0.37800981E+01   0.29528048E+16   0.30369199E+16   0.38024964E+01   0.29148163E+16   0.89780273E+09
   0.45000000E+01   0.39810717E+16   0.40000806E+01   0.26072010E+16   0.71435204E+00   0.48964245E+04   0.94994381E+15   0.17179441E+17   0.17858441E+00   0.47836829E+04   0.38050434E+16   0.37800877E+01   0.29528048E+16   0.38232554E+16   0.38024859E+01   0.29148163E+16   0.89780273E+09
   0.45000000E+01   0.50118723E+16   0.40000711E+01   0.26072010E+16   0.77133959E+00   0.52870375E+04   0.11959106E+16   0.17179351E+17   0.19283147E+00   0.51653007E+04   0.47902655E+16   0.37800786E+01   0.29528048E+16   0.48131931E+16   0.38024769E+01   0.29148163E+16   0.89780273E+09
   0.45000000E+01   0.63095734E+16   0.40000628E+01   0.26072010E+16   0.83287333E+00   0.57088118E+04   0.15055648E+16   0.17179273E+17   0.20821506E+00   0.55773622E+04   0.60305867E+16   0.37800707E+01   0.29528048E+16   0.60594509E+16   0.38024690E+01   0.29148163E+16   0.89780273E+09
   0.45000000E+01   0.79432823E+16   0.40000555E+01   0.26072010E+16   0.89931593E+00   0.61642332E+04   0.18953965E+16   0.17179204E+17   0.22482586E+00   0.60222961E+04   0.75920585E+16   0.37800638E+01   0.29528048E+16   0.76283965E+16   0.38024620E+01   0.29148163E+16   0.89780273E+09
   0.45000000E+01   0.10000000E+17   0.40000493E+01   0.26072010E+16   0.97105901E+00   0.66559859E+04   0.23861657E+16   0.17179144E+17   0.24276176E+00   0.65027246E+04   0.95578350E+16   0.37800579E+01   0.29528048E+16   0.96035819E+16   0.38024560E+01   0.29148163E+16   0.89780273E+09
   0.45000000E+01   0.12589254E+17   0.40000437E+01   0.26072010E+16   0.10485254E+01   0.71869683E+04   0.30040080E+16   0.17179091E+17   0.26212848E+00   0.70214795E+04   0.12032601E+17   0.37800525E+01   0.29528048E+16   0.12090193E+17   0.38024507E+01   0.29148163E+16   0.89780273E+09
