         1        92   0.50000000E-01   0.31562220E+00   0.68437780E+00   0.82883870E+00   0.96580000E+00   0.22242000E-01  ---------------   0.27255000E+01  ---------------      0.67238290E+00                                 
   0.50000000E-01   0.10000000E+08   0.23586086E+02   0.31354050E+14   0.42384388E-02   0.31859008E+01   0.86116695E+06   0.15285477E+17   0.17970081E-03   0.45405019E+01   0.90219722E+07   0.18537042E+02   0.58269520E+14   0.10691850E+08   0.27887379E+02   0.20281077E+14   0.88239516E+10
   0.50000000E-01   0.12589254E+08   0.23359455E+02   0.31354050E+14   0.45765609E-02   0.34400565E+01   0.10884555E+07   0.14908118E+17   0.19591899E-03   0.48888000E+01   0.11353530E+08   0.18356522E+02   0.58269520E+14   0.13463470E+08   0.27621627E+02   0.20281077E+14   0.88239516E+10
   0.50000000E-01   0.15848932E+08   0.23131694E+02   0.31354050E+14   0.49416568E-02   0.37144876E+01   0.13758311E+07   0.14534880E+17   0.21363143E-03   0.52636280E+01   0.14287515E+08   0.18175111E+02   0.58269520E+14   0.16953657E+08   0.27354541E+02   0.20281077E+14   0.88239516E+10
   0.50000000E-01   0.19952623E+08   0.22902809E+02   0.31354050E+14   0.53358783E-02   0.40108115E+01   0.17392080E+07   0.14165822E+17   0.23297921E-03   0.56669892E+01   0.17979541E+08   0.17992811E+02   0.58269520E+14   0.21348730E+08   0.27086130E+02   0.20281077E+14   0.88239516E+10
   0.50000000E-01   0.25118864E+08   0.22670286E+02   0.31354050E+14   0.57615488E-02   0.43307746E+01   0.21988258E+07   0.13797038E+17   0.25414540E-03   0.61008380E+01   0.22625314E+08   0.17807622E+02   0.58269520E+14   0.26883459E+08   0.26813464E+02   0.20281077E+14   0.88239516E+10
   0.50000000E-01   0.31622777E+08   0.22434074E+02   0.31354050E+14   0.62211773E-02   0.46762628E+01   0.27802586E+07   0.13428690E+17   0.27730930E-03   0.65674320E+01   0.28471134E+08   0.17619509E+02   0.58269520E+14   0.33853381E+08   0.26536463E+02   0.20281077E+14   0.88239516E+10
   0.50000000E-01   0.39810717E+08   0.22196807E+02   0.31354050E+14   0.67174727E-02   0.50493125E+01   0.35157255E+07   0.13065033E+17   0.30263239E-03   0.70694395E+01   0.35827025E+08   0.17430566E+02   0.58269520E+14   0.42630596E+08   0.26258214E+02   0.20281077E+14   0.88239516E+10
   0.50000000E-01   0.50118723E+08   0.21958111E+02   0.31354050E+14   0.72533602E-02   0.54521222E+01   0.44461518E+07   0.12705543E+17   0.33032715E-03   0.76094840E+01   0.45082929E+08   0.17240496E+02   0.58269520E+14   0.53683828E+08   0.25978277E+02   0.20281077E+14   0.88239516E+10
   0.50000000E-01   0.63095734E+08   0.21713459E+02   0.31354050E+14   0.78319982E-02   0.58870661E+01   0.56238352E+07   0.12343651E+17   0.36069786E-03   0.81899210E+01   0.56728965E+08   0.17045694E+02   0.58269520E+14   0.67603725E+08   0.25691340E+02   0.20281077E+14   0.88239516E+10
   0.50000000E-01   0.79432823E+08   0.21467800E+02   0.31354050E+14   0.84567971E-02   0.63567078E+01   0.71141091E+07   0.11986908E+17   0.39392938E-03   0.88142686E+01   0.71382686E+08   0.16850104E+02   0.58269520E+14   0.85133513E+08   0.25403210E+02   0.20281077E+14   0.88239516E+10
   0.50000000E-01   0.10000000E+09   0.21221184E+02   0.31354050E+14   0.91314395E-02   0.68638152E+01   0.90001326E+07   0.11635412E+17   0.43029831E-03   0.94858191E+01   0.89820627E+08   0.16653762E+02   0.58269520E+14   0.10720951E+09   0.25113944E+02   0.20281077E+14   0.88239516E+10
   0.50000000E-01   0.12589254E+09   0.20969028E+02   0.31354050E+14   0.98599016E-02   0.74113771E+01   0.11388316E+08   0.11282840E+17   0.47021262E-03   0.10207463E+02   0.11301866E+09   0.16453025E+02   0.58269520E+14   0.13501171E+09   0.24818164E+02   0.20281077E+14   0.88239516E+10
   0.50000000E-01   0.15848932E+09   0.20716753E+02   0.31354050E+14   0.10646477E-01   0.80026210E+01   0.14411427E+08   0.10936946E+17   0.51390664E-03   0.10983648E+02   0.14220657E+09   0.16252206E+02   0.58269520E+14   0.17002480E+09   0.24522231E+02   0.20281077E+14   0.88239516E+10
   0.50000000E-01   0.19952623E+09   0.20465586E+02   0.31354050E+14   0.11495801E-01   0.86410313E+01   0.18238169E+08   0.10599316E+17   0.56171374E-03   0.11818661E+02   0.17893101E+09   0.16052283E+02   0.58269520E+14   0.21411897E+09   0.24227585E+02   0.20281077E+14   0.88239516E+10
   0.50000000E-01   0.25118864E+09   0.20210744E+02   0.31354050E+14   0.12412881E-01   0.93303710E+01   0.23084858E+08   0.10263563E+17   0.61417236E-03   0.12716092E+02   0.22513520E+09   0.15849449E+02   0.58269520E+14   0.26965151E+09   0.23928610E+02   0.20281077E+14   0.88239516E+10
   0.50000000E-01   0.31622777E+09   0.19956253E+02   0.31354050E+14   0.13403120E-01   0.10074703E+02   0.29221989E+08   0.99350663E+16   0.67162510E-03   0.13681277E+02   0.28326652E+09   0.15646894E+02   0.58269520E+14   0.33958873E+09   0.23630031E+02   0.20281077E+14   0.88239516E+10
   0.50000000E-01   0.39810717E+09   0.19702700E+02   0.31354050E+14   0.14472356E-01   0.10878414E+02   0.36993408E+08   0.96144752E+16   0.73453671E-03   0.14719417E+02   0.35640492E+09   0.15445111E+02   0.58269520E+14   0.42766832E+09   0.23332555E+02   0.20281077E+14   0.88239516E+10
   0.50000000E-01   0.50118723E+09   0.19445244E+02   0.31354050E+14   0.15626891E-01   0.11746241E+02   0.46840233E+08   0.92957245E+16   0.80363564E-03   0.15834893E+02   0.44841803E+09   0.15240240E+02   0.58269520E+14   0.53860051E+09   0.23030490E+02   0.20281077E+14   0.88239516E+10
   0.50000000E-01   0.63095734E+09   0.19188791E+02   0.31354050E+14   0.16873529E-01   0.12683299E+02   0.59312798E+08   0.89849415E+16   0.87934299E-03   0.17034534E+02   0.56418025E+09   0.15036184E+02   0.58269520E+14   0.67831156E+09   0.22729587E+02   0.20281077E+14   0.88239516E+10
   0.50000000E-01   0.79432823E+09   0.18931994E+02   0.31354050E+14   0.18219617E-01   0.13695112E+02   0.75115056E+08   0.86804066E+16   0.96237182E-03   0.18324294E+02   0.70981733E+09   0.14831871E+02   0.58269520E+14   0.85427053E+09   0.22428266E+02   0.20281077E+14   0.88239516E+10
   0.50000000E-01   0.10000000E+10   0.18672758E+02   0.31354050E+14   0.19673090E-01   0.14787642E+02   0.95143275E+08   0.83796819E+16   0.10535717E-02   0.19710253E+02   0.89303142E+09   0.14625637E+02   0.58269520E+14   0.10758870E+10   0.22124064E+02   0.20281077E+14   0.88239516E+10
   0.50000000E-01   0.12589254E+10   0.18414630E+02   0.31354050E+14   0.21242514E-01   0.15967328E+02   0.12052230E+09   0.80868697E+16   0.11535672E-02   0.21200566E+02   0.11235164E+10   0.14420275E+02   0.58269520E+14   0.13550003E+10   0.21821118E+02   0.20281077E+14   0.88239516E+10
   0.50000000E-01   0.15848932E+10   0.18154369E+02   0.31354050E+14   0.22937139E-01   0.17241124E+02   0.15269707E+09   0.77982691E+16   0.12634501E-02   0.22801925E+02   0.14134642E+10   0.14213254E+02   0.58269520E+14   0.17065514E+10   0.21515684E+02   0.20281077E+14   0.88239516E+10
   0.50000000E-01   0.19952623E+10   0.17893622E+02   0.31354050E+14   0.24766953E-01   0.18616538E+02   0.19348756E+09   0.75157412E+16   0.13841219E-02   0.24523054E+02   0.17782107E+10   0.14005869E+02   0.58269520E+14   0.21493353E+10   0.21209667E+02   0.20281077E+14   0.88239516E+10
   0.50000000E-01   0.25118864E+10   0.17633446E+02   0.31354050E+14   0.26742741E-01   0.20101675E+02   0.24520248E+09   0.72403654E+16   0.15165918E-02   0.26373227E+02   0.22370460E+10   0.13798956E+02   0.58269520E+14   0.27070288E+10   0.20904303E+02   0.20281077E+14   0.88239516E+10
   0.50000000E-01   0.31622777E+10   0.17370348E+02   0.31354050E+14   0.28876147E-01   0.21705289E+02   0.31080464E+09   0.69684643E+16   0.16623816E-02   0.28360481E+02   0.28141848E+10   0.13589708E+02   0.58269520E+14   0.34094651E+10   0.20595459E+02   0.20281077E+14   0.88239516E+10
   0.50000000E-01   0.39810717E+10   0.17108820E+02   0.31354050E+14   0.31179746E-01   0.23436832E+02   0.39399701E+09   0.67046659E+16   0.18224370E-02   0.30496880E+02   0.35401973E+10   0.13381762E+02   0.58269520E+14   0.42942318E+10   0.20288476E+02   0.20281077E+14   0.88239516E+10
   0.50000000E-01   0.50118723E+10   0.16844660E+02   0.31354050E+14   0.33667116E-01   0.25306509E+02   0.49956510E+09   0.64447019E+16   0.19986819E-02   0.32791359E+02   0.44533846E+10   0.13171737E+02   0.58269520E+14   0.54086845E+10   0.19978383E+02   0.20281077E+14   0.88239516E+10
   0.50000000E-01   0.63095734E+10   0.16581117E+02   0.31354050E+14   0.36352915E-01   0.27325340E+02   0.63350491E+09   0.61917776E+16   0.21924286E-02   0.35257171E+02   0.56019889E+10   0.12962196E+02   0.58269520E+14   0.68124109E+10   0.19668969E+02   0.20281077E+14   0.88239516E+10
   0.50000000E-01   0.79432823E+10   0.16316570E+02   0.31354050E+14   0.39252975E-01   0.29505224E+02   0.80350525E+09   0.59442816E+16   0.24057124E-02   0.37905979E+02   0.70467286E+10   0.12751917E+02   0.58269520E+14   0.85806108E+10   0.19358386E+02   0.20281077E+14   0.88239516E+10
   0.50000000E-01   0.10000000E+11   0.16051316E+02   0.31354050E+14   0.42384388E-01   0.31859008E+02   0.10193142E+10   0.57024830E+16   0.26405553E-02   0.40751312E+02   0.88637724E+10   0.12541060E+02   0.58269520E+14   0.10807901E+11   0.19046944E+02   0.20281077E+14   0.88239516E+10
   0.50000000E-01   0.12589254E+11   0.15786209E+02   0.31354050E+14   0.45765609E-01   0.34400565E+02   0.12933034E+10   0.54671122E+16   0.28990880E-02   0.43808129E+02   0.11149171E+11   0.12330370E+02   0.58269520E+14   0.13613505E+11   0.18735648E+02   0.20281077E+14   0.88239516E+10
   0.50000000E-01   0.15848932E+11   0.15519621E+02   0.31354050E+14   0.49416568E-01   0.37144876E+02   0.16413086E+10   0.52366984E+16   0.31841350E-02   0.47090639E+02   0.14023347E+11   0.12118505E+02   0.58269520E+14   0.17147747E+11   0.18422603E+02   0.20281077E+14   0.88239516E+10
   0.50000000E-01   0.19952623E+11   0.15253898E+02   0.31354050E+14   0.53358783E-01   0.40108115E+02   0.20832929E+10   0.50132216E+16   0.34980424E-02   0.50617168E+02   0.17638136E+11   0.11907369E+02   0.58269520E+14   0.21599766E+11   0.18110540E+02   0.20281077E+14   0.88239516E+10
   0.50000000E-01   0.25118864E+11   0.14986245E+02   0.31354050E+14   0.57615488E-01   0.43307746E+02   0.26449786E+10   0.47942940E+16   0.38445580E-02   0.54403028E+02   0.22183840E+11   0.11694701E+02   0.58269520E+14   0.27208256E+11   0.17796200E+02   0.20281077E+14   0.88239516E+10
   0.50000000E-01   0.31622777E+11   0.14719985E+02   0.31354050E+14   0.62211773E-01   0.46762628E+02   0.33586446E+10   0.45825814E+16   0.42263476E-02   0.58470206E+02   0.27900639E+11   0.11483197E+02   0.58269520E+14   0.34273443E+11   0.17483464E+02   0.20281077E+14   0.88239516E+10
   0.50000000E-01   0.39810717E+11   0.14451507E+02   0.31354050E+14   0.67174727E-01   0.50493125E+02   0.42661010E+10   0.43751666E+16   0.46482852E-02   0.62835400E+02   0.35088903E+11   0.11269911E+02   0.58269520E+14   0.43174239E+11   0.17168101E+02   0.20281077E+14   0.88239516E+10
   0.50000000E-01   0.50118723E+11   0.14184767E+02   0.31354050E+14   0.72533602E-01   0.54521222E+02   0.54196454E+10   0.41750488E+16   0.51134854E-02   0.67524616E+02   0.44128492E+11   0.11058070E+02   0.58269520E+14   0.54387441E+11   0.16854763E+02   0.20281077E+14   0.88239516E+10
   0.50000000E-01   0.63095734E+11   0.13916235E+02   0.31354050E+14   0.78319982E-01   0.58870661E+02   0.68871564E+10   0.39795068E+16   0.56279576E-02   0.72557075E+02   0.55494534E+11   0.10844825E+02   0.58269520E+14   0.68514521E+11   0.16539289E+02   0.20281077E+14   0.88239516E+10
   0.50000000E-01   0.79432823E+11   0.13648749E+02   0.31354050E+14   0.84567971E-01   0.63567078E+02   0.87538795E+10   0.37905582E+16   0.61960234E-02   0.77961280E+02   0.69785408E+11   0.10632412E+02   0.58269520E+14   0.86312638E+11   0.16225018E+02   0.20281077E+14   0.88239516E+10
   0.50000000E-01   0.10000000E+12   0.13380739E+02   0.31354050E+14   0.91314395E-01   0.68638152E+02   0.11129662E+11   0.36070012E+16   0.68243163E-02   0.83761919E+02   0.87753711E+11   0.10419639E+02   0.58269520E+14   0.10873680E+12   0.15910109E+02   0.20281077E+14   0.88239516E+10
   0.50000000E-01   0.12589254E+12   0.13113125E+02   0.31354050E+14   0.98599016E-01   0.74113771E+02   0.14153864E+11   0.34293961E+16   0.75191088E-02   0.89989020E+02   0.11034432E+12   0.10207207E+02   0.58269520E+14   0.13698981E+12   0.15595639E+02   0.20281077E+14   0.88239516E+10
   0.50000000E-01   0.15848932E+12   0.12845767E+02   0.31354050E+14   0.10646477E+00   0.80026210E+02   0.18004762E+11   0.32575533E+16   0.82879262E-02   0.96673171E+02   0.13874488E+12   0.99950068E+01   0.58269520E+14   0.17258787E+12   0.15281442E+02   0.20281077E+14   0.88239516E+10
   0.50000000E-01   0.19952623E+12   0.12578110E+02   0.31354050E+14   0.11495801E+00   0.86410313E+02   0.22910512E+11   0.30910423E+16   0.91395301E-02   0.10384621E+03   0.17444676E+12   0.97825877E+01   0.58269520E+14   0.21744205E+12   0.14966862E+02   0.20281077E+14   0.88239516E+10
   0.50000000E-01   0.25118864E+12   0.12312353E+02   0.31354050E+14   0.12412881E+00   0.93303710E+02   0.29159797E+11   0.29311068E+16   0.10081648E-01   0.11154797E+03   0.21932770E+12   0.95717116E+01   0.58269520E+14   0.27395885E+12   0.14654478E+02   0.20281077E+14   0.88239516E+10
   0.50000000E-01   0.31622777E+12   0.12045147E+02   0.31354050E+14   0.13403120E+00   0.10074703E+03   0.37128139E+11   0.27756427E+16   0.11127402E-01   0.11980913E+03   0.27574068E+12   0.93597260E+01   0.58269520E+14   0.34517740E+12   0.14340373E+02   0.20281077E+14   0.88239516E+10
   0.50000000E-01   0.39810717E+12   0.11779625E+02   0.31354050E+14   0.14472356E+00   0.10878414E+03   0.47286883E+11   0.26263891E+16   0.12285923E-01   0.12867721E+03   0.34664882E+12   0.91491082E+01   0.58269520E+14   0.43492078E+12   0.14028214E+02   0.20281077E+14   0.88239516E+10
   0.50000000E-01   0.50118723E+12   0.11514763E+02   0.31354050E+14   0.15626891E+00   0.11746241E+03   0.60245220E+11   0.24826280E+16   0.13571179E-01   0.13819353E+03   0.43576945E+12   0.89390493E+01   0.58269520E+14   0.54801286E+12   0.13716800E+02   0.20281077E+14   0.88239516E+10
   0.50000000E-01   0.63095734E+12   0.11250194E+02   0.31354050E+14   0.16873529E+00   0.12683299E+03   0.76782822E+11   0.23440568E+16   0.14998433E-01   0.14840355E+03   0.54777202E+12   0.87292586E+01   0.58269520E+14   0.69053452E+12   0.13405696E+02   0.20281077E+14   0.88239516E+10
   0.50000000E-01   0.79432823E+12   0.10987512E+02   0.31354050E+14   0.18219617E+00   0.13695112E+03   0.97890429E+11   0.22113748E+16   0.16582113E-01   0.15936222E+03   0.68852815E+12   0.85210020E+01   0.58269520E+14   0.87014664E+12   0.13096776E+02   0.20281077E+14   0.88239516E+10
   0.50000000E-01   0.10000000E+13   0.10725476E+02   0.31354050E+14   0.19673090E+00   0.14787642E+03   0.12484884E+12   0.20838105E+16   0.18342394E-01   0.17111948E+03   0.86540061E+12   0.83132919E+01   0.58269520E+14   0.10965148E+13   0.12788578E+02   0.20281077E+14   0.88239516E+10
   0.50000000E-01   0.12589254E+13   0.10464303E+02   0.31354050E+14   0.21242514E+00   0.15967328E+03   0.15929473E+12   0.19613557E+16   0.20299980E-01   0.18373340E+03   0.10876387E+13   0.81062986E+01   0.58269520E+14   0.13818244E+13   0.12481367E+02   0.20281077E+14   0.88239516E+10
   0.50000000E-01   0.15848932E+13   0.10205096E+02   0.31354050E+14   0.22937139E+00   0.17241124E+03   0.20331752E+12   0.18443785E+16   0.22476163E-01   0.19727022E+03   0.13668738E+13   0.79009131E+01   0.58269520E+14   0.17414358E+13   0.12176443E+02   0.20281077E+14   0.88239516E+10
   0.50000000E-01   0.19952623E+13   0.99473754E+01   0.31354050E+14   0.24766953E+00   0.18616538E+03   0.25961155E+12   0.17325013E+16   0.24897977E-01   0.21179474E+03   0.17176892E+13   0.76967510E+01   0.58269520E+14   0.21947127E+13   0.11873223E+02   0.20281077E+14   0.88239516E+10
   0.50000000E-01   0.25118864E+13   0.96905801E+01   0.31354050E+14   0.26742741E+00   0.20101675E+03   0.33164447E+12   0.16253471E+16   0.27596635E-01   0.22737542E+03   0.21583841E+13   0.74933627E+01   0.58269520E+14   0.27660791E+13   0.11571034E+02   0.20281077E+14   0.88239516E+10
   0.50000000E-01   0.31622777E+13   0.94360178E+01   0.31354050E+14   0.28876147E+00   0.21705289E+03   0.42383689E+12   0.15233126E+16   0.30602048E-01   0.24409525E+03   0.27119384E+13   0.72917667E+01   0.58269520E+14   0.34863321E+13   0.11271435E+02   0.20281077E+14   0.88239516E+10
   0.50000000E-01   0.39810717E+13   0.91837316E+01   0.31354050E+14   0.31179746E+00   0.23436832E+03   0.54188840E+12   0.14262361E+16   0.33951064E-01   0.26203749E+03   0.34072598E+13   0.70920480E+01   0.58269520E+14   0.43943531E+13   0.10974508E+02   0.20281077E+14   0.88239516E+10
   0.50000000E-01   0.50118723E+13   0.89332741E+01   0.31354050E+14   0.33667116E+00   0.25306509E+03   0.69315153E+12   0.13337800E+16   0.37687320E-01   0.28128830E+03   0.42804775E+13   0.68938019E+01   0.58269520E+14   0.55390733E+13   0.10679655E+02   0.20281077E+14   0.88239516E+10
   0.50000000E-01   0.63095734E+13   0.86846662E+01   0.31354050E+14   0.36352915E+00   0.27325340E+03   0.88708434E+12   0.12458000E+16   0.41858737E-01   0.30194275E+03   0.53770575E+13   0.66970790E+01   0.58269520E+14   0.69823621E+13   0.10386952E+02   0.20281077E+14   0.88239516E+10
   0.50000000E-01   0.79432823E+13   0.84386932E+01   0.31354050E+14   0.39252975E+00   0.29505224E+03   0.11358180E+13   0.11624074E+16   0.46515467E-01   0.32410885E+03   0.67539777E+13   0.65024817E+01   0.58269520E+14   0.88021518E+13   0.10097310E+02   0.20281077E+14   0.88239516E+10
   0.50000000E-01   0.10000000E+14   0.81954318E+01   0.31354050E+14   0.42384388E+00   0.31859008E+03   0.14550171E+13   0.10834469E+16   0.51717089E-01   0.34789822E+03   0.84828148E+13   0.63100951E+01   0.58269520E+14   0.11096758E+14   0.98108074E+01   0.20281077E+14   0.88239516E+10
   0.50000000E-01   0.12589254E+14   0.79549313E+01   0.31354050E+14   0.45765609E+00   0.34400565E+03   0.18648870E+13   0.10087553E+16   0.57531118E-01   0.37343073E+03   0.10653086E+14   0.61199186E+01   0.58269520E+14   0.13990288E+14   0.95275126E+01   0.20281077E+14   0.88239516E+10
   0.50000000E-01   0.15848932E+14   0.77172292E+01   0.31354050E+14   0.49416568E+00   0.37144876E+03   0.23915128E+13   0.93816868E+15   0.64034081E-01   0.40083531E+03   0.13377438E+14   0.59320270E+01   0.58269520E+14   0.17639367E+14   0.92474773E+01   0.20281077E+14   0.88239516E+10
   0.50000000E-01   0.19952623E+14   0.74820366E+01   0.31354050E+14   0.53358783E+00   0.40108115E+03   0.30686808E+13   0.87143544E+15   0.71315853E-01   0.43024716E+03   0.16796689E+14   0.57461698E+01   0.58269520E+14   0.22241467E+14   0.89703319E+01   0.20281077E+14   0.88239516E+10
   0.50000000E-01   0.25118864E+14   0.72499962E+01   0.31354050E+14   0.57615488E+00   0.43307746E+03   0.39398568E+13   0.80857033E+15   0.79469680E-01   0.46182208E+03   0.21087641E+14   0.55628564E+01   0.58269520E+14   0.28046064E+14   0.86968630E+01   0.20281077E+14   0.88239516E+10
   0.50000000E-01   0.31622777E+14   0.70211981E+01   0.31354050E+14   0.62211773E+00   0.46762628E+03   0.50613734E+13   0.74942140E+15   0.88605637E-01   0.49572260E+03   0.26471891E+14   0.53821643E+01   0.58269520E+14   0.35367880E+14   0.84271705E+01   0.20281077E+14   0.88239516E+10
   0.50000000E-01   0.39810717E+14   0.67957362E+01   0.31354050E+14   0.67174727E+00   0.50493125E+03   0.65061670E+13   0.69383908E+15   0.98848345E-01   0.53212432E+03   0.33227015E+14   0.52041645E+01   0.58269520E+14   0.44603967E+14   0.81613476E+01   0.20281077E+14   0.88239516E+10
   0.50000000E-01   0.50118723E+14   0.65738021E+01   0.31354050E+14   0.72533602E+00   0.54521222E+03   0.83686738E+13   0.64169780E+15   0.11033737E+00   0.57121844E+03   0.41700899E+14   0.50290100E+01   0.58269520E+14   0.56255927E+14   0.78996333E+01   0.20281077E+14   0.88239516E+10
   0.50000000E-01   0.63095734E+14   0.63557119E+01   0.31354050E+14   0.78319982E+00   0.58870661E+03   0.10771154E+14   0.59289648E+15   0.12322771E+00   0.61321411E+03   0.52329484E+14   0.48569513E+01   0.58269520E+14   0.70956777E+14   0.76423989E+01   0.20281077E+14   0.88239516E+10
   0.50000000E-01   0.79432823E+14   0.61413844E+01   0.31354050E+14   0.84567971E+00   0.63567078E+03   0.13872622E+14   0.54724454E+15   0.13770180E+00   0.65833155E+03   0.65658539E+14   0.46879261E+01   0.58269520E+14   0.89506009E+14   0.73895483E+01   0.20281077E+14   0.88239516E+10
   0.50000000E-01   0.10000000E+15   0.59311282E+01   0.31354050E+14   0.91314395E+00   0.68638152E+03   0.17879044E+14   0.50463835E+15   0.15395788E+00   0.70681602E+03   0.82371893E+14   0.45221788E+01   0.58269520E+14   0.11291291E+15   0.71414442E+01   0.20281077E+14   0.88239516E+10
   0.50000000E-01   0.12589254E+15   0.57254943E+01   0.31354050E+14   0.98599016E+00   0.74113771E+03   0.23057028E+14   0.46501430E+15   0.17221049E+00   0.75893935E+03   0.10332590E+15   0.43601368E+01   0.58269520E+14   0.14245153E+15   0.68987367E+01   0.20281077E+14   0.88239516E+10
   0.50000000E-01   0.15848932E+15   0.55258216E+01   0.31354050E+14   0.10646477E+01   0.80026210E+03   0.29748919E+14   0.42843585E+15   0.19266776E+00   0.81501626E+03   0.12959567E+15   0.42028552E+01   0.58269520E+14   0.17972876E+15   0.66630068E+01   0.20281077E+14   0.88239516E+10
   0.50000000E-01   0.19952623E+15   0.53332204E+01   0.31354050E+14   0.11495801E+01   0.86410313E+03   0.38395619E+14   0.39488833E+15   0.21555084E+00   0.87538920E+03   0.16253023E+15   0.40512121E+01   0.58269520E+14   0.22677198E+15   0.64355678E+01   0.20281077E+14   0.88239516E+10
   0.50000000E-01   0.25118864E+15   0.51495956E+01   0.31354050E+14   0.12412881E+01   0.93303710E+03   0.49557146E+14   0.36445984E+15   0.24104574E+00   0.94045629E+03   0.20382606E+15   0.39067033E+01   0.58269520E+14   0.28613530E+15   0.62186743E+01   0.20281077E+14   0.88239516E+10
   0.50000000E-01   0.31622777E+15   0.49774857E+01   0.31354050E+14   0.13403120E+01   0.10074703E+04   0.63936833E+14   0.33729136E+15   0.26927491E+00   0.10106780E+04   0.25562144E+15   0.37713183E+01   0.58269520E+14   0.36103261E+15   0.60153335E+01   0.20281077E+14   0.88239516E+10
   0.50000000E-01   0.39810717E+15   0.48191042E+01   0.31354050E+14   0.14472356E+01   0.10878414E+04   0.82415611E+14   0.31342414E+15   0.30031217E+00   0.10865594E+04   0.32061184E+15   0.36467856E+01   0.58269520E+14   0.45550537E+15   0.58281630E+01   0.20281077E+14   0.88239516E+10
   0.50000000E-01   0.50118723E+15   0.46759009E+01   0.31354050E+14   0.15626891E+01   0.11746241E+04   0.10609551E+15   0.29276349E+15   0.33420065E+00   0.11686382E+04   0.40219482E+15   0.35342303E+01   0.58269520E+14   0.57463320E+15   0.56588703E+01   0.20281077E+14   0.88239516E+10
   0.50000000E-01   0.63095734E+15   0.45492859E+01   0.31354050E+14   0.16873529E+01   0.12683299E+04   0.13633669E+15   0.27521143E+15   0.37090499E+00   0.12575065E+04   0.50467370E+15   0.34347689E+01   0.58269520E+14   0.72481825E+15   0.55091824E+01   0.20281077E+14   0.88239516E+10
   0.50000000E-01   0.79432823E+15   0.44393677E+01   0.31354050E+14   0.18219617E+01   0.13695112E+04   0.17483864E+15   0.26051024E+15   0.41041019E+00   0.13537699E+04   0.63345627E+15   0.33484519E+01   0.58269520E+14   0.91408446E+15   0.53791967E+01   0.20281077E+14   0.88239516E+10
   0.50000000E-01   0.10000000E+16   0.43458750E+01   0.31354050E+14   0.19673090E+01   0.14787642E+04   0.22370912E+15   0.24839303E+15   0.45268421E+00   0.14580734E+04   0.79537432E+15   0.32750541E+01   0.58269520E+14   0.11525328E+16   0.52686077E+01   0.20281077E+14   0.88239516E+10
   0.50000000E-01   0.12589254E+16   0.42680017E+01   0.31354050E+14   0.21242514E+01   0.15967328E+04   0.28557208E+15   0.23856874E+15   0.49771568E+00   0.15710949E+04   0.99903631E+15   0.32139251E+01   0.58269520E+14   0.14528693E+16   0.51764772E+01   0.20281077E+14   0.88239516E+10
   0.50000000E-01   0.15848932E+16   0.42045282E+01   0.31354050E+14   0.22937139E+01   0.17241124E+04   0.36370295E+15   0.23073987E+15   0.54553419E+00   0.16935484E+04   0.12553367E+16   0.31641331E+01   0.58269520E+14   0.18310852E+16   0.51013798E+01   0.20281077E+14   0.88239516E+10
   0.50000000E-01   0.19952623E+16   0.41538872E+01   0.31354050E+14   0.24766953E+01   0.18616538E+04   0.46220766E+15   0.22460803E+15   0.59623556E+00   0.18261853E+04   0.15779274E+16   0.31244083E+01   0.58269520E+14   0.23072858E+16   0.50414567E+01   0.20281077E+14   0.88239516E+10
   0.50000000E-01   0.25118864E+16   0.41143338E+01   0.31354050E+14   0.26742741E+01   0.20101675E+04   0.58624677E+15   0.21988878E+15   0.64998957E+00   0.19698005E+04   0.19840370E+16   0.30933817E+01   0.58269520E+14   0.29067847E+16   0.49946457E+01   0.20281077E+14   0.88239516E+10
   0.50000000E-01   0.31622777E+16   0.40840459E+01   0.31354050E+14   0.28876147E+01   0.21705289E+04   0.74232400E+15   0.21631636E+15   0.70704757E+00   0.21252383E+04   0.24953541E+16   0.30696256E+01   0.58269520E+14   0.36614853E+16   0.49588075E+01   0.20281077E+14   0.88239516E+10
   0.50000000E-01   0.39810717E+16   0.40612398E+01   0.31354050E+14   0.31179746E+01   0.23436832E+04   0.93864837E+15   0.21364997E+15   0.76773961E+00   0.22933994E+04   0.31391937E+16   0.30517485E+01   0.58269520E+14   0.46114785E+16   0.49318088E+01   0.20281077E+14   0.88239516E+10
   0.50000000E-01   0.50118723E+16   0.40443090E+01   0.31354050E+14   0.33667116E+01   0.25306509E+04   0.11855780E+16   0.21168356E+15   0.83245657E+00   0.24752523E+04   0.39498384E+16   0.30384692E+01   0.58269520E+14   0.58073661E+16   0.49117728E+01   0.20281077E+14   0.88239516E+10
   0.50000000E-01   0.63095734E+16   0.40318787E+01   0.31354050E+14   0.36352915E+01   0.27325340E+04   0.14961779E+16   0.21024692E+15   0.90163712E+00   0.26718430E+04   0.49705377E+16   0.30287214E+01   0.58269520E+14   0.73127606E+16   0.48970604E+01   0.20281077E+14   0.88239516E+10
   0.50000000E-01   0.79432823E+16   0.40228449E+01   0.31354050E+14   0.39252975E+01   0.29505224E+04   0.18869111E+16   0.20920658E+15   0.97575164E+00   0.28843056E+04   0.62557229E+16   0.30216433E+01   0.58269520E+14   0.92077614E+16   0.48863606E+01   0.20281077E+14   0.88239516E+10
   0.50000000E-01   0.10000000E+17   0.40163295E+01   0.31354050E+14   0.42384388E+01   0.31859008E+04   0.23785209E+16   0.20845821E+15   0.10553015E+01   0.31138695E+04   0.78738234E+16   0.30165368E+01   0.58269520E+14   0.11593333E+17   0.48786499E+01   0.20281077E+14   0.88239516E+10
   0.50000000E-01   0.12589254E+17   0.40116565E+01   0.31354050E+14   0.45765609E+01   0.34400565E+04   0.29971342E+16   0.20792247E+15   0.11408158E+01   0.33618671E+04   0.99110291E+16   0.30128723E+01   0.58269520E+14   0.14596451E+17   0.48731192E+01   0.20281077E+14   0.88239516E+10
