         1        92   0.19000000E+01   0.31562220E+00   0.68437780E+00   0.82883870E+00   0.96580000E+00   0.22242000E-01  ---------------   0.27255000E+01  ---------------      0.67238290E+00                                 
   0.19000000E+01   0.10000000E+08   0.75848736E+01   0.39710532E+15   0.18183126E-02   0.48640824E+01   0.15250640E+07   0.11401689E+17   0.23972880E-03   0.52314145E+01   0.95921961E+07   0.70955654E+01   0.46527292E+15   0.98109511E+07   0.73549814E+01   0.42728448E+15   0.23164964E+10
   0.19000000E+01   0.12589254E+08   0.75208078E+01   0.39710532E+15   0.19633688E-02   0.52521154E+01   0.19300223E+07   0.11173568E+17   0.26105824E-03   0.56395917E+01   0.12073797E+08   0.70352320E+01   0.46527292E+15   0.12350321E+08   0.72926734E+01   0.42728448E+15   0.23164964E+10
   0.19000000E+01   0.15848932E+08   0.74555621E+01   0.39710532E+15   0.21199969E-02   0.56711037E+01   0.24429027E+07   0.10944185E+17   0.28435105E-03   0.60794022E+01   0.15197332E+08   0.69737892E+01   0.46527292E+15   0.15546918E+08   0.72292186E+01   0.42728448E+15   0.23164964E+10
   0.19000000E+01   0.19952623E+08   0.73902367E+01   0.39710532E+15   0.22891200E-02   0.61235170E+01   0.30922992E+07   0.10717479E+17   0.30974921E-03   0.65534630E+01   0.19128880E+08   0.69122723E+01   0.46527292E+15   0.19570814E+08   0.71656816E+01   0.42728448E+15   0.23164964E+10
   0.19000000E+01   0.25118864E+08   0.73250278E+01   0.39710532E+15   0.24717349E-02   0.66120215E+01   0.39145492E+07   0.10494111E+17   0.33743693E-03   0.70644731E+01   0.24077312E+08   0.68508520E+01   0.46527292E+15   0.24635979E+08   0.71022411E+01   0.42728448E+15   0.23164964E+10
   0.19000000E+01   0.31622777E+08   0.72599789E+01   0.39710532E+15   0.26689180E-02   0.71394966E+01   0.49557087E+07   0.10274198E+17   0.36762062E-03   0.76153200E+01   0.30305916E+08   0.67895940E+01   0.46527292E+15   0.31012275E+08   0.70389752E+01   0.42728448E+15   0.23164964E+10
   0.19000000E+01   0.39810717E+08   0.71938515E+01   0.39710532E+15   0.28818313E-02   0.77090511E+01   0.62748162E+07   0.10053597E+17   0.40059644E-03   0.82088470E+01   0.38145635E+08   0.67273247E+01   0.46527292E+15   0.39038832E+08   0.69746636E+01   0.42728448E+15   0.23164964E+10
   0.19000000E+01   0.50118723E+08   0.71275587E+01   0.39710532E+15   0.31117299E-02   0.83240419E+01   0.79457439E+07   0.98354236E+16   0.43657723E-03   0.88485466E+01   0.48013210E+08   0.66649009E+01   0.46527292E+15   0.49142730E+08   0.69101917E+01   0.42728448E+15   0.23164964E+10
   0.19000000E+01   0.63095734E+08   0.70613074E+01   0.39710532E+15   0.33599686E-02   0.89880937E+01   0.10062349E+08   0.96203487E+16   0.47582812E-03   0.95380552E+01   0.60433165E+08   0.66025172E+01   0.46527292E+15   0.61861379E+08   0.68457524E+01   0.42728448E+15   0.23164964E+10
   0.19000000E+01   0.79432823E+08   0.69952706E+01   0.39710532E+15   0.36280107E-02   0.97051203E+01   0.12743516E+08   0.94089009E+16   0.51863765E-03   0.10281295E+02   0.76065303E+08   0.65403255E+01   0.46527292E+15   0.77871335E+08   0.67815128E+01   0.42728448E+15   0.23164964E+10
   0.19000000E+01   0.10000000E+09   0.69280651E+01   0.39710532E+15   0.39174358E-02   0.10479348E+02   0.16142098E+08   0.91966989E+16   0.56544443E-03   0.11082053E+02   0.95740645E+08   0.64770421E+01   0.46527292E+15   0.98024978E+08   0.67161504E+01   0.42728448E+15   0.23164964E+10
   0.19000000E+01   0.12589254E+09   0.68608977E+01   0.39710532E+15   0.42299499E-02   0.11315340E+02   0.20448683E+08   0.89876110E+16   0.61653009E-03   0.11945126E+02   0.12050508E+09   0.64137994E+01   0.46527292E+15   0.12339453E+09   0.66508289E+01   0.42728448E+15   0.23164964E+10
   0.19000000E+01   0.15848932E+09   0.67938013E+01   0.39710532E+15   0.45673948E-02   0.12218023E+02   0.25906261E+08   0.87817150E+16   0.67228855E-03   0.12875370E+02   0.15167462E+09   0.63506248E+01   0.46527292E+15   0.15532965E+09   0.65855769E+01   0.42728448E+15   0.23164964E+10
   0.19000000E+01   0.19952623E+09   0.67264465E+01   0.39710532E+15   0.49317595E-02   0.13192717E+02   0.32824087E+08   0.85779956E+16   0.73318944E-03   0.13877890E+02   0.19090553E+09   0.62872081E+01   0.46527292E+15   0.19552933E+09   0.65200740E+01   0.42728448E+15   0.23164964E+10
   0.19000000E+01   0.25118864E+09   0.66584575E+01   0.39710532E+15   0.53251914E-02   0.14245169E+02   0.41595503E+08   0.83753577E+16   0.79976352E-03   0.14958140E+02   0.24028217E+09   0.62231957E+01   0.46527292E+15   0.24613207E+09   0.64539545E+01   0.42728448E+15   0.23164964E+10
   0.19000000E+01   0.31622777E+09   0.65905632E+01   0.39710532E+15   0.57500094E-02   0.15381579E+02   0.52715306E+08   0.81759912E+16   0.87246101E-03   0.16122432E+02   0.30242871E+09   0.61592739E+01   0.46527292E+15   0.30982925E+09   0.63879210E+01   0.42728448E+15   0.23164964E+10
   0.19000000E+01   0.39810717E+09   0.65227512E+01   0.39710532E+15   0.62087174E-02   0.16608647E+02   0.66813637E+08   0.79798303E+16   0.95185561E-03   0.17377297E+02   0.38064738E+09   0.60954308E+01   0.46527292E+15   0.39000963E+09   0.63219655E+01   0.42728448E+15   0.23164964E+10
   0.19000000E+01   0.50118723E+09   0.64541021E+01   0.39710532E+15   0.67040188E-02   0.17933605E+02   0.84697968E+08   0.77842463E+16   0.10387222E-02   0.18729320E+02   0.47909116E+09   0.60307944E+01   0.46527292E+15   0.49093853E+09   0.62551981E+01   0.42728448E+15   0.23164964E+10
   0.19000000E+01   0.63095734E+09   0.63855309E+01   0.39710532E+15   0.72388330E-02   0.19364261E+02   0.10737968E+09   0.75918779E+16   0.11336306E-02   0.20186475E+02   0.60299346E+09   0.59662373E+01   0.46527292E+15   0.61798646E+09   0.61885114E+01   0.42728448E+15   0.23164964E+10
   0.19000000E+01   0.79432823E+09   0.63170978E+01   0.39710532E+15   0.78163121E-02   0.20909048E+02   0.13614783E+09   0.74028610E+16   0.12373264E-02   0.21756970E+02   0.75893741E+09   0.59018146E+01   0.46527292E+15   0.77791226E+09   0.61219625E+01   0.42728448E+15   0.23164964E+10
   0.19000000E+01   0.10000000E+10   0.62480610E+01   0.39710532E+15   0.84398596E-02   0.22577071E+02   0.17265295E+09   0.72151582E+16   0.13507966E-02   0.23449156E+02   0.95520453E+09   0.58368253E+01   0.46527292E+15   0.97922129E+09   0.60548270E+01   0.42728448E+15   0.23164964E+10
   0.19000000E+01   0.12589254E+10   0.61790018E+01   0.39710532E+15   0.91131508E-02   0.24378160E+02   0.21897131E+09   0.70303715E+16   0.14748581E-02   0.25272820E+02   0.12022220E+10   0.57718167E+01   0.46527292E+15   0.12326225E+10   0.59876703E+01   0.42728448E+15   0.23164964E+10
   0.19000000E+01   0.15848932E+10   0.61101217E+01   0.39710532E+15   0.98401539E-02   0.26322932E+02   0.27774240E+09   0.68490107E+16   0.16104677E-02   0.27238317E+02   0.15131123E+10   0.57069784E+01   0.46527292E+15   0.15515952E+10   0.59206884E+01   0.42728448E+15   0.23164964E+10
   0.19000000E+01   0.19952623E+10   0.60408878E+01   0.39710532E+15   0.10625154E-01   0.28422848E+02   0.35234297E+09   0.66696649E+16   0.17588729E-02   0.29356264E+02   0.19043856E+10   0.56418090E+01   0.46527292E+15   0.19531044E+10   0.58533630E+01   0.42728448E+15   0.23164964E+10
   0.19000000E+01   0.25118864E+10   0.59714368E+01   0.39710532E+15   0.11472777E-01   0.30690285E+02   0.44704687E+09   0.64927050E+16   0.19212758E-02   0.31638572E+02   0.23968231E+10   0.55764372E+01   0.46527292E+15   0.24585057E+10   0.57858271E+01   0.42728448E+15   0.23164964E+10
   0.19000000E+01   0.31622777E+10   0.59023589E+01   0.39710532E+15   0.12388020E-01   0.33138608E+02   0.56725330E+09   0.63196054E+16   0.20988252E-02   0.34098524E+02   0.30165838E+10   0.55114185E+01   0.46527292E+15   0.30946832E+10   0.57186548E+01   0.42728448E+15   0.23164964E+10
   0.19000000E+01   0.39810717E+10   0.58330010E+01   0.39710532E+15   0.13376276E-01   0.35782246E+02   0.71989865E+09   0.61487041E+16   0.22932066E-02   0.36749319E+02   0.37965745E+10   0.54461383E+01   0.46527292E+15   0.38954693E+10   0.56512108E+01   0.42728448E+15   0.23164964E+10
   0.19000000E+01   0.50118723E+10   0.57635447E+01   0.39710532E+15   0.14443371E-01   0.38636780E+02   0.91375336E+09   0.59804528E+16   0.25059875E-02   0.39605933E+02   0.47782165E+10   0.53807678E+01   0.46527292E+15   0.49034540E+10   0.55836720E+01   0.42728448E+15   0.23164964E+10
   0.19000000E+01   0.63095734E+10   0.56946060E+01   0.39710532E+15   0.15595593E-01   0.41719035E+02   0.11598972E+10   0.58162980E+16   0.27386606E-02   0.42685056E+02   0.60136500E+10   0.53158866E+01   0.46527292E+15   0.61722524E+10   0.55166374E+01   0.42728448E+15   0.23164964E+10
   0.19000000E+01   0.79432823E+10   0.56253092E+01   0.39710532E+15   0.16839734E-01   0.45047178E+02   0.14726180E+10   0.56541248E+16   0.29935659E-02   0.46002967E+02   0.75684547E+10   0.52506707E+01   0.46527292E+15   0.77693320E+10   0.54492553E+01   0.42728448E+15   0.23164964E+10
   0.19000000E+01   0.10000000E+11   0.55563557E+01   0.39710532E+15   0.18183126E-01   0.48640824E+02   0.18698442E+10   0.54955559E+16   0.32724914E-02   0.49579102E+02   0.95252053E+10   0.51857805E+01   0.46527292E+15   0.97796560E+10   0.53822115E+01   0.42728448E+15   0.23164964E+10
   0.19000000E+01   0.12589254E+11   0.54879882E+01   0.39710532E+15   0.19633688E-01   0.52521154E+02   0.23743952E+10   0.53410743E+16   0.35775748E-02   0.53433959E+02   0.11987803E+11   0.51214430E+01   0.46527292E+15   0.12310153E+11   0.53157414E+01   0.42728448E+15   0.23164964E+10
   0.19000000E+01   0.15848932E+11   0.54191641E+01   0.39710532E+15   0.21199969E-01   0.56711037E+02   0.30157252E+10   0.51882963E+16   0.39120367E-02   0.57587686E+02   0.15086939E+11   0.50566783E+01   0.46527292E+15   0.15495370E+11   0.52488298E+01   0.42728448E+15   0.23164964E+10
   0.19000000E+01   0.19952623E+11   0.53513105E+01   0.39710532E+15   0.22891200E-01   0.61235170E+02   0.38303931E+10   0.50403406E+16   0.42776811E-02   0.62065845E+02   0.18987237E+11   0.49928293E+01   0.46527292E+15   0.19504654E+11   0.51828554E+01   0.42728448E+15   0.23164964E+10
   0.19000000E+01   0.25118864E+11   0.52838191E+01   0.39710532E+15   0.24717349E-01   0.66120215E+02   0.48656664E+10   0.48957838E+16   0.46779325E-02   0.66892803E+02   0.23895727E+11   0.49293236E+01   0.46527292E+15   0.24551229E+11   0.51172333E+01   0.42728448E+15   0.23164964E+10
   0.19000000E+01   0.31622777E+11   0.52165310E+01   0.39710532E+15   0.26689180E-01   0.71394966E+02   0.61815750E+10   0.47542346E+16   0.51162697E-02   0.72095483E+02   0.30072962E+11   0.48660120E+01   0.46527292E+15   0.30903455E+11   0.50518099E+01   0.42728448E+15   0.23164964E+10
   0.19000000E+01   0.39810717E+11   0.51503735E+01   0.39710532E+15   0.28818313E-01   0.77090511E+02   0.78534286E+10   0.46175496E+16   0.55953831E-02   0.77705174E+02   0.37847011E+11   0.48037666E+01   0.46527292E+15   0.38899191E+11   0.49874871E+01   0.42728448E+15   0.23164964E+10
   0.19000000E+01   0.50118723E+11   0.50843450E+01   0.39710532E+15   0.31117299E-01   0.83240419E+02   0.99789058E+10   0.44835710E+16   0.61202178E-02   0.83751622E+02   0.47630399E+11   0.47416453E+01   0.46527292E+15   0.48963539E+11   0.49232907E+01   0.42728448E+15   0.23164964E+10
   0.19000000E+01   0.63095734E+11   0.50196982E+01   0.39710532E+15   0.33599686E-01   0.89880937E+02   0.12679245E+11   0.43547407E+16   0.66935671E-02   0.90272006E+02   0.59942780E+11   0.46808265E+01   0.46527292E+15   0.61631831E+11   0.48604389E+01   0.42728448E+15   0.23164964E+10
   0.19000000E+01   0.79432823E+11   0.49557595E+01   0.39710532E+15   0.36280107E-01   0.97051203E+02   0.16111325E+11   0.42295875E+16   0.73207965E-02   0.97301978E+02   0.75437409E+11   0.46206718E+01   0.46527292E+15   0.77577658E+11   0.47982769E+01   0.42728448E+15   0.23164964E+10
   0.19000000E+01   0.10000000E+12   0.48930143E+01   0.39710532E+15   0.39174358E-01   0.10479348E+03   0.20472215E+11   0.41089457E+16   0.80061809E-02   0.10488296E+03   0.94937302E+11   0.45616444E+01   0.46527292E+15   0.97649495E+11   0.47372833E+01   0.42728448E+15   0.23164964E+10
   0.19000000E+01   0.12589254E+12   0.48316963E+01   0.39710532E+15   0.42299499E-01   0.11315340E+03   0.26012184E+11   0.39931149E+16   0.87545855E-02   0.11305918E+03   0.11947797E+12   0.45039637E+01   0.46527292E+15   0.12291469E+12   0.46776791E+01   0.42728448E+15   0.23164964E+10
   0.19000000E+01   0.15848932E+12   0.47714115E+01   0.39710532E+15   0.45673948E-01   0.12218023E+03   0.33051476E+11   0.38812138E+16   0.95724187E-02   0.12187645E+03   0.15036204E+12   0.44472573E+01   0.46527292E+15   0.15471602E+12   0.46190731E+01   0.42728448E+15   0.23164964E+10
   0.19000000E+01   0.19952623E+12   0.47130857E+01   0.39710532E+15   0.49317595E-01   0.13192717E+03   0.41989644E+11   0.37748030E+16   0.10463972E-01   0.13138870E+03   0.18923020E+12   0.43923958E+01   0.46527292E+15   0.19474558E+12   0.45623724E+01   0.42728448E+15   0.23164964E+10
   0.19000000E+01   0.25118864E+12   0.46561178E+01   0.39710532E+15   0.53251914E-01   0.14245169E+03   0.53341814E+11   0.36726179E+16   0.11436977E-01   0.14164898E+03   0.23814594E+12   0.43388137E+01   0.46527292E+15   0.24513210E+12   0.45069931E+01   0.42728448E+15   0.23164964E+10
   0.19000000E+01   0.31622777E+12   0.46013843E+01   0.39710532E+15   0.57500094E-01   0.15381579E+03   0.67748996E+11   0.35760573E+16   0.12496260E-01   0.15272024E+03   0.29970832E+12   0.42873350E+01   0.46527292E+15   0.30855618E+12   0.44537871E+01   0.42728448E+15   0.23164964E+10
   0.19000000E+01   0.39810717E+12   0.45484311E+01   0.39710532E+15   0.62087174E-01   0.16608647E+03   0.86034789E+11   0.34841357E+16   0.13650239E-01   0.16466531E+03   0.37718665E+12   0.42375325E+01   0.46527292E+15   0.38839112E+12   0.44023130E+01   0.42728448E+15   0.23164964E+10
   0.19000000E+01   0.50118723E+12   0.44979484E+01   0.39710532E+15   0.67040188E-01   0.17933605E+03   0.10922617E+12   0.33978657E+16   0.14904615E-01   0.17755716E+03   0.47469840E+12   0.41900548E+01   0.46527292E+15   0.48888457E+12   0.43532417E+01   0.42728448E+15   0.23164964E+10
   0.19000000E+01   0.63095734E+12   0.44496301E+01   0.39710532E+15   0.72388330E-01   0.19364261E+03   0.13863617E+12   0.33165335E+16   0.16268393E-01   0.19147019E+03   0.59742391E+12   0.41446140E+01   0.46527292E+15   0.61538240E+12   0.43062754E+01   0.42728448E+15   0.23164964E+10
   0.19000000E+01   0.79432823E+12   0.44039845E+01   0.39710532E+15   0.78163121E-01   0.20909048E+03   0.17590560E+12   0.32408065E+16   0.17748273E-01   0.20648903E+03   0.75188679E+12   0.41016876E+01   0.46527292E+15   0.77461579E+12   0.42619082E+01   0.42728448E+15   0.23164964E+10
   0.19000000E+01   0.10000000E+13   0.43608375E+01   0.39710532E+15   0.84398596E-01   0.22577071E+03   0.22312175E+12   0.31702077E+16   0.19353758E-01   0.22270168E+03   0.94629630E+12   0.40611117E+01   0.46527292E+15   0.97505383E+12   0.42199662E+01   0.42728448E+15   0.23164964E+10
   0.19000000E+01   0.12589254E+13   0.43204860E+01   0.39710532E+15   0.91131508E-01   0.24378160E+03   0.28290049E+12   0.31050429E+16   0.21092883E-01   0.24020612E+03   0.11909960E+13   0.40231728E+01   0.46527292E+15   0.12273638E+13   0.41807408E+01   0.42728448E+15   0.23164964E+10
   0.19000000E+01   0.15848932E+13   0.42828844E+01   0.39710532E+15   0.98401539E-01   0.26322932E+03   0.35855118E+12   0.30450632E+16   0.22975530E-01   0.25910633E+03   0.14989918E+13   0.39878188E+01   0.46527292E+15   0.15449807E+13   0.41441956E+01   0.42728448E+15   0.23164964E+10
   0.19000000E+01   0.19952623E+13   0.42480669E+01   0.39710532E+15   0.10625154E+00   0.28422848E+03   0.45423915E+12   0.29901619E+16   0.25011738E-01   0.27951528E+03   0.18866557E+13   0.39550764E+01   0.46527292E+15   0.19448052E+13   0.41103574E+01   0.42728448E+15   0.23164964E+10
   0.19000000E+01   0.25118864E+13   0.42162209E+01   0.39710532E+15   0.11472777E+00   0.30690285E+03   0.57519105E+12   0.29404804E+16   0.27211044E-01   0.30155648E+03   0.23746163E+13   0.39251279E+01   0.46527292E+15   0.24481048E+13   0.40793994E+01   0.42728448E+15   0.23164964E+10
   0.19000000E+01   0.31622777E+13   0.41871077E+01   0.39710532E+15   0.12388020E+00   0.33138608E+03   0.72802472E+12   0.28955069E+16   0.29586103E-01   0.32536017E+03   0.29888655E+13   0.38977642E+01   0.46527292E+15   0.30816961E+13   0.40511059E+01   0.42728448E+15   0.23164964E+10
   0.19000000E+01   0.39810717E+13   0.41608805E+01   0.39710532E+15   0.13376276E+00   0.35782246E+03   0.92101811E+12   0.28553542E+16   0.32147705E-01   0.35107047E+03   0.37620262E+13   0.38730980E+01   0.46527292E+15   0.38793042E+13   0.40256195E+01   0.42728448E+15   0.23164964E+10
   0.19000000E+01   0.50118723E+13   0.41373604E+01   0.39710532E+15   0.14443371E+00   0.38636780E+03   0.11646276E+13   0.28196371E+16   0.34909627E-01   0.37884027E+03   0.47353292E+13   0.38509929E+01   0.46527292E+15   0.48833563E+13   0.40027551E+01   0.42728448E+15   0.23164964E+10
   0.19000000E+01   0.63095734E+13   0.41164917E+01   0.39710532E+15   0.15595593E+00   0.41719035E+03   0.14719817E+13   0.27881763E+16   0.37885642E-01   0.40883596E+03   0.59604690E+13   0.38313636E+01   0.46527292E+15   0.61473660E+13   0.39824757E+01   0.42728448E+15   0.23164964E+10
   0.19000000E+01   0.79432823E+13   0.40982598E+01   0.39710532E+15   0.16839734E+00   0.45047178E+03   0.18595631E+13   0.27608670E+16   0.41089961E-01   0.44123789E+03   0.75028111E+13   0.38142294E+01   0.46527292E+15   0.77385913E+13   0.39647547E+01   0.42728448E+15   0.23164964E+10
   0.19000000E+01   0.10000000E+14   0.40824020E+01   0.39710532E+15   0.18183126E+00   0.48640824E+03   0.23481760E+13   0.27372472E+16   0.44540264E-01   0.47623809E+03   0.94443761E+13   0.37993226E+01   0.46527292E+15   0.97417627E+13   0.39493396E+01   0.42728448E+15   0.23164964E+10
   0.19000000E+01   0.12589254E+14   0.40688420E+01   0.39710532E+15   0.19633688E+00   0.52521154E+03   0.29639084E+13   0.27171484E+16   0.48253749E-01   0.51404609E+03   0.11888479E+14   0.37865664E+01   0.46527292E+15   0.12263634E+14   0.39361661E+01   0.42728448E+15   0.23164964E+10
   0.19000000E+01   0.15848932E+14   0.40573333E+01   0.39710532E+15   0.21199969E+00   0.56711037E+03   0.37396546E+13   0.27001608E+16   0.52250992E-01   0.55488589E+03   0.14965461E+14   0.37757511E+01   0.46527292E+15   0.15438376E+14   0.39249798E+01   0.42728448E+15   0.23164964E+10
   0.19000000E+01   0.19952623E+14   0.40476462E+01   0.39710532E+15   0.22891200E+00   0.61235170E+03   0.47168075E+13   0.26859126E+16   0.56554350E-01   0.59899924E+03   0.18839073E+14   0.37666480E+01   0.46527292E+15   0.19435088E+14   0.39155633E+01   0.42728448E+15   0.23164964E+10
   0.19000000E+01   0.25118864E+14   0.40395758E+01   0.39710532E+15   0.24717349E+00   0.66120215E+03   0.59474471E+13   0.26740774E+16   0.61187981E-01   0.64664725E+03   0.23715594E+14   0.37590642E+01   0.46527292E+15   0.24466615E+14   0.39077184E+01   0.42728448E+15   0.23164964E+10
   0.19000000E+01   0.31622777E+14   0.40328505E+01   0.39710532E+15   0.26689180E+00   0.71394966E+03   0.74972284E+13   0.26642392E+16   0.66179442E-01   0.69811027E+03   0.29854477E+14   0.37527352E+01   0.46527292E+15   0.30800897E+14   0.39011811E+01   0.42728448E+15   0.23164964E+10
   0.19000000E+01   0.39810717E+14   0.40272626E+01   0.39710532E+15   0.28818313E+00   0.77090511E+03   0.94487743E+13   0.26560815E+16   0.71558069E-01   0.75369153E+03   0.37582763E+14   0.37474757E+01   0.46527292E+15   0.38775249E+14   0.38957494E+01   0.42728448E+15   0.23164964E+10
   0.19000000E+01   0.50118723E+14   0.40226261E+01   0.39710532E+15   0.31117299E+00   0.83240419E+03   0.11906115E+14   0.26493246E+16   0.77355682E-01   0.81371839E+03   0.47312277E+14   0.37431187E+01   0.46527292E+15   0.48814594E+14   0.38912497E+01   0.42728448E+15   0.23164964E+10
   0.19000000E+01   0.63095734E+14   0.40187661E+01   0.39710532E+15   0.33599686E+00   0.89880937E+03   0.15000270E+14   0.26437071E+16   0.83606972E-01   0.87854395E+03   0.59560934E+14   0.37394914E+01   0.46527292E+15   0.61453131E+14   0.38874988E+01   0.42728448E+15   0.23164964E+10
   0.19000000E+01   0.79432823E+14   0.40155549E+01   0.39710532E+15   0.36280107E+00   0.97051203E+03   0.18896140E+14   0.26390396E+16   0.90348924E-01   0.94855007E+03   0.74980999E+14   0.37364739E+01   0.46527292E+15   0.77364003E+14   0.38843773E+01   0.42728448E+15   0.23164964E+10
   0.19000000E+01   0.10000000E+15   0.40128826E+01   0.39710532E+15   0.39174358E+00   0.10479348E+04   0.23801339E+14   0.26351590E+16   0.97621492E-01   0.10241491E+04   0.94393625E+14   0.37339627E+01   0.46527292E+15   0.97394560E+14   0.38817797E+01   0.42728448E+15   0.23164964E+10
   0.19000000E+01   0.12589254E+15   0.40106516E+01   0.39710532E+15   0.42299499E+00   0.11315340E+04   0.29977273E+14   0.26319221E+16   0.10546790E+00   0.11057861E+04   0.11883258E+15   0.37318664E+01   0.46527292E+15   0.12261149E+15   0.38796111E+01   0.42728448E+15   0.23164964E+10
   0.19000000E+01   0.15848932E+15   0.40087969E+01   0.39710532E+15   0.45673948E+00   0.12218023E+04   0.37752942E+14   0.26292329E+16   0.11393430E+00   0.11939423E+04   0.14959930E+15   0.37301236E+01   0.46527292E+15   0.15435767E+15   0.38778082E+01   0.42728448E+15   0.23164964E+10
   0.19000000E+01   0.19952623E+15   0.40072550E+01   0.39710532E+15   0.49317595E+00   0.13192717E+04   0.47542586E+14   0.26269985E+16   0.12307077E+00   0.12891372E+04   0.18833222E+15   0.37286747E+01   0.46527292E+15   0.19432370E+15   0.38763094E+01   0.42728448E+15   0.23164964E+10
   0.19000000E+01   0.25118864E+15   0.40059720E+01   0.39710532E+15   0.53251914E+00   0.14245169E+04   0.59867716E+14   0.26251402E+16   0.13293132E+00   0.13919316E+04   0.23709396E+15   0.37274691E+01   0.46527292E+15   0.24463790E+15   0.38750623E+01   0.42728448E+15   0.23164964E+10
   0.19000000E+01   0.31622777E+15   0.40049091E+01   0.39710532E+15   0.57500094E+00   0.15381579E+04   0.75384796E+14   0.26236013E+16   0.14357403E+00   0.15029313E+04   0.29848127E+15   0.37264703E+01   0.46527292E+15   0.30797967E+15   0.38740291E+01   0.42728448E+15   0.23164964E+10
   0.19000000E+01   0.39810717E+15   0.40040298E+01   0.39710532E+15   0.62087174E+00   0.16608647E+04   0.94920306E+14   0.26223287E+16   0.15506172E+00   0.16227906E+04   0.37576322E+15   0.37256441E+01   0.46527292E+15   0.38772219E+15   0.38731744E+01   0.42728448E+15   0.23164964E+10
   0.19000000E+01   0.50118723E+15   0.40033030E+01   0.39710532E+15   0.67040188E+00   0.17933605E+04   0.11951473E+15   0.26212770E+16   0.16746219E+00   0.17522156E+04   0.47305532E+15   0.37249612E+01   0.46527292E+15   0.48811202E+15   0.38724679E+01   0.42728448E+15   0.23164964E+10
   0.19000000E+01   0.63095734E+15   0.40027041E+01   0.39710532E+15   0.72388330E+00   0.19364261E+04   0.15047793E+15   0.26204106E+16   0.18084857E+00   0.18919692E+04   0.59553872E+15   0.37243984E+01   0.46527292E+15   0.61449528E+15   0.38718857E+01   0.42728448E+15   0.23164964E+10
   0.19000000E+01   0.79432823E+15   0.40022114E+01   0.39710532E+15   0.78163121E+00   0.20909048E+04   0.18945892E+15   0.26196980E+16   0.19529983E+00   0.20428750E+04   0.74973610E+15   0.37239354E+01   0.46527292E+15   0.77360233E+15   0.38714068E+01   0.42728448E+15   0.23164964E+10
   0.19000000E+01   0.10000000E+16   0.40018069E+01   0.39710532E+15   0.84398596E+00   0.22577071E+04   0.23853371E+15   0.26191130E+16   0.21090122E+00   0.22058224E+04   0.94385900E+15   0.37235553E+01   0.46527292E+15   0.97390619E+15   0.38710136E+01   0.42728448E+15   0.23164964E+10
   0.19000000E+01   0.12589254E+16   0.40014754E+01   0.39710532E+15   0.91131508E+00   0.24378160E+04   0.30031582E+15   0.26186337E+16   0.22774477E+00   0.23817716E+04   0.11882452E+16   0.37232439E+01   0.46527292E+15   0.12260738E+16   0.38706914E+01   0.42728448E+15   0.23164964E+10
   0.19000000E+01   0.15848932E+16   0.40012042E+01   0.39710532E+15   0.98401539E+00   0.26322932E+04   0.37809547E+15   0.26182415E+16   0.24592981E+00   0.25717595E+04   0.14959090E+16   0.37229890E+01   0.46527292E+15   0.15435339E+16   0.38704278E+01   0.42728448E+15   0.23164964E+10
   0.19000000E+01   0.19952623E+16   0.40009825E+01   0.39710532E+15   0.10625154E+01   0.28422848E+04   0.47601485E+15   0.26179211E+16   0.26556361E+00   0.27769059E+04   0.18832348E+16   0.37227807E+01   0.46527292E+15   0.19431925E+16   0.38702123E+01   0.42728448E+15   0.23164964E+10
   0.19000000E+01   0.25118864E+16   0.40008020E+01   0.39710532E+15   0.11472777E+01   0.30690285E+04   0.59928857E+15   0.26176601E+16   0.28676193E+00   0.29984199E+04   0.23708490E+16   0.37226111E+01   0.46527292E+15   0.24463327E+16   0.38700368E+01   0.42728448E+15   0.23164964E+10
   0.19000000E+01   0.31622777E+16   0.40006548E+01   0.39710532E+15   0.12388020E+01   0.33138608E+04   0.75448155E+15   0.26174473E+16   0.30964981E+00   0.32376069E+04   0.29847188E+16   0.37224728E+01   0.46527292E+15   0.30797488E+16   0.38698937E+01   0.42728448E+15   0.23164964E+10
   0.19000000E+01   0.39810717E+16   0.40005348E+01   0.39710532E+15   0.13376276E+01   0.35782246E+04   0.94985852E+15   0.26172740E+16   0.33436219E+00   0.34958765E+04   0.37575350E+16   0.37223601E+01   0.46527292E+15   0.38771723E+16   0.38697772E+01   0.42728448E+15   0.23164964E+10
   0.19000000E+01   0.50118723E+16   0.40004375E+01   0.39710532E+15   0.14443371E+01   0.38636780E+04   0.11958240E+16   0.26171333E+16   0.36104478E+00   0.37747510E+04   0.47304529E+16   0.37222686E+01   0.46527292E+15   0.48810690E+16   0.38696825E+01   0.42728448E+15   0.23164964E+10
   0.19000000E+01   0.63095734E+16   0.40003584E+01   0.39710532E+15   0.15595593E+01   0.41719035E+04   0.15054768E+16   0.26170189E+16   0.38985489E+00   0.40758739E+04   0.59552839E+16   0.37221943E+01   0.46527292E+15   0.61449001E+16   0.38696057E+01   0.42728448E+15   0.23164964E+10
   0.19000000E+01   0.79432823E+16   0.40002940E+01   0.39710532E+15   0.16839734E+01   0.45047178E+04   0.18953071E+16   0.26169259E+16   0.42096240E+00   0.44010200E+04   0.74972546E+16   0.37221338E+01   0.46527292E+15   0.77359690E+16   0.38695431E+01   0.42728448E+15   0.23164964E+10
   0.19000000E+01   0.10000000E+17   0.40002417E+01   0.39710532E+15   0.18183126E+01   0.48640824E+04   0.23860749E+16   0.26168503E+16   0.45455069E+00   0.47521056E+04   0.94384807E+16   0.37220846E+01   0.46527292E+15   0.97390061E+16   0.38694922E+01   0.42728448E+15   0.23164964E+10
   0.19000000E+01   0.12589254E+17   0.40001994E+01   0.39710532E+15   0.19633688E+01   0.52521154E+04   0.30039155E+16   0.26167891E+16   0.49081774E+00   0.51311999E+04   0.11882339E+17   0.37220448E+01   0.46527292E+15   0.12260680E+17   0.38694511E+01   0.42728448E+15   0.23164964E+10
