         1        92   0.30000000E+01   0.31562220E+00   0.68437780E+00   0.82883870E+00   0.96580000E+00   0.22242000E-01  ---------------   0.27255000E+01  ---------------      0.67238290E+00                                 
   0.30000000E+01   0.10000000E+08   0.54322518E+01   0.10138938E+16   0.13303716E-02   0.56865481E+01   0.18995756E+07   0.13320456E+17   0.24490242E-03   0.57765289E+01   0.95934775E+07   0.51236360E+01   0.11592401E+16   0.96941223E+07   0.51989125E+01   0.11212517E+16   0.14426182E+10
   0.30000000E+01   0.12589254E+08   0.53939459E+01   0.10138938E+16   0.14365022E-02   0.61401934E+01   0.24033408E+07   0.13105632E+17   0.26631751E-03   0.62307887E+01   0.12075675E+08   0.50872538E+01   0.11592401E+16   0.12202837E+08   0.51620631E+01   0.11212517E+16   0.14426182E+10
   0.30000000E+01   0.15848932E+08   0.53556479E+01   0.10138938E+16   0.15510994E-02   0.66300283E+01   0.30408508E+07   0.12893001E+17   0.28961938E-03   0.67207687E+01   0.15200024E+08   0.50508731E+01   0.11592401E+16   0.15360758E+08   0.51252221E+01   0.11212517E+16   0.14426182E+10
   0.30000000E+01   0.19952623E+08   0.53173069E+01   0.10138938E+16   0.16748386E-02   0.71589399E+01   0.38476816E+07   0.12682275E+17   0.31497874E-03   0.72492679E+01   0.19132786E+08   0.50144598E+01   0.11592401E+16   0.19335705E+08   0.50883251E+01   0.11212517E+16   0.14426182E+10
   0.30000000E+01   0.25118864E+08   0.52787124E+01   0.10138938E+16   0.18084492E-02   0.77300455E+01   0.48690043E+07   0.12472313E+17   0.34259286E-03   0.78192686E+01   0.24082905E+08   0.49777985E+01   0.11592401E+16   0.24339414E+08   0.50511992E+01   0.11212517E+16   0.14426182E+10
   0.30000000E+01   0.31622777E+08   0.52404383E+01   0.10138938E+16   0.19527185E-02   0.83467111E+01   0.61614823E+07   0.12266224E+17   0.37262503E-03   0.84341592E+01   0.30313722E+08   0.49414423E+01   0.11592401E+16   0.30637910E+08   0.50143785E+01   0.11212517E+16   0.14426182E+10
   0.30000000E+01   0.39810717E+08   0.52024003E+01   0.10138938E+16   0.21084969E-02   0.90125714E+01   0.77972078E+07   0.12063498E+17   0.40529310E-03   0.90974600E+01   0.38156757E+08   0.49053192E+01   0.11592401E+16   0.38566127E+08   0.49777785E+01   0.11212517E+16   0.14426182E+10
   0.30000000E+01   0.50118723E+08   0.51643500E+01   0.10138938E+16   0.22767026E-02   0.97315507E+01   0.98677195E+07   0.11862785E+17   0.44084979E-03   0.98129206E+01   0.48028663E+08   0.48691766E+01   0.11592401E+16   0.48546165E+08   0.49411773E+01   0.11212517E+16   0.14426182E+10
   0.30000000E+01   0.63095734E+08   0.51261793E+01   0.10138938E+16   0.24583269E-02   0.10507887E+02   0.12488931E+08   0.11663516E+17   0.47956320E-03   0.10584611E+02   0.60454473E+08   0.48329202E+01   0.11592401E+16   0.61108333E+08   0.49044509E+01   0.11212517E+16   0.14426182E+10
   0.30000000E+01   0.79432823E+08   0.50880990E+01   0.10138938E+16   0.26544404E-02   0.11346155E+02   0.15807101E+08   0.11466786E+17   0.52169589E-03   0.11417016E+02   0.76095360E+08   0.47967598E+01   0.11592401E+16   0.76921370E+08   0.48678182E+01   0.11212517E+16   0.14426182E+10
   0.30000000E+01   0.10000000E+09   0.50505942E+01   0.10138938E+16   0.28661988E-02   0.12251296E+02   0.20006347E+08   0.11275040E+17   0.56749734E-03   0.12315079E+02   0.95782356E+08   0.47611369E+01   0.11592401E+16   0.96826591E+08   0.48317429E+01   0.11212517E+16   0.14426182E+10
   0.30000000E+01   0.12589254E+09   0.50132237E+01   0.10138938E+16   0.30948502E-02   0.13228646E+02   0.25322059E+08   0.11085955E+17   0.61733735E-03   0.13283834E+02   0.12056263E+09   0.47256441E+01   0.11592401E+16   0.12188171E+09   0.47957851E+01   0.11212517E+16   0.14426182E+10
   0.30000000E+01   0.15848932E+09   0.49756379E+01   0.10138938E+16   0.33417424E-02   0.14283963E+02   0.32052963E+08   0.10897762E+17   0.67162091E-03   0.14328713E+02   0.15175410E+09   0.46899541E+01   0.11592401E+16   0.15342093E+09   0.47596325E+01   0.11212517E+16   0.14426182E+10
   0.30000000E+01   0.19952623E+09   0.49384323E+01   0.10138938E+16   0.36083305E-02   0.15423468E+02   0.40573083E+08   0.10713421E+17   0.73066314E-03   0.15455947E+02   0.19101415E+09   0.46546173E+01   0.11592401E+16   0.19312147E+09   0.47238462E+01   0.11212517E+16   0.14426182E+10
   0.30000000E+01   0.25118864E+09   0.49016397E+01   0.10138938E+16   0.38961856E-02   0.16653878E+02   0.51357764E+08   0.10533025E+17   0.79487393E-03   0.16672055E+02   0.24043187E+09   0.46196785E+01   0.11592401E+16   0.24309350E+09   0.46884464E+01   0.11212517E+16   0.14426182E+10
   0.30000000E+01   0.31622777E+09   0.48653251E+01   0.10138938E+16   0.42070045E-02   0.17982444E+02   0.65008151E+08   0.10356815E+17   0.86469134E-03   0.17984094E+02   0.30263471E+09   0.45851949E+01   0.11592401E+16   0.30599845E+09   0.46535179E+01   0.11212517E+16   0.14426182E+10
   0.30000000E+01   0.39810717E+09   0.48287484E+01   0.10138938E+16   0.45426189E-02   0.19416996E+02   0.82294627E+08   0.10181179E+17   0.94074459E-03   0.19399256E+02   0.38092743E+09   0.45504570E+01   0.11592401E+16   0.38518022E+09   0.46183378E+01   0.11212517E+16   0.14426182E+10
   0.30000000E+01   0.50118723E+09   0.47929104E+01   0.10138938E+16   0.49050071E-02   0.20965990E+02   0.10417207E+09   0.10010876E+17   0.10233880E-02   0.20926215E+02   0.47947830E+09   0.45164304E+01   0.11592401E+16   0.48484878E+09   0.45838585E+01   0.11212517E+16   0.14426182E+10
   0.30000000E+01   0.63095734E+09   0.47574263E+01   0.10138938E+16   0.52963048E-02   0.22638556E+02   0.13186579E+09   0.98439909E+16   0.11132710E-02   0.22573600E+02   0.60352279E+09   0.44827342E+01   0.11592401E+16   0.61031118E+09   0.45497301E+01   0.11212517E+16   0.14426182E+10
   0.30000000E+01   0.79432823E+09   0.47225669E+01   0.10138938E+16   0.57188184E-02   0.24444550E+02   0.16691496E+09   0.96817186E+16   0.12109555E-02   0.24351109E+02   0.75965749E+09   0.44496284E+01   0.11592401E+16   0.76823958E+09   0.45162031E+01   0.11212517E+16   0.14426182E+10
   0.30000000E+01   0.10000000E+10   0.46876676E+01   0.10138938E+16   0.61750381E-02   0.26394618E+02   0.21129320E+09   0.95209174E+16   0.13172943E-02   0.26268577E+02   0.95619155E+09   0.44164990E+01   0.11592401E+16   0.96702691E+09   0.44826289E+01   0.11212517E+16   0.14426182E+10
   0.30000000E+01   0.12589254E+10   0.46537957E+01   0.10138938E+16   0.66676527E-02   0.28500253E+02   0.26744175E+09   0.93664279E+16   0.14327343E-02   0.28337855E+02   0.12035641E+10   0.43843318E+01   0.11592401E+16   0.12172621E+10   0.44500525E+01   0.11212517E+16   0.14426182E+10
   0.30000000E+01   0.15848932E+10   0.46203539E+01   0.10138938E+16   0.71995658E-02   0.30773865E+02   0.33850613E+09   0.92154194E+16   0.15582282E-02   0.30570528E+02   0.15149335E+10   0.43525736E+01   0.11592401E+16   0.15322468E+10   0.44178870E+01   0.11212517E+16   0.14426182E+10
   0.30000000E+01   0.19952623E+10   0.45874772E+01   0.10138938E+16   0.77739123E-02   0.33228856E+02   0.42843746E+09   0.90684287E+16   0.16945942E-02   0.32979651E+02   0.19068763E+10   0.43213667E+01   0.11592401E+16   0.19287373E+10   0.43862637E+01   0.11212517E+16   0.14426182E+10
   0.30000000E+01   0.25118864E+10   0.45550490E+01   0.10138938E+16   0.83940774E-02   0.35879693E+02   0.54224986E+09   0.89248610E+16   0.18428073E-02   0.35579101E+02   0.24001990E+10   0.42905717E+01   0.11592401E+16   0.24278341E+10   0.43550771E+01   0.11212517E+16   0.14426182E+10
   0.30000000E+01   0.31622777E+10   0.45237890E+01   0.10138938E+16   0.90637163E-02   0.38742001E+02   0.68619882E+09   0.87877931E+16   0.20035675E-02   0.38384705E+02   0.30211757E+10   0.42608936E+01   0.11592401E+16   0.30560755E+10   0.43250070E+01   0.11212517E+16   0.14426182E+10
   0.30000000E+01   0.39810717E+10   0.44928678E+01   0.10138938E+16   0.97867758E-02   0.41832651E+02   0.86835534E+09   0.86534889E+16   0.21782915E-02   0.41411975E+02   0.38028099E+10   0.42315376E+01   0.11592401E+16   0.38469038E+10   0.42952707E+01   0.11212517E+16   0.14426182E+10
   0.30000000E+01   0.50118723E+10   0.44629415E+01   0.10138938E+16   0.10567517E-01   0.45169857E+02   0.10987358E+10   0.85247116E+16   0.23678369E-02   0.44679258E+02   0.47866575E+10   0.42031189E+01   0.11592401E+16   0.48423862E+10   0.42664906E+01   0.11212517E+16   0.14426182E+10
   0.30000000E+01   0.63095734E+10   0.44337426E+01   0.10138938E+16   0.11410543E-01   0.48773290E+02   0.13901303E+10   0.84002031E+16   0.25735691E-02   0.48205329E+02   0.60251223E+10   0.41754067E+01   0.11592401E+16   0.60954639E+10   0.42384056E+01   0.11212517E+16   0.14426182E+10
   0.30000000E+01   0.79432823E+10   0.44056813E+01   0.10138938E+16   0.12320821E-01   0.52664187E+02   0.17585401E+10   0.82816019E+16   0.27965756E-02   0.52011342E+02   0.75839642E+10   0.41487588E+01   0.11592401E+16   0.76728618E+10   0.42114210E+01   0.11212517E+16   0.14426182E+10
   0.30000000E+01   0.10000000E+11   0.43781485E+01   0.10138938E+16   0.13303716E-01   0.56865481E+02   0.22244758E+10   0.81662373E+16   0.30386626E-02   0.56118726E+02   0.95462411E+10   0.41226295E+01   0.11592401E+16   0.96584284E+10   0.41849386E+01   0.11212517E+16   0.14426182E+10
   0.30000000E+01   0.12589254E+11   0.43519021E+01   0.10138938E+16   0.14365022E-01   0.61401934E+02   0.28133458E+10   0.80571844E+16   0.33008606E-02   0.60552652E+02   0.12016157E+11   0.40977048E+01   0.11592401E+16   0.12157922E+11   0.41597001E+01   0.11212517E+16   0.14426182E+10
   0.30000000E+01   0.15848932E+11   0.43265639E+01   0.10138938E+16   0.15510994E-01   0.66300283E+02   0.35576681E+10   0.79527559E+16   0.35850607E-02   0.65338576E+02   0.15125358E+11   0.40736593E+01   0.11592401E+16   0.15304235E+11   0.41353296E+01   0.11212517E+16   0.14426182E+10
   0.30000000E+01   0.19952623E+11   0.43021425E+01   0.10138938E+16   0.16748386E-01   0.71589399E+02   0.44983424E+10   0.78528940E+16   0.38930338E-02   0.70504587E+02   0.19038904E+11   0.40504673E+01   0.11592401E+16   0.19264909E+11   0.41118466E+01   0.11212517E+16   0.14426182E+10
   0.30000000E+01   0.25118864E+11   0.42789205E+01   0.10138938E+16   0.18084492E-01   0.77300455E+02   0.56867062E+10   0.77586524E+16   0.42264145E-02   0.76081586E+02   0.23965480E+11   0.40284312E+01   0.11592401E+16   0.24250600E+11   0.40895122E+01   0.11212517E+16   0.14426182E+10
   0.30000000E+01   0.31622777E+11   0.42566904E+01   0.10138938E+16   0.19527185E-01   0.83467111E+02   0.71879436E+10   0.76690878E+16   0.45874101E-02   0.82102002E+02   0.30166608E+11   0.40073190E+01   0.11592401E+16   0.30526791E+11   0.40681370E+01   0.11212517E+16   0.14426182E+10
   0.30000000E+01   0.39810717E+11   0.42355869E+01   0.10138938E+16   0.21084969E-01   0.90125714E+02   0.90838912E+10   0.75846504E+16   0.49780513E-02   0.88601583E+02   0.37973002E+11   0.39872941E+01   0.11592401E+16   0.38427317E+11   0.40478407E+01   0.11212517E+16   0.14426182E+10
   0.30000000E+01   0.50118723E+11   0.42155329E+01   0.10138938E+16   0.22767026E-01   0.97315507E+02   0.11478021E+11   0.75049416E+16   0.54007468E-02   0.95618472E+02   0.47799091E+11   0.39682472E+01   0.11592401E+16   0.48372835E+11   0.40285565E+01   0.11212517E+16   0.14426182E+10
   0.30000000E+01   0.63095734E+11   0.41967074E+01   0.10138938E+16   0.24583269E-01   0.10507887E+03   0.14500201E+11   0.74305840E+16   0.58577515E-02   0.10319455E+03   0.60169022E+11   0.39503845E+01   0.11592401E+16   0.60892674E+11   0.40104536E+01   0.11212517E+16   0.14426182E+10
   0.30000000E+01   0.79432823E+11   0.41788560E+01   0.10138938E+16   0.26544404E-01   0.11346155E+03   0.18315205E+11   0.73604917E+16   0.63520743E-02   0.11137387E+03   0.75740362E+11   0.39334432E+01   0.11592401E+16   0.76653079E+11   0.39932858E+01   0.11212517E+16   0.14426182E+10
   0.30000000E+01   0.10000000E+12   0.41622346E+01   0.10138938E+16   0.28661988E-01   0.12251296E+03   0.23129069E+11   0.72955940E+16   0.68862019E-02   0.12020552E+03   0.95341178E+11   0.39176570E+01   0.11592401E+16   0.96493416E+11   0.39773050E+01   0.11212517E+16   0.14426182E+10
   0.30000000E+01   0.12589254E+12   0.41465706E+01   0.10138938E+16   0.30948502E-01   0.13228646E+03   0.29203429E+11   0.72347559E+16   0.74636381E-02   0.12974088E+03   0.12001650E+12   0.39027950E+01   0.11592401E+16   0.12146919E+12   0.39622411E+01   0.11212517E+16   0.14426182E+10
   0.30000000E+01   0.15848932E+12   0.41319474E+01   0.10138938E+16   0.33417424E-01   0.14283963E+03   0.36866410E+11   0.71782409E+16   0.80875726E-02   0.14003659E+03   0.15107863E+12   0.38889183E+01   0.11592401E+16   0.15291025E+12   0.39481784E+01   0.11212517E+16   0.14426182E+10
   0.30000000E+01   0.19952623E+12   0.41184984E+01   0.10138938E+16   0.36083305E-01   0.15423468E+03   0.46530417E+11   0.71265030E+16   0.87612769E-02   0.15115411E+03   0.19017924E+12   0.38761415E+01   0.11592401E+16   0.19249101E+12   0.39352486E+01   0.11212517E+16   0.14426182E+10
   0.30000000E+01   0.25118864E+12   0.41059480E+01   0.10138938E+16   0.38961856E-01   0.16653878E+03   0.58718326E+11   0.70784284E+16   0.94891256E-02   0.16315821E+03   0.23940372E+12   0.38642341E+01   0.11592401E+16   0.24231750E+12   0.39231793E+01   0.11212517E+16   0.14426182E+10
   0.30000000E+01   0.31622777E+12   0.40944020E+01   0.10138938E+16   0.42070045E-01   0.17982444E+03   0.74085179E+11   0.70343765E+16   0.10275016E-01   0.17612038E+03   0.30137080E+12   0.38532799E+01   0.11592401E+16   0.30504302E+12   0.39120761E+01   0.11212517E+16   0.14426182E+10
   0.30000000E+01   0.39810717E+12   0.40837973E+01   0.10138938E+16   0.45426189E-01   0.19416996E+03   0.93457515E+11   0.69940643E+16   0.11123517E-01   0.19011713E+03   0.37937814E+12   0.38432146E+01   0.11592401E+16   0.38400712E+12   0.39018784E+01   0.11212517E+16   0.14426182E+10
   0.30000000E+01   0.50118723E+12   0.40740847E+01   0.10138938E+16   0.49050071E-01   0.20965990E+03   0.11787608E+12   0.69572669E+16   0.12039532E-01   0.20523113E+03   0.47757549E+12   0.38339851E+01   0.11592401E+16   0.48341403E+12   0.38925385E+01   0.11212517E+16   0.14426182E+10
   0.30000000E+01   0.63095734E+12   0.40652011E+01   0.10138938E+16   0.52963048E-01   0.22638556E+03   0.14865181E+12   0.69237145E+16   0.13028395E-01   0.22155157E+03   0.60119964E+12   0.38255566E+01   0.11592401E+16   0.60855772E+12   0.38839988E+01   0.11212517E+16   0.14426182E+10
   0.30000000E+01   0.79432823E+12   0.40572087E+01   0.10138938E+16   0.57188184E-01   0.24444550E+03   0.18743124E+12   0.68936124E+16   0.14095450E-01   0.23917551E+03   0.75682910E+12   0.38179741E+01   0.11592401E+16   0.76609941E+12   0.38763130E+01   0.11212517E+16   0.14426182E+10
   0.30000000E+01   0.10000000E+13   0.40499173E+01   0.10138938E+16   0.61750381E-01   0.26394618E+03   0.23629604E+12   0.68662204E+16   0.15247319E-01   0.25820621E+03   0.95274950E+12   0.38110568E+01   0.11592401E+16   0.96442822E+12   0.38693015E+01   0.11212517E+16   0.14426182E+10
   0.30000000E+01   0.12589254E+13   0.40434416E+01   0.10138938E+16   0.66676527E-01   0.28500253E+03   0.29785402E+12   0.68419489E+16   0.16490043E-01   0.27875716E+03   0.11993936E+13   0.38049134E+01   0.11592401E+16   0.12141053E+13   0.38630745E+01   0.11212517E+16   0.14426182E+10
   0.30000000E+01   0.15848932E+13   0.40376521E+01   0.10138938E+16   0.71995658E-01   0.30773865E+03   0.37539937E+12   0.68202937E+16   0.17831070E-01   0.30094925E+03   0.15098894E+13   0.37994170E+01   0.11592401E+16   0.15284254E+13   0.38575074E+01   0.11212517E+16   0.14426182E+10
   0.30000000E+01   0.19952623E+13   0.40325342E+01   0.10138938E+16   0.77739123E-01   0.33228856E+03   0.47307237E+12   0.68011855E+16   0.19277982E-01   0.32491384E+03   0.19007671E+13   0.37945539E+01   0.11592401E+16   0.19241260E+13   0.38525861E+01   0.11212517E+16   0.14426182E+10
   0.30000000E+01   0.25118864E+13   0.40280308E+01   0.10138938E+16   0.83940774E-01   0.35879693E+03   0.59608769E+12   0.67843986E+16   0.20839159E-01   0.35079241E+03   0.23928454E+13   0.37902747E+01   0.11592401E+16   0.24222784E+13   0.38482558E+01   0.11212517E+16   0.14426182E+10
   0.30000000E+01   0.31622777E+13   0.40241386E+01   0.10138938E+16   0.90637163E-01   0.38742001E+03   0.75100232E+12   0.67699103E+16   0.22523370E-01   0.37873824E+03   0.30123391E+13   0.37865809E+01   0.11592401E+16   0.30494161E+13   0.38445155E+01   0.11212517E+16   0.14426182E+10
   0.30000000E+01   0.39810717E+13   0.40207391E+01   0.10138938E+16   0.97867758E-01   0.41832651E+03   0.94608652E+12   0.67572715E+16   0.24340738E-01   0.40891567E+03   0.37922315E+13   0.37833559E+01   0.11592401E+16   0.38389238E+13   0.38412465E+01   0.11212517E+16   0.14426182E+10
   0.30000000E+01   0.50118723E+13   0.40178201E+01   0.10138938E+16   0.10567517E+00   0.45169857E+03   0.11917352E+13   0.67464307E+16   0.26301619E-01   0.44150319E+03   0.47740513E+13   0.37805867E+01   0.11592401E+16   0.48328500E+13   0.38384396E+01   0.11212517E+16   0.14426182E+10
   0.30000000E+01   0.63095734E+13   0.40153187E+01   0.10138938E+16   0.11410543E+00   0.48773290E+03   0.15010435E+13   0.67371493E+16   0.28417527E-01   0.47669291E+03   0.60100825E+13   0.37782137E+01   0.11592401E+16   0.60841234E+13   0.38360343E+01   0.11212517E+16   0.14426182E+10
   0.30000000E+01   0.79432823E+13   0.40131757E+01   0.10138938E+16   0.12320821E+00   0.52664187E+03   0.18904985E+13   0.67292041E+16   0.30700925E-01   0.51469226E+03   0.75661463E+13   0.37761808E+01   0.11592401E+16   0.76593775E+13   0.38339736E+01   0.11212517E+16   0.14426182E+10
   0.30000000E+01   0.10000000E+14   0.40113319E+01   0.10138938E+16   0.13303716E+00   0.56865481E+03   0.23808605E+13   0.67223725E+16   0.33165334E-01   0.55572507E+03   0.95251062E+13   0.37744316E+01   0.11592401E+16   0.96424981E+13   0.38322006E+01   0.11212517E+16   0.14426182E+10
   0.30000000E+01   0.12589254E+14   0.40097533E+01   0.10138938E+16   0.14365022E+00   0.61401934E+03   0.29982577E+13   0.67165272E+16   0.35825202E-01   0.60003331E+03   0.11991282E+14   0.37729341E+01   0.11592401E+16   0.12139092E+14   0.38306827E+01   0.11212517E+16   0.14426182E+10
   0.30000000E+01   0.15848932E+14   0.40083964E+01   0.10138938E+16   0.15510994E+00   0.66300283E+03   0.37755922E+13   0.67115052E+16   0.38696258E-01   0.64787804E+03   0.15096004E+14   0.37716469E+01   0.11592401E+16   0.15282110E+14   0.38293780E+01   0.11212517E+16   0.14426182E+10
   0.30000000E+01   0.19952623E+14   0.40072275E+01   0.10138938E+16   0.16748386E+00   0.71589399E+03   0.47542844E+13   0.67071805E+16   0.41795447E-01   0.69954120E+03   0.19004607E+14   0.37705380E+01   0.11592401E+16   0.19238927E+14   0.38282539E+01   0.11212517E+16   0.14426182E+10
   0.30000000E+01   0.25118864E+14   0.40062181E+01   0.10138938E+16   0.18084492E+00   0.77300455E+03   0.59864810E+13   0.67034475E+16   0.45141056E-01   0.75532724E+03   0.23925235E+14   0.37695804E+01   0.11592401E+16   0.24220255E+14   0.38272833E+01   0.11212517E+16   0.14426182E+10
   0.30000000E+01   0.31622777E+14   0.40053463E+01   0.10138938E+16   0.19527185E+00   0.83467111E+03   0.75378293E+13   0.67002244E+16   0.48752801E-01   0.81556498E+03   0.30119925E+14   0.37687534E+01   0.11592401E+16   0.30491364E+14   0.38264450E+01   0.11212517E+16   0.14426182E+10
   0.30000000E+01   0.39810717E+14   0.40045936E+01   0.10138938E+16   0.21084969E+00   0.90125714E+03   0.94909744E+13   0.66974426E+16   0.52651957E-01   0.88060945E+03   0.37918564E+14   0.37680394E+01   0.11592401E+16   0.38386212E+14   0.38257213E+01   0.11212517E+16   0.14426182E+10
   0.30000000E+01   0.50118723E+14   0.40039425E+01   0.10138938E+16   0.22767026E+00   0.97315507E+03   0.11949965E+14   0.66950364E+16   0.56861522E-01   0.95084401E+03   0.47736453E+14   0.37674217E+01   0.11592401E+16   0.48325224E+14   0.38250951E+01   0.11212517E+16   0.14426182E+10
   0.30000000E+01   0.63095734E+14   0.40033802E+01   0.10138938E+16   0.24583269E+00   0.10507887E+04   0.15045784E+14   0.66929592E+16   0.61406282E-01   0.10266826E+04   0.60096426E+14   0.37668883E+01   0.11592401E+16   0.60837685E+14   0.38245545E+01   0.11212517E+16   0.14426182E+10
   0.30000000E+01   0.79432823E+14   0.40028942E+01   0.10138938E+16   0.26544404E+00   0.11346155E+04   0.18943338E+14   0.66911641E+16   0.66313028E-01   0.11085723E+04   0.75656692E+14   0.37664273E+01   0.11592401E+16   0.76589925E+14   0.38240872E+01   0.11212517E+16   0.14426182E+10
   0.30000000E+01   0.10000000E+15   0.40024757E+01   0.10138938E+16   0.28661988E+00   0.12251296E+04   0.23850220E+14   0.66896184E+16   0.71610648E-01   0.11969957E+04   0.95245887E+14   0.37660302E+01   0.11592401E+16   0.96420805E+14   0.38236847E+01   0.11212517E+16   0.14426182E+10
   0.30000000E+01   0.12589254E+15   0.40021148E+01   0.10138938E+16   0.30948502E+00   0.13228646E+04   0.30027789E+14   0.66882857E+16   0.77330372E-01   0.12924740E+04   0.11990720E+15   0.37656879E+01   0.11592401E+16   0.12138639E+15   0.38233377E+01   0.11212517E+16   0.14426182E+10
   0.30000000E+01   0.15848932E+15   0.40018047E+01   0.10138938E+16   0.33417424E+00   0.14283963E+04   0.37805062E+14   0.66871408E+16   0.83505885E-01   0.13955700E+04   0.15095394E+15   0.37653937E+01   0.11592401E+16   0.15281618E+15   0.38230395E+01   0.11212517E+16   0.14426182E+10
   0.30000000E+01   0.19952623E+15   0.40015382E+01   0.10138938E+16   0.36083305E+00   0.15423468E+04   0.47596259E+14   0.66861569E+16   0.90173585E-01   0.15068914E+04   0.19003944E+15   0.37651409E+01   0.11592401E+16   0.19238392E+15   0.38227833E+01   0.11212517E+16   0.14426182E+10
   0.30000000E+01   0.25118864E+15   0.40013098E+01   0.10138938E+16   0.38961856E+00   0.16653878E+04   0.59922843E+14   0.66853138E+16   0.97372755E-01   0.16270941E+04   0.23924514E+15   0.37649243E+01   0.11592401E+16   0.24219673E+15   0.38225637E+01   0.11212517E+16   0.14426182E+10
   0.30000000E+01   0.31622777E+15   0.40011143E+01   0.10138938E+16   0.42070045E+00   0.17982444E+04   0.75441305E+14   0.66845921E+16   0.10514582E+00   0.17568868E+04   0.30119142E+15   0.37647388E+01   0.11592401E+16   0.30490733E+15   0.38223757E+01   0.11212517E+16   0.14426182E+10
   0.30000000E+01   0.39810717E+15   0.40009472E+01   0.10138938E+16   0.45426189E+00   0.19416996E+04   0.94978111E+14   0.66839754E+16   0.11353859E+00   0.18970345E+04   0.37917715E+15   0.37645803E+01   0.11592401E+16   0.38385527E+15   0.38222150E+01   0.11212517E+16   0.14426182E+10
   0.30000000E+01   0.50118723E+15   0.40008046E+01   0.10138938E+16   0.49050071E+00   0.20965990E+04   0.11957373E+15   0.66834491E+16   0.12260052E+00   0.20483631E+04   0.47735533E+15   0.37644450E+01   0.11592401E+16   0.48324481E+15   0.38220779E+01   0.11212517E+16   0.14426182E+10
   0.30000000E+01   0.63095734E+15   0.40006832E+01   0.10138938E+16   0.52963048E+00   0.22638556E+04   0.15053802E+15   0.66830009E+16   0.13238501E+00   0.22117645E+04   0.60095430E+15   0.37643298E+01   0.11592401E+16   0.60836881E+15   0.38219611E+01   0.11212517E+16   0.14426182E+10
   0.30000000E+01   0.79432823E+15   0.40005797E+01   0.10138938E+16   0.57188184E+00   0.24444550E+04   0.18952001E+15   0.66826189E+16   0.14294974E+00   0.23882020E+04   0.75655616E+15   0.37642316E+01   0.11592401E+16   0.76589057E+15   0.38218616E+01   0.11212517E+16   0.14426182E+10
   0.30000000E+01   0.10000000E+16   0.40004920E+01   0.10138938E+16   0.61750381E+00   0.26394618E+04   0.23859569E+15   0.66822952E+16   0.15435697E+00   0.25787152E+04   0.95244726E+15   0.37641484E+01   0.11592401E+16   0.96419869E+15   0.38217773E+01   0.11212517E+16   0.14426182E+10
   0.30000000E+01   0.12589254E+16   0.40004173E+01   0.10138938E+16   0.66676527E+00   0.28500253E+04   0.30037861E+15   0.66820197E+16   0.16667393E+00   0.27844272E+04   0.11990595E+16   0.37640776E+01   0.11592401E+16   0.12138538E+16   0.38217055E+01   0.11212517E+16   0.14426182E+10
   0.30000000E+01   0.15848932E+16   0.40003542E+01   0.10138938E+16   0.71995658E+00   0.30773865E+04   0.37815899E+15   0.66817868E+16   0.17997321E+00   0.30065504E+04   0.15095259E+16   0.37640177E+01   0.11592401E+16   0.15281509E+16   0.38216448E+01   0.11212517E+16   0.14426182E+10
   0.30000000E+01   0.19952623E+16   0.40003007E+01   0.10138938E+16   0.77739123E+00   0.33228856E+04   0.47607900E+15   0.66815892E+16   0.19433320E+00   0.32463939E+04   0.19003799E+16   0.37639669E+01   0.11592401E+16   0.19238275E+16   0.38215933E+01   0.11212517E+16   0.14426182E+10
   0.30000000E+01   0.25118864E+16   0.40002554E+01   0.10138938E+16   0.83940774E+00   0.35879693E+04   0.59935331E+15   0.66814220E+16   0.20983854E+00   0.35053713E+04   0.23924359E+16   0.37639240E+01   0.11592401E+16   0.24219548E+16   0.38215497E+01   0.11212517E+16   0.14426182E+10
   0.30000000E+01   0.31622777E+16   0.40002171E+01   0.10138938E+16   0.90637163E+00   0.38742001E+04   0.75454682E+15   0.66812809E+16   0.22658061E+00   0.37850091E+04   0.30118976E+16   0.37638877E+01   0.11592401E+16   0.30490599E+16   0.38215130E+01   0.11212517E+16   0.14426182E+10
   0.30000000E+01   0.39810717E+16   0.40001847E+01   0.10138938E+16   0.97867758E+00   0.41832651E+04   0.94992426E+15   0.66811612E+16   0.24465810E+00   0.40869554E+04   0.37917537E+16   0.37638569E+01   0.11592401E+16   0.38385383E+16   0.38214818E+01   0.11212517E+16   0.14426182E+10
   0.30000000E+01   0.50118723E+16   0.40001575E+01   0.10138938E+16   0.10567517E+01   0.45169857E+04   0.11958902E+16   0.66810607E+16   0.26417754E+00   0.44129897E+04   0.47735343E+16   0.37638311E+01   0.11592401E+16   0.48324328E+16   0.38214556E+01   0.11212517E+16   0.14426182E+10
   0.30000000E+01   0.63095734E+16   0.40001343E+01   0.10138938E+16   0.11410543E+01   0.48773290E+04   0.15055435E+16   0.66809752E+16   0.28525399E+00   0.47650338E+04   0.60095228E+16   0.37638091E+01   0.11592401E+16   0.60836718E+16   0.38214333E+01   0.11212517E+16   0.14426182E+10
   0.30000000E+01   0.79432823E+16   0.40001149E+01   0.10138938E+16   0.12320821E+01   0.52664187E+04   0.18953742E+16   0.66809038E+16   0.30801167E+00   0.51451626E+04   0.75655400E+16   0.37637907E+01   0.11592401E+16   0.76588883E+16   0.38214147E+01   0.11212517E+16   0.14426182E+10
   0.30000000E+01   0.10000000E+17   0.40000984E+01   0.10138938E+16   0.13303716E+01   0.56865481E+04   0.23861425E+16   0.66808429E+16   0.33258472E+00   0.55556163E+04   0.95244496E+16   0.37637751E+01   0.11592401E+16   0.96419683E+16   0.38213988E+01   0.11212517E+16   0.14426182E+10
   0.30000000E+01   0.12589254E+17   0.40000846E+01   0.10138938E+16   0.14365022E+01   0.61401934E+04   0.30039837E+16   0.66807919E+16   0.35911796E+00   0.59988144E+04   0.11990571E+17   0.37637620E+01   0.11592401E+16   0.12138518E+17   0.38213855E+01   0.11212517E+16   0.14426182E+10
