         1        92   0.20000000E+01   0.31562220E+00   0.68437780E+00   0.82883870E+00   0.96580000E+00   0.22242000E-01  ---------------   0.27255000E+01  ---------------      0.67238290E+00                                 
   0.20000000E+01   0.10000000E+08   0.73070105E+01   0.43779185E+15   0.17601428E-02   0.49438041E+01   0.15608105E+07   0.11501842E+17   0.24088412E-03   0.52796630E+01   0.95947182E+07   0.68448099E+01   0.51101648E+15   0.97966749E+07   0.70722818E+01   0.47302804E+15   0.22046160E+10
   0.20000000E+01   0.12589254E+08   0.72457708E+01   0.43779185E+15   0.19005585E-02   0.53381969E+01   0.19753281E+07   0.11274338E+17   0.26229901E-03   0.56918900E+01   0.12076886E+08   0.67870414E+01   0.51101648E+15   0.12332180E+08   0.70128003E+01   0.47302804E+15   0.22046160E+10
   0.20000000E+01   0.15848932E+08   0.71837096E+01   0.43779185E+15   0.20521758E-02   0.57640524E+01   0.25002677E+07   0.11046657E+17   0.28567077E-03   0.61361442E+01   0.15201273E+08   0.67285220E+01   0.51101648E+15   0.15523970E+08   0.69525368E+01   0.47302804E+15   0.22046160E+10
   0.20000000E+01   0.19952623E+08   0.71216766E+01   0.43779185E+15   0.22158885E-02   0.62238806E+01   0.31649069E+07   0.10821955E+17   0.31114703E-03   0.66150457E+01   0.19133916E+08   0.66700300E+01   0.51101648E+15   0.19541828E+08   0.68923010E+01   0.47302804E+15   0.22046160E+10
   0.20000000E+01   0.25118864E+08   0.70596671E+01   0.43779185E+15   0.23926614E-02   0.67203917E+01   0.40064829E+07   0.10600199E+17   0.33891986E-03   0.71312940E+01   0.24083827E+08   0.66115554E+01   0.51101648E+15   0.24599542E+08   0.68320886E+01   0.47302804E+15   0.22046160E+10
   0.20000000E+01   0.31622777E+08   0.69975521E+01   0.43779185E+15   0.25835363E-02   0.72565120E+01   0.50722332E+07   0.10380916E+17   0.36920573E-03   0.76877738E+01   0.30313961E+08   0.65529667E+01   0.51101648E+15   0.30966038E+08   0.67717609E+01   0.47302804E+15   0.22046160E+10
   0.20000000E+01   0.39810717E+08   0.69345266E+01   0.43779185E+15   0.27896383E-02   0.78354014E+01   0.64224637E+07   0.10161321E+17   0.40228245E-03   0.82874418E+01   0.38155871E+08   0.64935401E+01   0.51101648E+15   0.38980316E+08   0.67105616E+01   0.47302804E+15   0.22046160E+10
   0.20000000E+01   0.50118723E+08   0.68715872E+01   0.43779185E+15   0.30121822E-02   0.84604719E+01   0.81326549E+07   0.99449264E+16   0.43835319E-03   0.89338629E+01   0.48026292E+08   0.64341967E+01   0.51101648E+15   0.49068715E+08   0.66494473E+01   0.47302804E+15   0.22046160E+10
   0.20000000E+01   0.63095734E+08   0.68086870E+01   0.43779185E+15   0.32524795E-02   0.91354074E+01   0.10298969E+08   0.97315475E+16   0.47769556E-03   0.96306695E+01   0.60449885E+08   0.63748913E+01   0.51101648E+15   0.61767979E+08   0.65883717E+01   0.47302804E+15   0.22046160E+10
   0.20000000E+01   0.79432823E+08   0.67455786E+01   0.43779185E+15   0.35119466E-02   0.98641860E+01   0.13043581E+08   0.95203409E+16   0.52062941E-03   0.10381719E+02   0.76086695E+08   0.63153831E+01   0.51101648E+15   0.77753738E+08   0.65270944E+01   0.47302804E+15   0.22046160E+10
   0.20000000E+01   0.10000000E+09   0.66816775E+01   0.43779185E+15   0.37921127E-02   0.10651103E+02   0.16522175E+08   0.93094028E+16   0.56753902E-03   0.11191053E+02   0.95767401E+08   0.62551203E+01   0.51101648E+15   0.97875895E+08   0.64650371E+01   0.47302804E+15   0.22046160E+10
   0.20000000E+01   0.12589254E+09   0.66179370E+01   0.43779185E+15   0.40946291E-02   0.11500796E+02   0.20929866E+08   0.91019067E+16   0.61871685E-03   0.12063476E+02   0.12053917E+09   0.61950234E+01   0.51101648E+15   0.12320585E+09   0.64031449E+01   0.47302804E+15   0.22046160E+10
   0.20000000E+01   0.15848932E+09   0.65542515E+01   0.43779185E+15   0.44212788E-02   0.12418274E+02   0.26515486E+08   0.88974783E+16   0.67456655E-03   0.13003869E+02   0.15171821E+09   0.61349815E+01   0.51101648E+15   0.15509101E+09   0.63413087E+01   0.47302804E+15   0.22046160E+10
   0.20000000E+01   0.19952623E+09   0.64899971E+01   0.43779185E+15   0.47739870E-02   0.13408944E+02   0.33596554E+08   0.86941333E+16   0.73559155E-03   0.14017295E+02   0.19096106E+09   0.60744043E+01   0.51101648E+15   0.19522737E+09   0.62789207E+01   0.47302804E+15   0.22046160E+10
   0.20000000E+01   0.25118864E+09   0.64254732E+01   0.43779185E+15   0.51548326E-02   0.14478645E+02   0.42573614E+08   0.84928592E+16   0.80224949E-03   0.15109522E+02   0.24035318E+09   0.60135741E+01   0.51101648E+15   0.24575016E+09   0.62162716E+01   0.47302804E+15   0.22046160E+10
   0.20000000E+01   0.31622777E+09   0.63610662E+01   0.43779185E+15   0.55660603E-02   0.15633681E+02   0.53953667E+08   0.82948545E+16   0.87502001E-03   0.16286835E+02   0.30251955E+09   0.59528552E+01   0.51101648E+15   0.30934719E+09   0.61537366E+01   0.47302804E+15   0.22046160E+10
   0.20000000E+01   0.39810717E+09   0.62967461E+01   0.43779185E+15   0.60100936E-02   0.16880861E+02   0.68381437E+08   0.80999962E+16   0.95447609E-03   0.17555847E+02   0.38076267E+09   0.58922146E+01   0.51101648E+15   0.38940163E+09   0.60912865E+01   0.47302804E+15   0.22046160E+10
   0.20000000E+01   0.50118723E+09   0.62314408E+01   0.43779185E+15   0.64895498E-02   0.18227534E+02   0.86684767E+08   0.79050798E+16   0.10414204E-02   0.18923155E+02   0.47923801E+09   0.58306434E+01   0.51101648E+15   0.49017036E+09   0.60278775E+01   0.47302804E+15   0.22046160E+10
   0.20000000E+01   0.63095734E+09   0.61664586E+01   0.43779185E+15   0.70072547E-02   0.19681639E+02   0.10989456E+09   0.77140367E+16   0.11363499E-02   0.20397045E+02   0.60318018E+09   0.57693793E+01   0.51101648E+15   0.61701366E+09   0.59647788E+01   0.47302804E+15   0.22046160E+10
   0.20000000E+01   0.79432823E+09   0.61016029E+01   0.43779185E+15   0.75662596E-02   0.21251744E+02   0.13933117E+09   0.75262415E+16   0.12400446E-02   0.21985720E+02   0.75917655E+09   0.57082430E+01   0.51101648E+15   0.77668205E+09   0.59018109E+01   0.47302804E+15   0.22046160E+10
   0.20000000E+01   0.10000000E+10   0.60361377E+01   0.43779185E+15   0.81698592E-02   0.22947106E+02   0.17668333E+09   0.73395771E+16   0.13534912E-02   0.23697650E+02   0.95551068E+09   0.56465335E+01   0.51101648E+15   0.97766550E+09   0.58382519E+01   0.47302804E+15   0.22046160E+10
   0.20000000E+01   0.12589254E+10   0.59707639E+01   0.43779185E+15   0.88216110E-02   0.24777715E+02   0.22407125E+09   0.71560586E+16   0.14774677E-02   0.25542845E+02   0.12026145E+10   0.55849116E+01   0.51101648E+15   0.12306552E+10   0.57747824E+01   0.47302804E+15   0.22046160E+10
   0.20000000E+01   0.15848932E+10   0.59055762E+01   0.43779185E+15   0.95253564E-02   0.26754361E+02   0.28419493E+09   0.69759155E+16   0.16129428E-02   0.27531754E+02   0.15136157E+10   0.55234667E+01   0.51101648E+15   0.15491079E+10   0.57114944E+01   0.47302804E+15   0.22046160E+10
   0.20000000E+01   0.19952623E+10   0.58400334E+01   0.43779185E+15   0.10285243E-01   0.28888695E+02   0.36050761E+09   0.67976450E+16   0.17611617E-02   0.29675142E+02   0.19050311E+10   0.54616887E+01   0.51101648E+15   0.19499593E+10   0.56478625E+01   0.47302804E+15   0.22046160E+10
   0.20000000E+01   0.25118864E+10   0.57745208E+01   0.43779185E+15   0.11105750E-01   0.31193295E+02   0.45736489E+09   0.66222979E+16   0.19232332E-02   0.31985315E+02   0.23976532E+10   0.53999407E+01   0.51101648E+15   0.24545303E+10   0.55842606E+01   0.47302804E+15   0.22046160E+10
   0.20000000E+01   0.31622777E+10   0.57092652E+01   0.43779185E+15   0.11991713E-01   0.33681745E+02   0.58029787E+09   0.64504451E+16   0.21003952E-02   0.34475469E+02   0.30176502E+10   0.53384368E+01   0.51101648E+15   0.30896578E+10   0.55209092E+01   0.47302804E+15   0.22046160E+10
   0.20000000E+01   0.39810717E+10   0.56438469E+01   0.43779185E+15   0.12948354E-01   0.36368712E+02   0.73638009E+09   0.62809562E+16   0.22942426E-02   0.37159217E+02   0.37979464E+10   0.52767812E+01   0.51101648E+15   0.38891176E+10   0.54574007E+01   0.47302804E+15   0.22046160E+10
   0.20000000E+01   0.50118723E+10   0.55785238E+01   0.43779185E+15   0.13981311E-01   0.39270032E+02   0.93455317E+09   0.61144856E+16   0.25062744E-02   0.40051880E+02   0.47799854E+10   0.52152172E+01   0.51101648E+15   0.48954282E+10   0.53939855E+01   0.47302804E+15   0.22046160E+10
   0.20000000E+01   0.63095734E+10   0.55135686E+01   0.43779185E+15   0.15096673E-01   0.42402805E+02   0.11861599E+10   0.59516812E+16   0.27380946E-02   0.43170055E+02   0.60159276E+10   0.51540019E+01   0.51101648E+15   0.61621100E+10   0.53309286E+01   0.47302804E+15   0.22046160E+10
   0.20000000E+01   0.79432823E+10   0.54486058E+01   0.43779185E+15   0.16301012E-01   0.45785495E+02   0.15057101E+10   0.57915603E+16   0.29917768E-02   0.46530883E+02   0.75713992E+10   0.50927812E+01   0.51101648E+15   0.77565213E+10   0.52678651E+01   0.47302804E+15   0.22046160E+10
   0.20000000E+01   0.10000000E+11   0.53839132E+01   0.43779185E+15   0.17601428E-01   0.49438041E+02   0.19115440E+10   0.56347738E+16   0.32692630E-02   0.50153636E+02   0.95290080E+10   0.50318173E+01   0.51101648E+15   0.97634552E+10   0.52050650E+01   0.47302804E+15   0.22046160E+10
   0.20000000E+01   0.12589254E+11   0.53197317E+01   0.43779185E+15   0.19005585E-01   0.53381969E+02   0.24269403E+10   0.54818396E+16   0.35726585E-02   0.54059123E+02   0.11992720E+11   0.49713371E+01   0.51101648E+15   0.12289645E+11   0.51427621E+01   0.47302804E+15   0.22046160E+10
   0.20000000E+01   0.15848932E+11   0.52557423E+01   0.43779185E+15   0.20521758E-01   0.57640524E+02   0.30816605E+10   0.53319372E+16   0.39046356E-02   0.58268970E+02   0.15093344E+11   0.49110400E+01   0.51101648E+15   0.15469420E+11   0.50806467E+01   0.47302804E+15   0.22046160E+10
   0.20000000E+01   0.19952623E+11   0.51922717E+01   0.43779185E+15   0.22158885E-01   0.62238806E+02   0.39133000E+10   0.51857719E+16   0.42676667E-02   0.62807503E+02   0.18995541E+11   0.48512339E+01   0.51101648E+15   0.19471882E+11   0.50190360E+01   0.47302804E+15   0.22046160E+10
   0.20000000E+01   0.25118864E+11   0.51295795E+01   0.43779185E+15   0.23926614E-01   0.67203917E+02   0.49695683E+10   0.50438482E+16   0.46644396E-02   0.67700955E+02   0.23906546E+11   0.47921636E+01   0.51101648E+15   0.24509889E+11   0.49581821E+01   0.47302804E+15   0.22046160E+10
   0.20000000E+01   0.31622777E+11   0.50672018E+01   0.43779185E+15   0.25835363E-01   0.72565120E+02   0.63116004E+10   0.49050354E+16   0.50985463E-02   0.72976287E+02   0.30087143E+11   0.47333953E+01   0.51101648E+15   0.30851386E+11   0.48976380E+01   0.47302804E+15   0.22046160E+10
   0.20000000E+01   0.39810717E+11   0.50057149E+01   0.43779185E+15   0.27896383E-01   0.78354014E+02   0.80162332E+10   0.47705311E+16   0.55729069E-02   0.78664625E+02   0.37865512E+11   0.46754668E+01   0.51101648E+15   0.38833503E+11   0.48379558E+01   0.47302804E+15   0.22046160E+10
   0.20000000E+01   0.50118723E+11   0.49452571E+01   0.43779185E+15   0.30121822E-01   0.84604719E+02   0.10181258E+11   0.46405144E+16   0.60910527E-02   0.84798808E+02   0.47654676E+11   0.46185073E+01   0.51101648E+15   0.48880795E+11   0.47792736E+01   0.47302804E+15   0.22046160E+10
   0.20000000E+01   0.63095734E+11   0.48855183E+01   0.43779185E+15   0.32524795E-01   0.91354074E+02   0.12931578E+11   0.45142075E+16   0.66573889E-02   0.91413221E+02   0.59974425E+11   0.45622274E+01   0.51101648E+15   0.61527519E+11   0.47212903E+01   0.47302804E+15   0.22046160E+10
   0.20000000E+01   0.79432823E+11   0.48273210E+01   0.43779185E+15   0.35119466E-01   0.98641860E+02   0.16423503E+11   0.43932143E+16   0.72751462E-02   0.98547869E+02   0.75479247E+11   0.45074019E+01   0.51101648E+15   0.77446357E+11   0.46648044E+01   0.47302804E+15   0.22046160E+10
   0.20000000E+01   0.10000000E+12   0.47698772E+01   0.43779185E+15   0.37921127E-01   0.10651103E+03   0.20859022E+11   0.42757625E+16   0.79501265E-02   0.10624173E+03   0.94992233E+11   0.44532883E+01   0.51101648E+15   0.97483726E+11   0.46090508E+01   0.47302804E+15   0.22046160E+10
   0.20000000E+01   0.12589254E+12   0.47143443E+01   0.43779185E+15   0.40946291E-01   0.11500796E+03   0.26488430E+11   0.41640712E+16   0.86854690E-02   0.11454250E+03   0.11955029E+12   0.44009769E+01   0.51101648E+15   0.12270556E+12   0.45551530E+01   0.47302804E+15   0.22046160E+10
   0.20000000E+01   0.15848932E+12   0.46598566E+01   0.43779185E+15   0.44212788E-01   0.12418274E+03   0.33636291E+11   0.40562415E+16   0.94880147E-02   0.12349563E+03   0.15045726E+12   0.43496521E+01   0.51101648E+15   0.15445300E+12   0.45022706E+01   0.47302804E+15   0.22046160E+10
   0.20000000E+01   0.19952623E+12   0.46074120E+01   0.43779185E+15   0.47739870E-01   0.13408944E+03   0.42704870E+11   0.39540905E+16   0.10361537E-01   0.13315633E+03   0.18935566E+12   0.43002536E+01   0.51101648E+15   0.19441499E+12   0.44513721E+01   0.47302804E+15   0.22046160E+10
   0.20000000E+01   0.25118864E+12   0.45565911E+01   0.43779185E+15   0.51548326E-01   0.14478645E+03   0.54211196E+11   0.38566232E+16   0.11312915E-01   0.14357950E+03   0.23831158E+12   0.42523862E+01   0.51101648E+15   0.24471693E+12   0.44020502E+01   0.47302804E+15   0.22046160E+10
   0.20000000E+01   0.31622777E+12   0.45078938E+01   0.43779185E+15   0.55660603E-01   0.15633681E+03   0.68802248E+11   0.37646249E+16   0.12347363E-01   0.15482796E+03   0.29992678E+12   0.42065205E+01   0.51101648E+15   0.30803487E+12   0.43547901E+01   0.47302804E+15   0.22046160E+10
   0.20000000E+01   0.39810717E+12   0.44612286E+01   0.43779185E+15   0.60100936E-01   0.16880861E+03   0.87301070E+11   0.36777402E+16   0.13471835E-01   0.16696737E+03   0.37747529E+12   0.41625702E+01   0.51101648E+15   0.38773707E+12   0.43095029E+01   0.47302804E+15   0.22046160E+10
   0.20000000E+01   0.50118723E+12   0.44168840E+01   0.43779185E+15   0.64895498E-01   0.18227534E+03   0.11074216E+12   0.35963257E+16   0.14692597E-01   0.18007043E+03   0.47507979E+12   0.41208085E+01   0.51101648E+15   0.48806432E+12   0.42664691E+01   0.47302804E+15   0.22046160E+10
   0.20000000E+01   0.63095734E+12   0.43748006E+01   0.43779185E+15   0.70072547E-01   0.19681639E+03   0.14043692E+12   0.35200929E+16   0.16017312E-01   0.19421422E+03   0.59792749E+12   0.40811763E+01   0.51101648E+15   0.61435408E+12   0.42256297E+01   0.47302804E+15   0.22046160E+10
   0.20000000E+01   0.79432823E+12   0.43353026E+01   0.43779185E+15   0.75662596E-01   0.21251744E+03   0.17803024E+12   0.34494517E+16   0.17452668E-01   0.20948416E+03   0.75255083E+12   0.40439795E+01   0.51101648E+15   0.77332693E+12   0.41872998E+01   0.47302804E+15   0.22046160E+10
   0.20000000E+01   0.10000000E+13   0.42981187E+01   0.43779185E+15   0.81698592E-01   0.22947106E+03   0.22561339E+12   0.33837489E+16   0.19007989E-01   0.22596936E+03   0.94717036E+12   0.40089628E+01   0.51101648E+15   0.97344173E+12   0.41512159E+01   0.47302804E+15   0.22046160E+10
   0.20000000E+01   0.12589254E+13   0.42637892E+01   0.43779185E+15   0.88216110E-01   0.24777715E+03   0.28578960E+12   0.33237751E+16   0.20689604E-01   0.24377116E+03   0.11921396E+13   0.39766346E+01   0.51101648E+15   0.12253500E+13   0.41179022E+01   0.47302804E+15   0.22046160E+10
   0.20000000E+01   0.15848932E+13   0.42317472E+01   0.43779185E+15   0.95253564E-01   0.26754361E+03   0.36188995E+12   0.32683888E+16   0.22509276E-01   0.26299210E+03   0.15004893E+13   0.39464651E+01   0.51101648E+15   0.15424587E+13   0.40868104E+01   0.47302804E+15   0.22046160E+10
   0.20000000E+01   0.19952623E+13   0.42026268E+01   0.43779185E+15   0.10285243E+00   0.28888695E+03   0.45803552E+12   0.32185457E+16   0.24473368E-01   0.28375133E+03   0.18886210E+13   0.39190429E+01   0.51101648E+15   0.19416462E+13   0.40585520E+01   0.47302804E+15   0.22046160E+10
   0.20000000E+01   0.25118864E+13   0.41758344E+01   0.43779185E+15   0.11105750E+00   0.31193295E+03   0.57950338E+12   0.31731006E+16   0.26595284E-01   0.30616876E+03   0.23771931E+13   0.38938182E+01   0.51101648E+15   0.24441641E+13   0.40325552E+01   0.47302804E+15   0.22046160E+10
   0.20000000E+01   0.31622777E+13   0.41517036E+01   0.43779185E+15   0.11991713E+00   0.33681745E+03   0.73284997E+12   0.31325077E+16   0.28883838E-01   0.33038117E+03   0.29921923E+13   0.38710944E+01   0.51101648E+15   0.30767585E+13   0.40091386E+01   0.47302804E+15   0.22046160E+10
   0.20000000E+01   0.39810717E+13   0.41300267E+01   0.43779185E+15   0.12948354E+00   0.36368712E+03   0.92637857E+12   0.30963149E+16   0.31351744E-01   0.35653207E+03   0.37663731E+13   0.38506871E+01   0.51101648E+15   0.38731177E+13   0.39881059E+01   0.47302804E+15   0.22046160E+10
   0.20000000E+01   0.50118723E+13   0.41106836E+01   0.43779185E+15   0.13981311E+00   0.39270032E+03   0.11705284E+13   0.30642357E+16   0.34012132E-01   0.38477714E+03   0.47409103E+13   0.38324711E+01   0.51101648E+15   0.48756255E+13   0.39693351E+01   0.47302804E+15   0.22046160E+10
   0.20000000E+01   0.63095734E+13   0.40937853E+01   0.43779185E+15   0.15096673E+00   0.42402805E+03   0.14783681E+13   0.30363778E+16   0.36877051E-01   0.41528707E+03   0.59677329E+13   0.38165630E+01   0.51101648E+15   0.61376830E+13   0.39529392E+01   0.47302804E+15   0.22046160E+10
   0.20000000E+01   0.79432823E+13   0.40789796E+01   0.43779185E+15   0.16301012E+00   0.45785495E+03   0.18664501E+13   0.30120975E+16   0.39963456E-01   0.44824131E+03   0.75121339E+13   0.38026255E+01   0.51101648E+15   0.77264799E+13   0.39385741E+01   0.47302804E+15   0.22046160E+10
   0.20000000E+01   0.10000000E+14   0.40662226E+01   0.43779185E+15   0.17601428E+00   0.49438041E+03   0.23555074E+13   0.29912725E+16   0.43286927E-01   0.48383698E+03   0.94562952E+13   0.37906098E+01   0.51101648E+15   0.97265959E+13   0.39261935E+01   0.47302804E+15   0.22046160E+10
   0.20000000E+01   0.12589254E+14   0.40554055E+01   0.43779185E+15   0.19005585E+00   0.53381969E+03   0.29716236E+13   0.29736832E+16   0.46864820E-01   0.52228629E+03   0.11903837E+14   0.37804270E+01   0.51101648E+15   0.12244584E+14   0.39156983E+01   0.47302804E+15   0.22046160E+10
   0.20000000E+01   0.15848932E+14   0.40462209E+01   0.43779185E+15   0.20521758E+00   0.57640524E+03   0.37477321E+13   0.29587982E+16   0.50718335E-01   0.56381546E+03   0.14985042E+14   0.37717813E+01   0.51101648E+15   0.15414509E+14   0.39067871E+01   0.47302804E+15   0.22046160E+10
   0.20000000E+01   0.19952623E+14   0.40385200E+01   0.43779185E+15   0.22158885E+00   0.62238806E+03   0.47251981E+13   0.29463529E+16   0.54868826E-01   0.60867067E+03   0.18863993E+14   0.37645323E+01   0.51101648E+15   0.19405179E+14   0.38993155E+01   0.47302804E+15   0.22046160E+10
   0.20000000E+01   0.25118864E+14   0.40321057E+01   0.43779185E+15   0.23926614E+00   0.67203917E+03   0.59561272E+13   0.29360114E+16   0.59340244E-01   0.65711673E+03   0.23747248E+14   0.37584946E+01   0.51101648E+15   0.24429108E+14   0.38930923E+01   0.47302804E+15   0.22046160E+10
   0.20000000E+01   0.31622777E+14   0.40267450E+01   0.43779185E+15   0.25835363E+00   0.72565120E+03   0.75061890E+13   0.29273855E+16   0.64159422E-01   0.70943846E+03   0.29894664E+14   0.37534411E+01   0.51101648E+15   0.30753746E+14   0.38878878E+01   0.47302804E+15   0.22046160E+10
   0.20000000E+01   0.39810717E+14   0.40222820E+01   0.43779185E+15   0.27896383E+00   0.78354014E+03   0.94580015E+13   0.29202161E+16   0.69354618E-01   0.76594432E+03   0.37633916E+14   0.37492400E+01   0.51101648E+15   0.38716043E+14   0.38835578E+01   0.47302804E+15   0.22046160E+10
   0.20000000E+01   0.50118723E+14   0.40185594E+01   0.43779185E+15   0.30121822E+00   0.84604719E+03   0.11915622E+14   0.29142440E+16   0.74956767E-01   0.82696691E+03   0.47376994E+14   0.37457358E+01   0.51101648E+15   0.48739950E+14   0.38799459E+01   0.47302804E+15   0.22046160E+10
   0.20000000E+01   0.63095734E+14   0.40154512E+01   0.43779185E+15   0.32524795E+00   0.91354074E+03   0.15010044E+14   0.29092635E+16   0.80999104E-01   0.89286556E+03   0.59642736E+14   0.37428101E+01   0.51101648E+15   0.61359267E+14   0.38769304E+01   0.47302804E+15   0.22046160E+10
   0.20000000E+01   0.79432823E+14   0.40128558E+01   0.43779185E+15   0.35119466E+00   0.98641860E+03   0.18906175E+14   0.29051087E+16   0.87517388E-01   0.96402848E+03   0.75084318E+14   0.37403670E+01   0.51101648E+15   0.77246009E+14   0.38744123E+01   0.47302804E+15   0.22046160E+10
   0.20000000E+01   0.10000000E+15   0.40106802E+01   0.43779185E+15   0.37921127E+00   0.10651103E+04   0.23811660E+14   0.29016286E+16   0.94550364E-01   0.10408747E+04   0.94524038E+14   0.37383191E+01   0.51101648E+15   0.97246191E+14   0.38723015E+01   0.47302804E+15   0.22046160E+10
   0.20000000E+01   0.12589254E+15   0.40088642E+01   0.43779185E+15   0.40946291E+00   0.11500796E+04   0.29987830E+14   0.28987258E+16   0.10213938E+00   0.11238571E+04   0.11899712E+15   0.37366098E+01   0.51101648E+15   0.12242489E+15   0.38705396E+01   0.47302804E+15   0.22046160E+10
   0.20000000E+01   0.15848932E+15   0.40073476E+01   0.43779185E+15   0.44212788E+00   0.12418274E+04   0.37763729E+14   0.28963028E+16   0.11032931E+00   0.12134648E+04   0.14980682E+15   0.37351822E+01   0.51101648E+15   0.15412295E+15   0.38690682E+01   0.47302804E+15   0.22046160E+10
   0.20000000E+01   0.19952623E+15   0.40060791E+01   0.43779185E+15   0.47739870E+00   0.13408944E+04   0.47553613E+14   0.28942772E+16   0.11916857E+00   0.13102257E+04   0.18859384E+15   0.37339882E+01   0.51101648E+15   0.19402840E+15   0.38678374E+01   0.47302804E+15   0.22046160E+10
   0.20000000E+01   0.25118864E+15   0.40050229E+01   0.43779185E+15   0.51548326E+00   0.14478645E+04   0.59878927E+14   0.28925913E+16   0.12870919E+00   0.14147100E+04   0.23742373E+15   0.37329940E+01   0.51101648E+15   0.24426634E+15   0.38668127E+01   0.47302804E+15   0.22046160E+10
   0.20000000E+01   0.31622777E+15   0.40041446E+01   0.43779185E+15   0.55660603E+00   0.15633681E+04   0.75396171E+14   0.28911898E+16   0.13900747E+00   0.15275336E+04   0.29889682E+15   0.37321673E+01   0.51101648E+15   0.30751211E+15   0.38659606E+01   0.47302804E+15   0.22046160E+10
   0.20000000E+01   0.39810717E+15   0.40034144E+01   0.43779185E+15   0.60100936E+00   0.16880861E+04   0.94931838E+14   0.28900249E+16   0.15012419E+00   0.16493613E+04   0.37628677E+15   0.37314800E+01   0.51101648E+15   0.38713378E+15   0.38652522E+01   0.47302804E+15   0.22046160E+10
   0.20000000E+01   0.50118723E+15   0.40028096E+01   0.43779185E+15   0.64895498E+00   0.18227534E+04   0.11952638E+15   0.28890602E+16   0.16212487E+00   0.17809112E+04   0.47371486E+15   0.37309107E+01   0.51101648E+15   0.48737148E+15   0.38646653E+01   0.47302804E+15   0.22046160E+10
   0.20000000E+01   0.63095734E+15   0.40023092E+01   0.43779185E+15   0.70072547E+00   0.19681639E+04   0.15048966E+15   0.28882623E+16   0.17508029E+00   0.19229585E+04   0.59636947E+15   0.37304397E+01   0.51101648E+15   0.61356322E+15   0.38641799E+01   0.47302804E+15   0.22046160E+10
   0.20000000E+01   0.79432823E+15   0.40018960E+01   0.43779185E+15   0.75662596E+00   0.21251744E+04   0.18947073E+15   0.28876036E+16   0.18906687E+00   0.20763404E+04   0.75078238E+15   0.37300508E+01   0.51101648E+15   0.77242916E+15   0.38637790E+01   0.47302804E+15   0.22046160E+10
   0.20000000E+01   0.10000000E+16   0.40015556E+01   0.43779185E+15   0.81698592E+00   0.22947106E+04   0.23854555E+15   0.28870609E+16   0.20416708E+00   0.22419608E+04   0.94517664E+15   0.37297303E+01   0.51101648E+15   0.97242948E+15   0.38634487E+01   0.47302804E+15   0.22046160E+10
   0.20000000E+01   0.12589254E+16   0.40012754E+01   0.43779185E+15   0.88216110E+00   0.24777715E+04   0.30032768E+15   0.28866143E+16   0.22046998E+00   0.24207958E+04   0.11899044E+16   0.37294666E+01   0.51101648E+15   0.12242149E+16   0.38631769E+01   0.47302804E+15   0.22046160E+10
   0.20000000E+01   0.15848932E+16   0.40010455E+01   0.43779185E+15   0.95253564E+00   0.26754361E+04   0.37810733E+15   0.28862477E+16   0.23807169E+00   0.26138994E+04   0.14979984E+16   0.37292502E+01   0.51101648E+15   0.15411940E+16   0.38629538E+01   0.47302804E+15   0.22046160E+10
   0.20000000E+01   0.19952623E+16   0.40008569E+01   0.43779185E+15   0.10285243E+01   0.28888695E+04   0.47602666E+15   0.28859472E+16   0.25707601E+00   0.28224098E+04   0.18858656E+16   0.37290727E+01   0.51101648E+15   0.19402469E+16   0.38627709E+01   0.47302804E+15   0.22046160E+10
   0.20000000E+01   0.25118864E+16   0.40007023E+01   0.43779185E+15   0.11105750E+01   0.31193295E+04   0.59930037E+15   0.28857009E+16   0.27759502E+00   0.30475556E+04   0.23741614E+16   0.37289272E+01   0.51101648E+15   0.24426248E+16   0.38626209E+01   0.47302804E+15   0.22046160E+10
   0.20000000E+01   0.31622777E+16   0.40005760E+01   0.43779185E+15   0.11991713E+01   0.33681745E+04   0.75449331E+15   0.28854995E+16   0.29974967E+00   0.32906640E+04   0.29888893E+16   0.37288082E+01   0.51101648E+15   0.30750810E+16   0.38624983E+01   0.47302804E+15   0.22046160E+10
   0.20000000E+01   0.39810717E+16   0.40004728E+01   0.43779185E+15   0.12948354E+01   0.36368712E+04   0.94987016E+15   0.28853351E+16   0.32367060E+00   0.35531677E+04   0.37627858E+16   0.37287112E+01   0.51101648E+15   0.38712962E+16   0.38623982E+01   0.47302804E+15   0.22046160E+10
   0.20000000E+01   0.50118723E+16   0.40003884E+01   0.43779185E+15   0.13981311E+01   0.39270032E+04   0.11958356E+16   0.28852007E+16   0.34949884E+00   0.38366137E+04   0.47370637E+16   0.37286317E+01   0.51101648E+15   0.48736716E+16   0.38623164E+01   0.47302804E+15   0.22046160E+10
   0.20000000E+01   0.63095734E+16   0.40003195E+01   0.43779185E+15   0.15096673E+01   0.42402805E+04   0.15054884E+16   0.28850909E+16   0.37738667E+00   0.41426727E+04   0.59636069E+16   0.37285669E+01   0.51101648E+15   0.61355875E+16   0.38622495E+01   0.47302804E+15   0.22046160E+10
   0.20000000E+01   0.79432823E+16   0.40002635E+01   0.43779185E+15   0.16301012E+01   0.45785495E+04   0.18953185E+16   0.28850016E+16   0.40749846E+00   0.44731486E+04   0.75077331E+16   0.37285142E+01   0.51101648E+15   0.77242454E+16   0.38621952E+01   0.47302804E+15   0.22046160E+10
   0.20000000E+01   0.10000000E+17   0.40002177E+01   0.43779185E+15   0.17601428E+01   0.49438041E+04   0.23860863E+16   0.28849286E+16   0.44001176E+00   0.48299889E+04   0.94516728E+16   0.37284710E+01   0.51101648E+15   0.97242472E+16   0.38621507E+01   0.47302804E+15   0.22046160E+10
   0.20000000E+01   0.12589254E+17   0.40001802E+01   0.43779185E+15   0.19005585E+01   0.53381969E+04   0.30039269E+16   0.28848689E+16   0.47511821E+00   0.52152970E+04   0.11898948E+17   0.37284357E+01   0.51101648E+15   0.12242100E+17   0.38621144E+01   0.47302804E+15   0.22046160E+10
