         1        92   0.17000000E+01   0.31562220E+00   0.68437780E+00   0.82883870E+00   0.96580000E+00   0.22242000E-01  ---------------   0.27255000E+01  ---------------      0.67238290E+00                                 
   0.17000000E+01   0.10000000E+08   0.82139998E+01   0.32374029E+15   0.19464274E-02   0.47012798E+01   0.14530489E+07   0.11247899E+17   0.23696463E-03   0.51361010E+01   0.95845791E+07   0.76585083E+01   0.38282588E+15   0.98430978E+07   0.80006646E+01   0.34483744E+15   0.25700888E+10
   0.17000000E+01   0.12589254E+08   0.81426195E+01   0.32374029E+15   0.21017040E-02   0.50763252E+01   0.18388666E+07   0.11014627E+17   0.25811153E-03   0.55361343E+01   0.12064148E+08   0.75915102E+01   0.38282588E+15   0.12390946E+08   0.79309719E+01   0.34483744E+15   0.25700888E+10
   0.17000000E+01   0.15848932E+08   0.80712896E+01   0.32374029E+15   0.22693677E-02   0.54812898E+01   0.23272673E+07   0.10784554E+17   0.28116545E-03   0.59672930E+01   0.15185103E+08   0.75245523E+01   0.38282588E+15   0.15598273E+08   0.78613273E+01   0.34483744E+15   0.25700888E+10
   0.17000000E+01   0.19952623E+08   0.79989823E+01   0.32374029E+15   0.24504069E-02   0.59185606E+01   0.29457952E+07   0.10554408E+17   0.30633983E-03   0.64318328E+01   0.19113340E+08   0.74566785E+01   0.38282588E+15   0.19635661E+08   0.77907158E+01   0.34483744E+15   0.25700888E+10
   0.17000000E+01   0.25118864E+08   0.79263857E+01   0.32374029E+15   0.26458885E-02   0.63907147E+01   0.37290487E+07   0.10326444E+17   0.33380769E-03   0.69324391E+01   0.24057687E+08   0.73885346E+01   0.38282588E+15   0.24718039E+08   0.77198226E+01   0.34483744E+15   0.25700888E+10
   0.17000000E+01   0.31622777E+08   0.78539201E+01   0.32374029E+15   0.28569647E-02   0.69005350E+01   0.47208443E+07   0.10101974E+17   0.36376290E-03   0.74719824E+01   0.30281007E+08   0.73205167E+01   0.38282588E+15   0.31115900E+08   0.76490596E+01   0.34483744E+15   0.25700888E+10
   0.17000000E+01   0.39810717E+08   0.77815164E+01   0.32374029E+15   0.30848795E-02   0.74510263E+01   0.59768212E+07   0.98807543E+16   0.39643681E-03   0.80534756E+01   0.38114203E+08   0.72525656E+01   0.38282588E+15   0.39169978E+08   0.75783755E+01   0.34483744E+15   0.25700888E+10
   0.17000000E+01   0.50118723E+08   0.77080480E+01   0.32374029E+15   0.33309763E-02   0.80454332E+01   0.75681429E+07   0.96593897E+16   0.43214265E-03   0.86799315E+01   0.47973255E+08   0.71836080E+01   0.38282588E+15   0.49308474E+08   0.75066421E+01   0.34483744E+15   0.25700888E+10
   0.17000000E+01   0.63095734E+08   0.76343190E+01   0.32374029E+15   0.35967055E-02   0.86872589E+01   0.95840909E+07   0.94403688E+16   0.47112329E-03   0.93549911E+01   0.60382324E+08   0.71144074E+01   0.38282588E+15   0.62070860E+08   0.74346467E+01   0.34483744E+15   0.25700888E+10
   0.17000000E+01   0.79432823E+08   0.75606607E+01   0.32374029E+15   0.38836332E-02   0.93802864E+01   0.12137925E+08   0.92246701E+16   0.51366321E-03   0.10082499E+02   0.76000963E+08   0.70452747E+01   0.38282588E+15   0.78136414E+08   0.73627212E+01   0.34483744E+15   0.25700888E+10
   0.17000000E+01   0.10000000E+09   0.74870716E+01   0.32374029E+15   0.41934507E-02   0.10128600E+02   0.15373428E+08   0.90122619E+16   0.56009224E-03   0.10866527E+02   0.95659249E+08   0.69762086E+01   0.38282588E+15   0.98360041E+08   0.72908640E+01   0.34483744E+15   0.25700888E+10
   0.17000000E+01   0.12589254E+09   0.74122928E+01   0.32374029E+15   0.45279839E-02   0.10936611E+02   0.19474946E+08   0.87995631E+16   0.61087494E-03   0.11711086E+02   0.12040148E+09   0.69060279E+01   0.38282588E+15   0.12381775E+09   0.72178466E+01   0.34483744E+15   0.25700888E+10
   0.17000000E+01   0.15848932E+09   0.73376174E+01   0.32374029E+15   0.48892046E-02   0.11809081E+02   0.24672664E+08   0.85903009E+16   0.66632045E-03   0.12621229E+02   0.15154345E+09   0.68359562E+01   0.38282588E+15   0.15586497E+09   0.71449416E+01   0.34483744E+15   0.25700888E+10
   0.17000000E+01   0.19952623E+09   0.72630437E+01   0.32374029E+15   0.52792416E-02   0.12751152E+02   0.31260138E+08   0.83844388E+16   0.72686354E-03   0.13602045E+02   0.19073914E+09   0.67659755E+01   0.38282588E+15   0.19620663E+09   0.70721370E+01   0.34483744E+15   0.25700888E+10
   0.17000000E+01   0.25118864E+09   0.71878202E+01   0.32374029E+15   0.57003940E-02   0.13768378E+02   0.39612310E+08   0.81799174E+16   0.79306296E-03   0.14658734E+02   0.24007075E+09   0.66953832E+01   0.38282588E+15   0.24698900E+09   0.69986970E+01   0.34483744E+15   0.25700888E+10
   0.17000000E+01   0.31622777E+09   0.71119798E+01   0.32374029E+15   0.61551439E-02   0.14866752E+02   0.50203581E+08   0.79768859E+16   0.86546138E-03   0.15797149E+02   0.30215938E+09   0.66242141E+01   0.38282588E+15   0.31091314E+09   0.69246473E+01   0.34483744E+15   0.25700888E+10
   0.17000000E+01   0.39810717E+09   0.70365043E+01   0.32374029E+15   0.66461715E-02   0.16052750E+02   0.63630915E+08   0.77779683E+16   0.94452745E-03   0.17024015E+02   0.38030459E+09   0.65533893E+01   0.38282588E+15   0.39138130E+09   0.68509546E+01   0.34483744E+15   0.25700888E+10
   0.17000000E+01   0.50118723E+09   0.69609705E+01   0.32374029E+15   0.71763709E-02   0.17333360E+02   0.80658078E+08   0.75820107E+16   0.10309440E-02   0.18346009E+02   0.47865778E+09   0.64825119E+01   0.38282588E+15   0.49267484E+09   0.67772063E+01   0.34483744E+15   0.25700888E+10
   0.17000000E+01   0.63095734E+09   0.68842676E+01   0.32374029E+15   0.77488670E-02   0.18716132E+02   0.10226332E+09   0.73861866E+16   0.11255906E-02   0.19769921E+02   0.60244183E+09   0.64105399E+01   0.38282588E+15   0.62018249E+09   0.67023179E+01   0.34483744E+15   0.25700888E+10
   0.17000000E+01   0.79432823E+09   0.68077255E+01   0.32374029E+15   0.83670341E-02   0.20209214E+02   0.12966810E+09   0.71939332E+16   0.12290499E-02   0.21304288E+02   0.75823411E+09   0.63387208E+01   0.38282588E+15   0.78068887E+09   0.66275876E+01   0.34483744E+15   0.25700888E+10
   0.17000000E+01   0.10000000E+10   0.67315245E+01   0.32374029E+15   0.90345157E-02   0.21821408E+02   0.16443003E+09   0.70056518E+16   0.13421203E-02   0.22957788E+02   0.95431100E+09   0.62672241E+01   0.38282588E+15   0.98273386E+09   0.65531914E+01   0.34483744E+15   0.25700888E+10
   0.17000000E+01   0.12589254E+10   0.66542506E+01   0.32374029E+15   0.97552456E-02   0.23562214E+02   0.20855676E+09   0.68178725E+16   0.14660172E-02   0.24738754E+02   0.12010825E+10   0.61947234E+01   0.38282588E+15   0.12370652E+10   0.64777493E+01   0.34483744E+15   0.25700888E+10
   0.17000000E+01   0.15848932E+10   0.65770722E+01   0.32374029E+15   0.10533472E-01   0.25441894E+02   0.26455501E+09   0.66334728E+16   0.16015442E-02   0.26657765E+02   0.15116584E+10   0.61223147E+01   0.38282588E+15   0.15572149E+10   0.64024015E+01   0.34483744E+15   0.25700888E+10
   0.17000000E+01   0.19952623E+10   0.65000852E+01   0.32374029E+15   0.11373781E-01   0.27471525E+02   0.33562427E+09   0.64526431E+16   0.17497896E-02   0.28725591E+02   0.19025342E+10   0.60500880E+01   0.38282588E+15   0.19602155E+10   0.63272419E+01   0.34483744E+15   0.25700888E+10
   0.17000000E+01   0.25118864E+10   0.64222715E+01   0.32374029E+15   0.12281127E-01   0.29663070E+02   0.42587560E+09   0.62730084E+16   0.19122715E-02   0.30952933E+02   0.23944604E+10   0.59770886E+01   0.38282588E+15   0.24675040E+10   0.62512767E+01   0.34483744E+15   0.25700888E+10
   0.17000000E+01   0.31622777E+10   0.63446730E+01   0.32374029E+15   0.13260855E-01   0.32029446E+02   0.54045631E+09   0.60969896E+16   0.20900771E-02   0.33352957E+02   0.30135660E+10   0.59042939E+01   0.38282588E+15   0.31060694E+10   0.61755230E+01   0.34483744E+15   0.25700888E+10
   0.17000000E+01   0.39810717E+10   0.62673332E+01   0.32374029E+15   0.14318742E-01   0.34584601E+02   0.68593991E+09   0.59246343E+16   0.22846627E-02   0.35939100E+02   0.37927276E+10   0.58317444E+01   0.38282588E+15   0.39098827E+10   0.61000230E+01   0.34483744E+15   0.25700888E+10
   0.17000000E+01   0.50118723E+10   0.61888992E+01   0.32374029E+15   0.15461022E-01   0.37343593E+02   0.87081049E+09   0.57529556E+16   0.24981861E-02   0.38724394E+02   0.47732943E+10   0.57581720E+01   0.38282588E+15   0.49216896E+10   0.60234540E+01   0.34483744E+15   0.25700888E+10
   0.17000000E+01   0.63095734E+10   0.61111632E+01   0.32374029E+15   0.16694428E-01   0.40322684E+02   0.11055861E+10   0.55858770E+16   0.27317922E-02   0.41726088E+02   0.60073399E+10   0.56852527E+01   0.38282588E+15   0.61953061E+10   0.59475612E+01   0.34483744E+15   0.25700888E+10
   0.17000000E+01   0.79432823E+10   0.60334792E+01   0.32374029E+15   0.18026229E-01   0.43539433E+02   0.14038619E+10   0.54219433E+16   0.29877005E-02   0.44960266E+02   0.75603532E+10   0.56123791E+01   0.38282588E+15   0.77984829E+10   0.58717196E+01   0.34483744E+15   0.25700888E+10
   0.17000000E+01   0.10000000E+11   0.59550317E+01   0.32374029E+15   0.19464274E-01   0.47012798E+02   0.17830405E+10   0.52594529E+16   0.32685425E-02   0.48443860E+02   0.95147568E+10   0.55387929E+01   0.38282588E+15   0.98164844E+10   0.57951344E+01   0.34483744E+15   0.25700888E+10
   0.17000000E+01   0.12589254E+11   0.58774768E+01   0.32374029E+15   0.21017040E-01   0.50763252E+02   0.22647696E+10   0.51018059E+16   0.35758609E-02   0.52198366E+02   0.11974410E+11   0.54660565E+01   0.38282588E+15   0.12356730E+11   0.57194319E+01   0.34483744E+15   0.25700888E+10
   0.17000000E+01   0.15848932E+11   0.57996508E+01   0.32374029E+15   0.22693677E-01   0.54812898E+02   0.28772143E+10   0.49465781E+16   0.39129386E-02   0.56243170E+02   0.15069784E+11   0.53930693E+01   0.38282588E+15   0.15554281E+11   0.56434663E+01   0.34483744E+15   0.25700888E+10
   0.17000000E+01   0.19952623E+11   0.57217285E+01   0.32374029E+15   0.24504069E-01   0.59185606E+02   0.36559456E+10   0.47941167E+16   0.42826340E-02   0.60600971E+02   0.18965164E+11   0.53199956E+01   0.38282588E+15   0.19579211E+11   0.55674085E+01   0.34483744E+15   0.25700888E+10
   0.17000000E+01   0.25118864E+11   0.56448671E+01   0.32374029E+15   0.26458885E-01   0.63907147E+02   0.46456640E+10   0.46466086E+16   0.46872468E-02   0.65298047E+02   0.23867389E+11   0.52479196E+01   0.38282588E+15   0.24645578E+11   0.54923833E+01   0.34483744E+15   0.25700888E+10
   0.17000000E+01   0.31622777E+11   0.55673596E+01   0.32374029E+15   0.28569647E-01   0.69005350E+02   0.59048413E+10   0.45007324E+16   0.51316331E-02   0.70357681E+02   0.30036151E+11   0.51752244E+01   0.38282588E+15   0.31022591E+11   0.54167161E+01   0.34483744E+15   0.25700888E+10
   0.17000000E+01   0.39810717E+11   0.54906371E+01   0.32374029E+15   0.30848795E-01   0.74510263E+02   0.75059662E+10   0.43591515E+16   0.56184364E-02   0.75810746E+02   0.37799250E+11   0.51032748E+01   0.38282588E+15   0.39049715E+11   0.53418228E+01   0.34483744E+15   0.25700888E+10
   0.17000000E+01   0.50118723E+11   0.54144658E+01   0.32374029E+15   0.33309763E-01   0.80454332E+02   0.95423709E+10   0.42213394E+16   0.61519943E-02   0.81687459E+02   0.47568822E+11   0.50318563E+01   0.38282588E+15   0.49154073E+11   0.52674800E+01   0.34483744E+15   0.25700888E+10
   0.17000000E+01   0.63095734E+11   0.53386375E+01   0.32374029E+15   0.35967055E-01   0.86872589E+02   0.12133057E+11   0.40868497E+16   0.67371224E-02   0.88020351E+02   0.59863039E+11   0.49607633E+01   0.38282588E+15   0.61872858E+11   0.51934738E+01   0.34483744E+15   0.25700888E+10
   0.17000000E+01   0.79432823E+11   0.52637728E+01   0.32374029E+15   0.38836332E-01   0.93802864E+02   0.15428147E+11   0.39566925E+16   0.73780412E-02   0.94846553E+02   0.75333952E+11   0.48905669E+01   0.38282588E+15   0.77882041E+11   0.51203976E+01   0.34483744E+15   0.25700888E+10
   0.17000000E+01   0.10000000E+12   0.51894132E+01   0.32374029E+15   0.41934507E-01   0.10128600E+03   0.19620673E+11   0.38299738E+16   0.80807801E-02   0.10220344E+03   0.94802006E+11   0.48208385E+01   0.38282588E+15   0.98032797E+11   0.50478081E+01   0.34483744E+15   0.25700888E+10
   0.17000000E+01   0.12589254E+12   0.51162222E+01   0.32374029E+15   0.45279839E-01   0.10936611E+03   0.24953495E+11   0.37077181E+16   0.88502487E-02   0.11013444E+03   0.11930197E+12   0.47522261E+01   0.38282588E+15   0.12339839E+12   0.49763778E+01   0.34483744E+15   0.25700888E+10
   0.17000000E+01   0.15848932E+12   0.50439095E+01   0.32374029E+15   0.48892046E-01   0.11809081E+03   0.31738254E+11   0.35893188E+16   0.96932836E-02   0.11868375E+03   0.15013310E+12   0.46844426E+01   0.38282588E+15   0.15532719E+12   0.49058081E+01   0.34483744E+15   0.25700888E+10
   0.17000000E+01   0.19952623E+12   0.49730471E+01   0.32374029E+15   0.52792416E-01   0.12751152E+03   0.40367550E+11   0.34755797E+16   0.10615708E-01   0.12790188E+03   0.18893062E+12   0.46180133E+01   0.38282588E+15   0.19551643E+12   0.48366475E+01   0.34483744E+15   0.25700888E+10
   0.17000000E+01   0.25118864E+12   0.49033541E+01   0.32374029E+15   0.57003940E-01   0.13768378E+03   0.51344652E+11   0.33659071E+16   0.11625499E-01   0.13784055E+03   0.23775207E+12   0.45526736E+01   0.38282588E+15   0.24610225E+12   0.47686184E+01   0.34483744E+15   0.25700888E+10
   0.17000000E+01   0.31622777E+12   0.48355261E+01   0.32374029E+15   0.61551439E-01   0.14866752E+03   0.65301652E+11   0.32612381E+16   0.12729005E-01   0.14855937E+03   0.29919182E+12   0.44890950E+01   0.38282588E+15   0.30977818E+12   0.47024204E+01   0.34483744E+15   0.25700888E+10
   0.17000000E+01   0.39810717E+12   0.47691769E+01   0.32374029E+15   0.66461715E-01   0.16052750E+03   0.83050260E+11   0.31608104E+16   0.13935678E-01   0.16011855E+03   0.37651058E+12   0.44269130E+01   0.38282588E+15   0.38993133E+12   0.46376744E+01   0.34483744E+15   0.25700888E+10
   0.17000000E+01   0.50118723E+12   0.47051734E+01   0.32374029E+15   0.71763709E-01   0.17333360E+03   0.10560475E+12   0.30657553E+16   0.15252086E-01   0.17258868E+03   0.47381285E+12   0.43669316E+01   0.38282588E+15   0.49082437E+12   0.45752179E+01   0.34483744E+15   0.25700888E+10
   0.17000000E+01   0.63095734E+12   0.46429747E+01   0.32374029E+15   0.77488670E-01   0.18716132E+03   0.13427122E+12   0.29750826E+16   0.16689445E-01   0.18603974E+03   0.59625831E+12   0.43086341E+01   0.38282588E+15   0.61782095E+12   0.45145171E+01   0.34483744E+15   0.25700888E+10
   0.17000000E+01   0.79432823E+12   0.45836101E+01   0.32374029E+15   0.83670341E-01   0.20209214E+03   0.17067187E+12   0.28900947E+16   0.18254245E-01   0.20055534E+03   0.75035363E+12   0.42529944E+01   0.38282588E+15   0.77767717E+12   0.44565785E+01   0.34483744E+15   0.25700888E+10
   0.17000000E+01   0.10000000E+13   0.45263936E+01   0.32374029E+15   0.90345157E-01   0.21821408E+03   0.21690104E+12   0.28096079E+16   0.19959633E-01   0.21621695E+03   0.94427938E+12   0.41993716E+01   0.38282588E+15   0.97889787E+12   0.44007384E+01   0.34483744E+15   0.25700888E+10
   0.17000000E+01   0.12589254E+13   0.44724118E+01   0.32374029E+15   0.97552456E-01   0.23562214E+03   0.27554732E+12   0.27349454E+16   0.21812047E-01   0.23312298E+03   0.11883427E+13   0.41487841E+01   0.38282588E+15   0.12321918E+13   0.43480580E+01   0.34483744E+15   0.25700888E+10
   0.17000000E+01   0.15848932E+13   0.44210034E+01   0.32374029E+15   0.10533472E+00   0.25441894E+03   0.34994928E+12   0.26649852E+16   0.23825975E-01   0.25136940E+03   0.14955052E+13   0.41006117E+01   0.38282588E+15   0.15510343E+13   0.42978914E+01   0.34483744E+15   0.25700888E+10
   0.17000000E+01   0.19952623E+13   0.43729691E+01   0.32374029E+15   0.11373781E+00   0.27471525E+03   0.44424254E+12   0.26006176E+16   0.26009288E-01   0.27106974E+03   0.18820976E+13   0.40556046E+01   0.38282588E+15   0.19523961E+13   0.42510201E+01   0.34483744E+15   0.25700888E+10
   0.17000000E+01   0.25118864E+13   0.43280992E+01   0.32374029E+15   0.12281127E+00   0.29663070E+03   0.56369903E+12   0.25413592E+16   0.28375335E-01   0.29234007E+03   0.23686676E+13   0.40135660E+01   0.38282588E+15   0.24576374E+13   0.42072397E+01   0.34483744E+15   0.25700888E+10
   0.17000000E+01   0.31622777E+13   0.42865037E+01   0.32374029E+15   0.13260855E+00   0.32029446E+03   0.71493868E+12   0.24871704E+16   0.30936298E-01   0.31530832E+03   0.29810872E+13   0.39745984E+01   0.38282588E+15   0.30936514E+13   0.41666572E+01   0.34483744E+15   0.25700888E+10
   0.17000000E+01   0.39810717E+13   0.42485536E+01   0.32374029E+15   0.14318742E+00   0.34584601E+03   0.90624607E+12   0.24383531E+16   0.33702628E-01   0.34011547E+03   0.37519209E+13   0.39390438E+01   0.38282588E+15   0.38942607E+13   0.41296213E+01   0.34483744E+15   0.25700888E+10
   0.17000000E+01   0.50118723E+13   0.42136656E+01   0.32374029E+15   0.15461022E+00   0.37343593E+03   0.11481961E+13   0.23939960E+16   0.36692571E-01   0.36690546E+03   0.47221151E+13   0.39063463E+01   0.38282588E+15   0.49020759E+13   0.40955685E+01   0.34483744E+15   0.25700888E+10
   0.17000000E+01   0.63095734E+13   0.41825902E+01   0.32374029E+15   0.16694428E+00   0.40322684E+03   0.14538189E+13   0.23549050E+16   0.39914090E-01   0.39584690E+03   0.59434188E+13   0.38772390E+01   0.38282588E+15   0.61708519E+13   0.40652551E+01   0.34483744E+15   0.25700888E+10
   0.17000000E+01   0.79432823E+13   0.41547253E+01   0.32374029E+15   0.18026229E+00   0.43539433E+03   0.18397927E+13   0.23201869E+16   0.43387293E-01   0.42710865E+03   0.74807467E+13   0.38511384E+01   0.38282588E+15   0.77680233E+13   0.40380647E+01   0.34483744E+15   0.25700888E+10
   0.17000000E+01   0.10000000E+14   0.41301765E+01   0.32374029E+15   0.19464274E+00   0.47012798E+03   0.23268919E+13   0.22898613E+16   0.47126978E-01   0.46088068E+03   0.94158635E+13   0.38281342E+01   0.38282588E+15   0.97786553E+13   0.40141085E+01   0.34483744E+15   0.25700888E+10
   0.17000000E+01   0.12589254E+14   0.41088843E+01   0.32374029E+15   0.21017040E+00   0.50763252E+03   0.29412417E+13   0.22637559E+16   0.51150234E-01   0.49736675E+03   0.11851950E+14   0.38081934E+01   0.38282588E+15   0.12309855E+14   0.39933343E+01   0.34483744E+15   0.25700888E+10
   0.17000000E+01   0.15848932E+14   0.40905326E+01   0.32374029E+15   0.22693677E+00   0.54812898E+03   0.37158067E+13   0.22414023E+16   0.55478539E-01   0.53678361E+03   0.14918554E+14   0.37910012E+01   0.38282588E+15   0.15496416E+14   0.39754326E+01   0.34483744E+15   0.25700888E+10
   0.17000000E+01   0.19952623E+14   0.40750051E+01   0.32374029E+15   0.24504069E+00   0.59185606E+03   0.46918990E+13   0.22225946E+16   0.60132610E-01   0.57936800E+03   0.18778899E+14   0.37764466E+01   0.38282588E+15   0.19507758E+14   0.39602693E+01   0.34483744E+15   0.25700888E+10
   0.17000000E+01   0.25118864E+14   0.40619602E+01   0.32374029E+15   0.26458885E+00   0.63907147E+03   0.59216452E+13   0.22068687E+16   0.65138219E-01   0.62537203E+03   0.23638968E+14   0.37642372E+01   0.38282588E+15   0.24558016E+14   0.39475490E+01   0.34483744E+15   0.25700888E+10
   0.17000000E+01   0.31622777E+14   0.40510928E+01   0.32374029E+15   0.28569647E+00   0.69005350E+03   0.74706309E+13   0.21938200E+16   0.70523310E-01   0.67506797E+03   0.29757180E+14   0.37540605E+01   0.38282588E+15   0.30915910E+14   0.39369538E+01   0.34483744E+15   0.25700888E+10
   0.17000000E+01   0.39810717E+14   0.40421024E+01   0.32374029E+15   0.30848795E+00   0.74510263E+03   0.94214280E+13   0.21830607E+16   0.76318688E-01   0.72874925E+03   0.37459201E+14   0.37456337E+01   0.38282588E+15   0.38919636E+14   0.39281767E+01   0.34483744E+15   0.25700888E+10
   0.17000000E+01   0.50118723E+14   0.40346706E+01   0.32374029E+15   0.33309763E+00   0.80454332E+03   0.11878082E+14   0.21741910E+16   0.82558816E-01   0.78673166E+03   0.47155348E+14   0.37386679E+01   0.38282588E+15   0.48995607E+14   0.39209194E+01   0.34483744E+15   0.25700888E+10
   0.17000000E+01   0.63095734E+14   0.40285393E+01   0.32374029E+15   0.35967055E+00   0.86872589E+03   0.14971556E+14   0.21668901E+16   0.89280634E-01   0.84935654E+03   0.59361954E+14   0.37329212E+01   0.38282588E+15   0.61680449E+14   0.39149321E+01   0.34483744E+15   0.25700888E+10
   0.17000000E+01   0.79432823E+14   0.40234789E+01   0.32374029E+15   0.38836332E+00   0.93802864E+03   0.18866765E+14   0.21608756E+16   0.96524260E-01   0.91699229E+03   0.74729368E+14   0.37281838E+01   0.38282588E+15   0.77650008E+14   0.39099963E+01   0.34483744E+15   0.25700888E+10
   0.17000000E+01   0.10000000E+15   0.40192959E+01   0.32374029E+15   0.41934507E+00   0.10128600E+04   0.23771352E+14   0.21559117E+16   0.10433297E+00   0.99003686E+03   0.94075802E+14   0.37242696E+01   0.38282588E+15   0.97754579E+14   0.39059181E+01   0.34483744E+15   0.25700888E+10
   0.17000000E+01   0.12589254E+15   0.40158415E+01   0.32374029E+15   0.45279839E+00   0.10936611E+04   0.29946677E+14   0.21518176E+16   0.11275305E+00   0.10689204E+04   0.11843140E+15   0.37210372E+01   0.38282588E+15   0.12306469E+15   0.39025502E+01   0.34483744E+15   0.25700888E+10
   0.17000000E+01   0.15848932E+15   0.40129867E+01   0.32374029E+15   0.48892046E+00   0.11809081E+04   0.37721807E+14   0.21484377E+16   0.12183456E+00   0.11541073E+04   0.14909316E+15   0.37183658E+01   0.38282588E+15   0.15492820E+15   0.38997669E+01   0.34483744E+15   0.25700888E+10
   0.17000000E+01   0.19952623E+15   0.40106282E+01   0.32374029E+15   0.52792416E+00   0.12751152E+04   0.47510995E+14   0.21456479E+16   0.13163129E+00   0.12460994E+04   0.18769391E+15   0.37161589E+01   0.38282588E+15   0.19504193E+15   0.38974676E+01   0.34483744E+15   0.25700888E+10
   0.17000000E+01   0.25118864E+15   0.40086846E+01   0.32374029E+15   0.57003940E+00   0.13768378E+04   0.59835705E+14   0.21433506E+16   0.14220111E+00   0.13454387E+04   0.23628891E+15   0.37143386E+01   0.38282588E+15   0.24554209E+15   0.38955727E+01   0.34483744E+15   0.25700888E+10
   0.17000000E+01   0.31622777E+15   0.40070851E+01   0.32374029E+15   0.61551439E+00   0.14866752E+04   0.75352445E+14   0.21414611E+16   0.15360652E+00   0.14527104E+04   0.29746600E+15   0.37128394E+01   0.38282588E+15   0.30911797E+15   0.38940133E+01   0.34483744E+15   0.25700888E+10
   0.17000000E+01   0.39810717E+15   0.40057691E+01   0.32374029E+15   0.66461715E+00   0.16052750E+04   0.94887733E+14   0.21399073E+16   0.16591499E+00   0.15685466E+04   0.37448324E+15   0.37116060E+01   0.38282588E+15   0.38915523E+15   0.38927303E+01   0.34483744E+15   0.25700888E+10
   0.17000000E+01   0.50118723E+15   0.40046908E+01   0.32374029E+15   0.71763709E+00   0.17333360E+04   0.11948200E+15   0.21386346E+16   0.17919912E+00   0.16936298E+04   0.47144207E+15   0.37105953E+01   0.38282588E+15   0.48991613E+15   0.38916791E+01   0.34483744E+15   0.25700888E+10
   0.17000000E+01   0.63095734E+15   0.40038088E+01   0.32374029E+15   0.77488670E+00   0.18716132E+04   0.15044511E+15   0.21375939E+16   0.19353739E+00   0.18286972E+04   0.59350587E+15   0.37097686E+01   0.38282588E+15   0.61676654E+15   0.38908192E+01   0.34483744E+15   0.25700888E+10
   0.17000000E+01   0.79432823E+15   0.40030885E+01   0.32374029E+15   0.83670341E+00   0.20209214E+04   0.18942611E+15   0.21367443E+16   0.20901447E+00   0.19745446E+04   0.74717496E+15   0.37090935E+01   0.38282588E+15   0.77646138E+15   0.38901164E+01   0.34483744E+15   0.25700888E+10
   0.17000000E+01   0.10000000E+16   0.40025017E+01   0.32374029E+15   0.90345157E+00   0.21821408E+04   0.23850098E+15   0.21360523E+16   0.22572172E+00   0.21320315E+04   0.94063276E+15   0.37085435E+01   0.38282588E+15   0.97750487E+15   0.38895434E+01   0.34483744E+15   0.25700888E+10
   0.17000000E+01   0.12589254E+16   0.40020247E+01   0.32374029E+15   0.97552456E+00   0.23562214E+04   0.30028323E+15   0.21354898E+16   0.24375776E+00   0.23020859E+04   0.11841816E+16   0.37080964E+01   0.38282588E+15   0.12306036E+16   0.38890775E+01   0.34483744E+15   0.25700888E+10
   0.17000000E+01   0.15848932E+16   0.40016375E+01   0.32374029E+15   0.10533472E+01   0.25441894E+04   0.37806310E+15   0.21350334E+16   0.26322904E+00   0.24857100E+04   0.14907913E+16   0.37077336E+01   0.38282588E+15   0.15492359E+16   0.38886995E+01   0.34483744E+15   0.25700888E+10
   0.17000000E+01   0.19952623E+16   0.40013240E+01   0.32374029E+15   0.11373781E+01   0.27471525E+04   0.47598273E+15   0.21346638E+16   0.28425045E+00   0.26839859E+04   0.18767900E+16   0.37074397E+01   0.38282588E+15   0.19503702E+16   0.38883933E+01   0.34483744E+15   0.25700888E+10
   0.17000000E+01   0.25118864E+16   0.40010705E+01   0.32374029E+15   0.12281127E+01   0.29663070E+04   0.59925677E+15   0.21343650E+16   0.30694602E+00   0.28980820E+04   0.23627334E+16   0.37072021E+01   0.38282588E+15   0.24553684E+16   0.38881458E+01   0.34483744E+15   0.25700888E+10
   0.17000000E+01   0.31622777E+16   0.40008657E+01   0.32374029E+15   0.13260855E+01   0.32029446E+04   0.75445011E+15   0.21341237E+16   0.33144965E+00   0.31292602E+04   0.29744998E+16   0.37070102E+01   0.38282588E+15   0.30911233E+16   0.38879458E+01   0.34483744E+15   0.25700888E+10
   0.17000000E+01   0.39810717E+16   0.40007004E+01   0.32374029E+15   0.14318742E+01   0.34584601E+04   0.94982745E+15   0.21339288E+16   0.35790589E+00   0.33788829E+04   0.37446680E+16   0.37068552E+01   0.38282588E+15   0.38914913E+16   0.38877843E+01   0.34483744E+15   0.25700888E+10
   0.17000000E+01   0.50118723E+16   0.40005673E+01   0.32374029E+15   0.15461022E+01   0.37343593E+04   0.11957934E+16   0.21337720E+16   0.38647075E+00   0.36484211E+04   0.47142523E+16   0.37067305E+01   0.38282588E+15   0.48990949E+16   0.38876543E+01   0.34483744E+15   0.25700888E+10
   0.17000000E+01   0.63095734E+16   0.40004602E+01   0.32374029E+15   0.16694428E+01   0.40322684E+04   0.15054465E+16   0.21336457E+16   0.41731269E+00   0.39394634E+04   0.59348865E+16   0.37066300E+01   0.38282588E+15   0.61675927E+16   0.38875497E+01   0.34483744E+15   0.25700888E+10
   0.17000000E+01   0.79432823E+16   0.40003738E+01   0.32374029E+15   0.18026229E+01   0.43539433E+04   0.18952772E+16   0.21335440E+16   0.45061361E+00   0.42537251E+04   0.74715739E+16   0.37065491E+01   0.38282588E+15   0.77645367E+16   0.38874654E+01   0.34483744E+15   0.25700888E+10
   0.17000000E+01   0.10000000E+17   0.40003041E+01   0.32374029E+15   0.19464274E+01   0.47012798E+04   0.23860455E+16   0.21334619E+16   0.48656985E+00   0.45930584E+04   0.94061485E+16   0.37064838E+01   0.38282588E+15   0.97749701E+16   0.38873974E+01   0.34483744E+15   0.25700888E+10
   0.17000000E+01   0.12589254E+17   0.40002484E+01   0.32374029E+15   0.21017040E+01   0.50763252E+04   0.30038864E+16   0.21333962E+16   0.52539336E+00   0.49594631E+04   0.11841634E+17   0.37064316E+01   0.38282588E+15   0.12305956E+17   0.38873429E+01   0.34483744E+15   0.25700888E+10
