         1        92   0.10000000E-04   0.31562220E+00   0.68437780E+00   0.82883870E+00   0.96580000E+00   0.22242000E-01  ---------------   0.27255000E+01  ---------------      0.67238290E+00                                 
   0.10000000E-04   0.10000000E+08   0.24744242E+02   0.28661340E+14   0.43672189E-02   0.31385765E+01   0.84452369E+06   0.15821992E+17   0.17649435E-03   0.45370725E+01   0.89756215E+07   0.19148787E+02   0.55508526E+14   0.10767606E+08   0.29883673E+02   0.17520083E+14   0.92953694E+10
   0.10000000E-04   0.12589254E+08   0.24507164E+02   0.28661340E+14   0.47156145E-02   0.33889570E+01   0.10673415E+07   0.15431546E+17   0.19241780E-03   0.48849967E+01   0.11295018E+08   0.18962735E+02   0.55508526E+14   0.13559144E+08   0.29599924E+02   0.17520083E+14   0.92953694E+10
   0.10000000E-04   0.15848932E+08   0.24268906E+02   0.28661340E+14   0.50918034E-02   0.36593116E+01   0.13490417E+07   0.15045368E+17   0.20980771E-03   0.52594117E+01   0.14213654E+08   0.18775768E+02   0.55508526E+14   0.17074495E+08   0.29314754E+02   0.17520083E+14   0.92953694E+10
   0.10000000E-04   0.19952623E+08   0.24029467E+02   0.28661340E+14   0.54980029E-02   0.39512337E+01   0.17052130E+07   0.14663510E+17   0.22880253E-03   0.56623161E+01   0.17886358E+08   0.18587902E+02   0.55508526E+14   0.21501417E+08   0.29028190E+02   0.17520083E+14   0.92953694E+10
   0.10000000E-04   0.25118864E+08   0.23784991E+02   0.28661340E+14   0.59366069E-02   0.42664441E+01   0.21557227E+07   0.14280018E+17   0.24959466E-03   0.60955655E+01   0.22507690E+08   0.18396092E+02   0.55508526E+14   0.27076385E+08   0.28735582E+02   0.17520083E+14   0.92953694E+10
   0.10000000E-04   0.31622777E+08   0.23537900E+02   0.28661340E+14   0.64102007E-02   0.46068003E+01   0.27255360E+07   0.13898948E+17   0.27233529E-03   0.65615917E+01   0.28322669E+08   0.18202235E+02   0.55508526E+14   0.34097112E+08   0.28439832E+02   0.17520083E+14   0.92953694E+10
   0.10000000E-04   0.39810717E+08   0.23289701E+02   0.28661340E+14   0.69215755E-02   0.49743086E+01   0.34462403E+07   0.13522723E+17   0.29719469E-03   0.70629716E+01   0.35639584E+08   0.18007512E+02   0.55508526E+14   0.42938532E+08   0.28142743E+02   0.17520083E+14   0.92953694E+10
   0.10000000E-04   0.50118723E+08   0.23038811E+02   0.28661340E+14   0.74737453E-02   0.53711348E+01   0.43579999E+07   0.13149046E+17   0.32439805E-03   0.76022070E+01   0.44846171E+08   0.17810691E+02   0.55508526E+14   0.54072989E+08   0.27842419E+02   0.17520083E+14   0.92953694E+10
   0.10000000E-04   0.63095734E+08   0.22782868E+02   0.28661340E+14   0.80699646E-02   0.57996180E+01   0.55118471E+07   0.12774657E+17   0.35421196E-03   0.81818624E+01   0.56430023E+08   0.17609921E+02   0.55508526E+14   0.68095521E+08   0.27536033E+02   0.17520083E+14   0.92953694E+10
   0.10000000E-04   0.79432823E+08   0.22525894E+02   0.28661340E+14   0.87137473E-02   0.62622835E+01   0.69718121E+07   0.12405626E+17   0.38683247E-03   0.88053491E+01   0.71005221E+08   0.17408355E+02   0.55508526E+14   0.85755048E+08   0.27228396E+02   0.17520083E+14   0.92953694E+10
   0.10000000E-04   0.10000000E+09   0.22267458E+02   0.28661340E+14   0.94088879E-02   0.67618581E+01   0.88193682E+07   0.12041380E+17   0.42253983E-03   0.94758922E+01   0.89343920E+08   0.17205656E+02   0.55508526E+14   0.10799513E+09   0.26918993E+02   0.17520083E+14   0.92953694E+10
   0.10000000E-04   0.12589254E+09   0.22002765E+02   0.28661340E+14   0.10159483E-01   0.73012865E+01   0.11158703E+08   0.11675416E+17   0.46173668E-03   0.10196353E+02   0.11241648E+09   0.16998066E+02   0.55508526E+14   0.13600503E+09   0.26602086E+02   0.17520083E+14   0.92953694E+10
   0.10000000E-04   0.15848932E+09   0.21737442E+02   0.28661340E+14   0.10969958E-01   0.78837478E+01   0.14119861E+08   0.11315731E+17   0.50465726E-03   0.10971150E+02   0.14144572E+09   0.16789998E+02   0.55508526E+14   0.17128089E+09   0.26284407E+02   0.17520083E+14   0.92953694E+10
   0.10000000E-04   0.19952623E+09   0.21472562E+02   0.28661340E+14   0.11845088E-01   0.85126750E+01   0.17868156E+08   0.10963727E+17   0.55163832E-03   0.11804507E+02   0.17796907E+09   0.16582283E+02   0.55508526E+14   0.21570764E+09   0.25967242E+02   0.17520083E+14   0.92953694E+10
   0.10000000E-04   0.25118864E+09   0.21203662E+02   0.28661340E+14   0.12790032E-01   0.91917751E+01   0.22615249E+08   0.10613556E+17   0.60319919E-03   0.12700053E+02   0.22391860E+09   0.16371427E+02   0.55508526E+14   0.27166119E+09   0.25645246E+02   0.17520083E+14   0.92953694E+10
   0.10000000E-04   0.31622777E+09   0.20935804E+02   0.28661340E+14   0.13810359E-01   0.99250504E+01   0.28625523E+08   0.10271863E+17   0.65965266E-03   0.13663258E+02   0.28172898E+09   0.16161404E+02   0.55508526E+14   0.34213088E+09   0.25324479E+02   0.17520083E+14   0.92953694E+10
   0.10000000E-04   0.39810717E+09   0.20667792E+02   0.28661340E+14   0.14912082E-01   0.10716823E+02   0.36236598E+08   0.99370283E+16   0.72151310E-03   0.14698967E+02   0.35446001E+09   0.15951276E+02   0.55508526E+14   0.43088398E+09   0.25003510E+02   0.17520083E+14   0.92953694E+10
   0.10000000E-04   0.50118723E+09   0.20396844E+02   0.28661340E+14   0.16101696E-01   0.11571759E+02   0.45878602E+08   0.96056331E+16   0.78942095E-03   0.15811969E+02   0.44595921E+09   0.15738873E+02   0.55508526E+14   0.54266840E+09   0.24679022E+02   0.17520083E+14   0.92953694E+10
   0.10000000E-04   0.63095734E+09   0.20127032E+02   0.28661340E+14   0.17386212E-01   0.12494898E+02   0.58090681E+08   0.92826630E+16   0.86382390E-03   0.17008884E+02   0.56107249E+09   0.15527386E+02   0.55508526E+14   0.68345871E+09   0.24355887E+02   0.17520083E+14   0.92953694E+10
   0.10000000E-04   0.79432823E+09   0.19855538E+02   0.28661340E+14   0.18773199E-01   0.13491681E+02   0.73563762E+08   0.89647009E+16   0.94548932E-03   0.18295271E+02   0.70588694E+09   0.15314600E+02   0.55508526E+14   0.86078574E+09   0.24030721E+02   0.17520083E+14   0.92953694E+10
   0.10000000E-04   0.10000000E+10   0.19582870E+02   0.28661340E+14   0.20270835E-01   0.14567982E+02   0.93170838E+08   0.86523869E+16   0.10351309E-02   0.19677846E+02   0.88805851E+09   0.15100888E+02   0.55508526E+14   0.10841326E+10   0.23704125E+02   0.17520083E+14   0.92953694E+10
   0.10000000E-04   0.12589254E+10   0.19311329E+02   0.28661340E+14   0.21887944E-01   0.15730145E+02   0.11801418E+09   0.83482914E+16   0.11334250E-02   0.21164398E+02   0.11172294E+10   0.14888075E+02   0.55508526E+14   0.13654369E+10   0.23378833E+02   0.17520083E+14   0.92953694E+10
   0.10000000E-04   0.15848932E+10   0.19036248E+02   0.28661340E+14   0.23634058E-01   0.16985020E+02   0.14951147E+09   0.80472121E+16   0.12415292E-02   0.22761139E+02   0.14055071E+10   0.14672517E+02   0.55508526E+14   0.17197620E+10   0.23049291E+02   0.17520083E+14   0.92953694E+10
   0.10000000E-04   0.19952623E+10   0.18762147E+02   0.28661340E+14   0.25519469E-01   0.18340002E+02   0.18943421E+09   0.77541264E+16   0.13601572E-02   0.24477658E+02   0.17681514E+10   0.14457769E+02   0.55508526E+14   0.21660601E+10   0.22720932E+02   0.17520083E+14   0.92953694E+10
   0.10000000E-04   0.25118864E+10   0.18487125E+02   0.28661340E+14   0.27555288E-01   0.19803079E+02   0.24005294E+09   0.74669290E+16   0.14905124E-02   0.26322124E+02   0.22243042E+10   0.14242286E+02   0.55508526E+14   0.27282121E+10   0.22391449E+02   0.17520083E+14   0.92953694E+10
   0.10000000E-04   0.31622777E+10   0.18210556E+02   0.28661340E+14   0.29753516E-01   0.21382873E+02   0.30424935E+09   0.71849894E+16   0.16338610E-02   0.28303652E+02   0.27980721E+10   0.14025610E+02   0.55508526E+14   0.34362860E+10   0.22060046E+02   0.17520083E+14   0.92953694E+10
   0.10000000E-04   0.39810717E+10   0.17935411E+02   0.28661340E+14   0.32127108E-01   0.23088695E+02   0.38565326E+09   0.69112705E+16   0.17912669E-02   0.30433616E+02   0.35198163E+10   0.13810104E+02   0.55508526E+14   0.43281952E+10   0.21730367E+02   0.17520083E+14   0.92953694E+10
   0.10000000E-04   0.50118723E+10   0.17656495E+02   0.28661340E+14   0.34690053E-01   0.24930600E+02   0.48895417E+09   0.66406180E+16   0.19647191E-02   0.32720433E+02   0.44275626E+10   0.13591634E+02   0.55508526E+14   0.54517196E+10   0.21396157E+02   0.17520083E+14   0.92953694E+10
   0.10000000E-04   0.63095734E+10   0.17379345E+02   0.28661340E+14   0.37457457E-01   0.26919442E+02   0.61999072E+09   0.63784077E+16   0.21552859E-02   0.35178341E+02   0.55693219E+10   0.13374568E+02   0.55508526E+14   0.68669129E+10   0.21063993E+02   0.17520083E+14   0.92953694E+10
   0.10000000E-04   0.79432823E+10   0.17100070E+02   0.28661340E+14   0.40445632E-01   0.29066945E+02   0.78631137E+09   0.61208971E+16   0.23652320E-02   0.37817743E+02   0.70053527E+10   0.13155888E+02   0.55508526E+14   0.86496887E+10   0.20729309E+02   0.17520083E+14   0.92953694E+10
   0.10000000E-04   0.10000000E+11   0.16821160E+02   0.28661340E+14   0.43672189E-01   0.31385765E+02   0.99740368E+09   0.58703723E+16   0.25962650E-02   0.40653335E+02   0.88114088E+10   0.12937489E+02   0.55508526E+14   0.10895430E+11   0.20395022E+02   0.17520083E+14   0.92953694E+10
   0.10000000E-04   0.12589254E+11   0.16541358E+02   0.28661340E+14   0.47156145E-01   0.33889570E+02   0.12654129E+10   0.56256491E+16   0.28508025E-02   0.43698625E+02   0.11082840E+11   0.12718438E+02   0.55508526E+14   0.13724456E+11   0.20059633E+02   0.17520083E+14   0.92953694E+10
   0.10000000E-04   0.15848932E+11   0.16261000E+02   0.28661340E+14   0.50918034E-01   0.36593116E+02   0.16057505E+10   0.53869968E+16   0.31312977E-02   0.46969079E+02   0.13939352E+11   0.12498956E+02   0.55508526E+14   0.17288404E+11   0.19723577E+02   0.17520083E+14   0.92953694E+10
   0.10000000E-04   0.19952623E+11   0.15980635E+02   0.28661340E+14   0.54980029E-01   0.39512337E+02   0.20380042E+10   0.51548262E+16   0.34404158E-02   0.50481502E+02   0.17531703E+11   0.12279509E+02   0.55508526E+14   0.21778093E+11   0.19387453E+02   0.17520083E+14   0.92953694E+10
   0.10000000E-04   0.25118864E+11   0.15699176E+02   0.28661340E+14   0.59366069E-01   0.42664441E+02   0.25872055E+10   0.49282003E+16   0.37814768E-02   0.54252523E+02   0.22049061E+11   0.12059218E+02   0.55508526E+14   0.27434400E+11   0.19050021E+02   0.17520083E+14   0.92953694E+10
   0.10000000E-04   0.31622777E+11   0.15418249E+02   0.28661340E+14   0.64102007E-01   0.46068003E+02   0.32850244E+10   0.47083709E+16   0.41575412E-02   0.58302371E+02   0.27729687E+11   0.11839381E+02   0.55508526E+14   0.34560275E+11   0.18713179E+02   0.17520083E+14   0.92953694E+10
   0.10000000E-04   0.39810717E+11   0.15136096E+02   0.28661340E+14   0.69215755E-01   0.49743086E+02   0.41721085E+10   0.44939069E+16   0.45728936E-02   0.62649477E+02   0.34872552E+11   0.11618607E+02   0.55508526E+14   0.43538005E+11   0.18374837E+02   0.17520083E+14   0.92953694E+10
   0.10000000E-04   0.50118723E+11   0.14854638E+02   0.28661340E+14   0.74737453E-01   0.53711348E+02   0.52998106E+10   0.42862100E+16   0.50312538E-02   0.67317390E+02   0.43854010E+11   0.11398406E+02   0.55508526E+14   0.54849150E+11   0.18037326E+02   0.17520083E+14   0.92953694E+10
   0.10000000E-04   0.63095734E+11   0.14572511E+02   0.28661340E+14   0.80699646E-01   0.57996180E+02   0.67340490E+10   0.40841939E+16   0.55377995E-02   0.72327712E+02   0.55146571E+11   0.11177710E+02   0.55508526E+14   0.69100288E+11   0.17698962E+02   0.17520083E+14   0.92953694E+10
   0.10000000E-04   0.79432823E+11   0.14290363E+02   0.28661340E+14   0.87137473E-01   0.62622835E+02   0.85585326E+10   0.38882657E+16   0.60976390E-02   0.77705901E+02   0.69344443E+11   0.10957027E+02   0.55508526E+14   0.87056246E+11   0.17360545E+02   0.17520083E+14   0.92953694E+10
   0.10000000E-04   0.10000000E+12   0.14008797E+02   0.28661340E+14   0.94088879E-01   0.67618581E+02   0.10879913E+11   0.36987484E+16   0.67164140E-02   0.83479373E+02   0.87194622E+11   0.10736836E+02   0.55508526E+14   0.10968084E+12   0.17022808E+02   0.17520083E+14   0.92953694E+10
   0.10000000E-04   0.12589254E+12   0.13726458E+02   0.28661340E+14   0.10159483E+00   0.73012865E+02   0.13835043E+11   0.35146558E+16   0.74013877E-02   0.89674483E+02   0.10963459E+12   0.10516065E+02   0.55508526E+14   0.13818874E+12   0.16684101E+02   0.17520083E+14   0.92953694E+10
   0.10000000E-04   0.15848932E+12   0.13445603E+02   0.28661340E+14   0.10969958E+00   0.78837478E+02   0.17596859E+11   0.33373587E+16   0.81587698E-02   0.96325316E+02   0.13784454E+12   0.10296487E+02   0.55508526E+14   0.17411027E+12   0.16347143E+02   0.17520083E+14   0.92953694E+10
   0.10000000E-04   0.19952623E+12   0.13163525E+02   0.28661340E+14   0.11845088E+00   0.85126750E+02   0.22389191E+11   0.31650592E+16   0.89984169E-02   0.10345973E+03   0.17330427E+12   0.10075986E+02   0.55508526E+14   0.21937644E+12   0.16008684E+02   0.17520083E+14   0.92953694E+10
   0.10000000E-04   0.25118864E+12   0.12883184E+02   0.28661340E+14   0.12790032E+00   0.91917751E+02   0.28493659E+11   0.29994712E+16   0.99276951E-02   0.11111818E+03   0.21787714E+12   0.98568774E+01   0.55508526E+14   0.27641782E+12   0.15672273E+02   0.17520083E+14   0.92953694E+10
   0.10000000E-04   0.31622777E+12   0.12602539E+02   0.28661340E+14   0.13810359E+00   0.99250504E+02   0.36274802E+11   0.28392658E+16   0.10958394E-01   0.11933402E+03   0.27390028E+12   0.96375756E+01   0.55508526E+14   0.34830222E+12   0.15335463E+02   0.17520083E+14   0.92953694E+10
   0.10000000E-04   0.39810717E+12   0.12322559E+02   0.28661340E+14   0.14912082E+00   0.10716823E+03   0.46195483E+11   0.26849059E+16   0.12101450E-01   0.12814931E+03   0.34431108E+12   0.94188272E+01   0.55508526E+14   0.43889428E+12   0.14999415E+02   0.17520083E+14   0.92953694E+10
   0.10000000E-04   0.50118723E+12   0.12044655E+02   0.28661340E+14   0.16101696E+00   0.11571759E+03   0.58845380E+11   0.25370113E+16   0.13368333E-01   0.13761088E+03   0.43280223E+12   0.92017369E+01   0.55508526E+14   0.55306435E+12   0.14665821E+02   0.17520083E+14   0.92953694E+10
   0.10000000E-04   0.63095734E+12   0.11765882E+02   0.28661340E+14   0.17386212E+00   0.12494898E+03   0.74990394E+11   0.23938996E+16   0.14776803E-01   0.14775690E+03   0.54400062E+12   0.89840027E+01   0.55508526E+14   0.69696134E+12   0.14331143E+02   0.17520083E+14   0.92953694E+10
   0.10000000E-04   0.79432823E+12   0.11488952E+02   0.28661340E+14   0.18773199E+00   0.13491681E+03   0.95595244E+11   0.22568590E+16   0.16340219E-01   0.15864428E+03   0.68373235E+12   0.87677481E+01   0.55508526E+14   0.87832587E+12   0.13998637E+02   0.17520083E+14   0.92953694E+10
   0.10000000E-04   0.10000000E+13   0.11213813E+02   0.28661340E+14   0.20270835E+00   0.14567982E+03   0.12190233E+12   0.21256846E+16   0.18076665E-01   0.17032643E+03   0.85930843E+12   0.85529369E+01   0.55508526E+14   0.11069247E+13   0.13668246E+02   0.17520083E+14   0.92953694E+10
   0.10000000E-04   0.12589254E+13   0.10938494E+02   0.28661340E+14   0.21887944E+00   0.15730145E+03   0.15551847E+12   0.19993162E+16   0.20010015E-01   0.18285316E+03   0.10798965E+13   0.83380379E+01   0.55508526E+14   0.13950860E+13   0.13337609E+02   0.17520083E+14   0.92953694E+10
   0.10000000E-04   0.15848932E+13   0.10665423E+02   0.28661340E+14   0.23634058E+00   0.16985020E+03   0.19847449E+12   0.18787363E+16   0.22159513E-01   0.19629419E+03   0.13570288E+13   0.81249378E+01   0.55508526E+14   0.17583217E+13   0.13009611E+02   0.17520083E+14   0.92953694E+10
   0.10000000E-04   0.19952623E+13   0.10394537E+02   0.28661340E+14   0.25519469E+00   0.18340002E+03   0.25338975E+12   0.17637268E+16   0.24550848E-01   0.21071550E+03   0.17051585E+13   0.79135676E+01   0.55508526E+14   0.22162167E+13   0.12684188E+02   0.17520083E+14   0.92953694E+10
   0.10000000E-04   0.25118864E+13   0.10124691E+02   0.28661340E+14   0.27555288E+00   0.19803079E+03   0.32364595E+12   0.16536454E+16   0.27215930E-01   0.22618234E+03   0.21424342E+13   0.77030588E+01   0.55508526E+14   0.27934825E+13   0.12359964E+02   0.17520083E+14   0.92953694E+10
   0.10000000E-04   0.31622777E+13   0.98566131E+01   0.28661340E+14   0.29753516E+00   0.21382873E+03   0.41356325E+12   0.15486453E+16   0.30186349E-01   0.24277328E+03   0.26916630E+13   0.74939974E+01   0.55508526E+14   0.35212988E+13   0.12037846E+02   0.17520083E+14   0.92953694E+10
   0.10000000E-04   0.39810717E+13   0.95909369E+01   0.28661340E+14   0.32127108E+00   0.23088695E+03   0.52868725E+12   0.14488013E+16   0.33497361E-01   0.26057295E+03   0.33814054E+13   0.72868368E+01   0.55508526E+14   0.44389256E+13   0.11718547E+02   0.17520083E+14   0.92953694E+10
   0.10000000E-04   0.50118723E+13   0.93277229E+01   0.28661340E+14   0.34690053E+00   0.24930600E+03   0.67615912E+12   0.13539502E+16   0.37190269E-01   0.27966943E+03   0.42475741E+13   0.70816571E+01   0.55508526E+14   0.55959297E+13   0.11402143E+02   0.17520083E+14   0.92953694E+10
   0.10000000E-04   0.63095734E+13   0.90664694E+01   0.28661340E+14   0.37457457E+00   0.26919442E+03   0.86519936E+12   0.12637398E+16   0.41314271E-01   0.30015339E+03   0.53351308E+13   0.68780525E+01   0.55508526E+14   0.70549679E+13   0.11088088E+02   0.17520083E+14   0.92953694E+10
   0.10000000E-04   0.79432823E+13   0.88074612E+01   0.28661340E+14   0.40445632E+00   0.29066945E+03   0.11076567E+13   0.11781057E+16   0.45922010E-01   0.32212716E+03   0.67005298E+13   0.66762520E+01   0.55508526E+14   0.88947949E+13   0.10776627E+02   0.17520083E+14   0.92953694E+10
   0.10000000E-04   0.10000000E+14   0.85513182E+01   0.28661340E+14   0.43672189E+00   0.31385765E+03   0.14187636E+13   0.10970745E+16   0.51070710E-01   0.34570390E+03   0.84146116E+13   0.64767434E+01   0.55508526E+14   0.11215215E+14   0.10468611E+02   0.17520083E+14   0.92953694E+10
   0.10000000E-04   0.12589254E+14   0.82981040E+01   0.28661340E+14   0.47156145E+00   0.33889570E+03   0.18181942E+13   0.10204783E+16   0.56827614E-01   0.37100147E+03   0.10566107E+14   0.62795637E+01   0.55508526E+14   0.14141626E+14   0.10164018E+02   0.17520083E+14   0.92953694E+10
   0.10000000E-04   0.15848932E+14   0.80479191E+01   0.28661340E+14   0.50918034E+00   0.36593116E+03   0.23313348E+13   0.94816151E+15   0.63268571E-01   0.39814706E+03   0.13266407E+14   0.60848092E+01   0.55508526E+14   0.17832833E+14   0.98630331E+01   0.17520083E+14   0.92953694E+10
   0.10000000E-04   0.19952623E+14   0.78008609E+01   0.28661340E+14   0.54980029E+00   0.39512337E+03   0.29909727E+13   0.87996810E+15   0.70479437E-01   0.42727769E+03   0.16655055E+14   0.58925529E+01   0.55508526E+14   0.22489020E+14   0.95657602E+01   0.17520083E+14   0.92953694E+10
   0.10000000E-04   0.25118864E+14   0.75568749E+01   0.28661340E+14   0.59366069E+00   0.42664441E+03   0.38395357E+13   0.81570342E+15   0.78559021E-01   0.45853926E+03   0.20906718E+14   0.57027341E+01   0.55508526E+14   0.28362749E+14   0.92721074E+01   0.17520083E+14   0.92953694E+10
   0.10000000E-04   0.31622777E+14   0.73159676E+01   0.28661340E+14   0.64102007E+00   0.46068003E+03   0.49319378E+13   0.75519618E+15   0.87619315E-01   0.49208947E+03   0.26240531E+14   0.55153733E+01   0.55508526E+14   0.35773259E+14   0.89821035E+01   0.17520083E+14   0.92953694E+10
   0.10000000E-04   0.39810717E+14   0.70785486E+01   0.28661340E+14   0.69215755E+00   0.49743086E+03   0.63391160E+13   0.69837428E+15   0.97782411E-01   0.52810367E+03   0.32931040E+14   0.53307908E+01   0.55508526E+14   0.45123379E+14   0.86962404E+01   0.17520083E+14   0.92953694E+10
   0.10000000E-04   0.50118723E+14   0.68447415E+01   0.28661340E+14   0.74737453E+00   0.53711348E+03   0.81530772E+13   0.64508891E+15   0.10918959E+00   0.56676805E+03   0.41322191E+14   0.51490894E+01   0.55508526E+14   0.56922012E+14   0.84146730E+01   0.17520083E+14   0.92953694E+10
   0.10000000E-04   0.63095734E+14   0.66148396E+01   0.28661340E+14   0.80699646E+00   0.57996180E+03   0.10492972E+14   0.59522800E+15   0.12199789E+00   0.60828669E+03   0.51844535E+14   0.49704905E+01   0.55508526E+14   0.71811163E+14   0.81377326E+01   0.17520083E+14   0.92953694E+10
   0.10000000E-04   0.79432823E+14   0.63887410E+01   0.28661340E+14   0.87137473E+00   0.62622835E+03   0.13513827E+14   0.54859402E+15   0.13639224E+00   0.65287424E+03   0.65036975E+14   0.47949159E+01   0.55508526E+14   0.90602672E+14   0.78653080E+01   0.17520083E+14   0.92953694E+10
   0.10000000E-04   0.10000000E+15   0.61666469E+01   0.28661340E+14   0.94088879E+00   0.67618581E+03   0.17416759E+14   0.50505824E+15   0.15257705E+00   0.70076801E+03   0.81574219E+14   0.46225220E+01   0.55508526E+14   0.11432167E+15   0.75976401E+01   0.17520083E+14   0.92953694E+10
   0.10000000E-04   0.12589254E+15   0.59489418E+01   0.28661340E+14   0.10159483E+01   0.73012865E+03   0.22462702E+14   0.46452386E+15   0.17077799E+00   0.75222930E+03   0.10230066E+15   0.44536026E+01   0.55508526E+14   0.14426367E+15   0.73352033E+01   0.17520083E+14   0.92953694E+10
   0.10000000E-04   0.15848932E+15   0.57363280E+01   0.28661340E+14   0.10969958E+01   0.78837478E+03   0.28989408E+14   0.42694128E+15   0.19123659E+00   0.80754993E+03   0.12827502E+15   0.42887126E+01   0.55508526E+14   0.18206366E+15   0.70788360E+01   0.17520083E+14   0.92953694E+10
   0.10000000E-04   0.19952623E+15   0.55304109E+01   0.28661340E+14   0.11845088E+01   0.85126750E+03   0.37430016E+14   0.39239105E+15   0.21418098E+00   0.86707120E+03   0.16082580E+15   0.41290953E+01   0.55508526E+14   0.22978304E+15   0.68304635E+01   0.17520083E+14   0.92953694E+10
   0.10000000E-04   0.25118864E+15   0.53323260E+01   0.28661340E+14   0.12790032E+01   0.91917751E+03   0.48342949E+14   0.36083620E+15   0.23985840E+00   0.93115999E+03   0.20161707E+15   0.39756187E+01   0.55508526E+14   0.29002528E+15   0.65914672E+01   0.17520083E+14   0.92953694E+10
   0.10000000E-04   0.31622777E+15   0.51443273E+01   0.28661340E+14   0.13810359E+01   0.99250504E+03   0.62434516E+14   0.33238193E+15   0.26845801E+00   0.10002519E+04   0.25274420E+15   0.38300219E+01   0.55508526E+14   0.36606811E+15   0.63645740E+01   0.17520083E+14   0.92953694E+10
   0.10000000E-04   0.39810717E+15   0.49691791E+01   0.28661340E+14   0.14912082E+01   0.10716823E+04   0.80589377E+14   0.30715573E+15   0.30009147E+00   0.10748486E+04   0.31685337E+15   0.36944492E+01   0.55508526E+14   0.46203460E+15   0.61531325E+01   0.17520083E+14   0.92953694E+10
   0.10000000E-04   0.50118723E+15   0.48088999E+01   0.28661340E+14   0.16101696E+01   0.11571759E+04   0.10391697E+15   0.28513502E+15   0.33483118E+00   0.11554881E+04   0.39727786E+15   0.35704487E+01   0.55508526E+14   0.58311187E+15   0.59595913E+01   0.17520083E+14   0.92953694E+10
   0.10000000E-04   0.63095734E+15   0.46648079E+01   0.28661340E+14   0.17386212E+01   0.12494898E+04   0.13380263E+15   0.26619066E+15   0.37271013E+00   0.12427447E+04   0.49822136E+15   0.34590232E+01   0.55508526E+14   0.73581353E+15   0.57855298E+01   0.17520083E+14   0.92953694E+10
   0.10000000E-04   0.79432823E+15   0.45377919E+01   0.28661340E+14   0.18773199E+01   0.13491681E+04   0.17196465E+15   0.25014958E+15   0.41370781E+00   0.13372356E+04   0.62499300E+15   0.33608456E+01   0.55508526E+14   0.92834910E+15   0.56320754E+01   0.17520083E+14   0.92953694E+10
   0.10000000E-04   0.10000000E+16   0.44278612E+01   0.28661340E+14   0.20270835E+01   0.14567982E+04   0.22054309E+15   0.23675672E+15   0.45780194E+00   0.14396042E+04   0.78429207E+15   0.32759118E+01   0.55508526E+14   0.11710135E+16   0.54992240E+01   0.17520083E+14   0.92953694E+10
   0.10000000E-04   0.12589254E+16   0.43345917E+01   0.28661340E+14   0.21887944E+01   0.15730145E+04   0.28219437E+15   0.22574586E+15   0.50495976E+00   0.15505329E+04   0.98456635E+15   0.32038742E+01   0.55508526E+14   0.14767613E+16   0.53864803E+01   0.17520083E+14   0.92953694E+10
   0.10000000E-04   0.15848932E+16   0.42573394E+01   0.28661340E+14   0.23634058E+01   0.16985020E+04   0.36020819E+15   0.21686790E+15   0.55513681E+00   0.16707520E+04   0.12364798E+16   0.31442197E+01   0.55508526E+14   0.18618728E+16   0.52930791E+01   0.17520083E+14   0.92953694E+10
   0.10000000E-04   0.19952623E+16   0.41948186E+01   0.28661340E+14   0.25519469E+01   0.18340002E+04   0.45869684E+15   0.20984188E+15   0.60835691E+00   0.18010213E+04   0.15535046E+16   0.30959668E+01   0.55508526E+14   0.23468388E+16   0.52174831E+01   0.17520083E+14   0.92953694E+10
   0.10000000E-04   0.25118864E+16   0.41453853E+01   0.28661340E+14   0.27555288E+01   0.19803079E+04   0.58281491E+15   0.20438651E+15   0.66472201E+00   0.19421399E+04   0.19525588E+16   0.30578197E+01   0.55508526E+14   0.29574247E+16   0.51577020E+01   0.17520083E+14   0.92953694E+10
   0.10000000E-04   0.31622777E+16   0.41071400E+01   0.28661340E+14   0.29753516E+01   0.21382873E+04   0.73905202E+15   0.20022597E+15   0.72443394E+00   0.20949483E+04   0.24549558E+16   0.30283054E+01   0.55508526E+14   0.37260824E+16   0.51114460E+01   0.17520083E+14   0.92953694E+10
   0.10000000E-04   0.39810717E+16   0.40780942E+01   0.28661340E+14   0.32127108E+01   0.23088695E+04   0.93560034E+15   0.19710108E+15   0.78779710E+00   0.22603370E+04   0.30875316E+16   0.30058917E+01   0.55508526E+14   0.46936743E+16   0.50763125E+01   0.17520083E+14   0.92953694E+10
   0.10000000E-04   0.50118723E+16   0.40564401E+01   0.28661340E+14   0.34690053E+01   0.24930600E+04   0.11827874E+16   0.19479094E+15   0.85518464E+00   0.24392628E+04   0.38841094E+16   0.29891967E+01   0.55508526E+14   0.59116638E+16   0.50501207E+01   0.17520083E+14   0.92953694E+10
   0.10000000E-04   0.63095734E+16   0.40405206E+01   0.28661340E+14   0.37457457E+01   0.26919442E+04   0.14936560E+16   0.19310319E+15   0.92704533E+00   0.26327524E+04   0.48870861E+16   0.29769138E+01   0.55508526E+14   0.74448320E+16   0.50308620E+01   0.17520083E+14   0.92953694E+10
   0.10000000E-04   0.79432823E+16   0.40289487E+01   0.28661340E+14   0.40445632E+01   0.29066945E+04   0.18846562E+16   0.19188199E+15   0.10038756E+01   0.28419166E+04   0.61499505E+16   0.29679816E+01   0.55508526E+14   0.93747737E+16   0.50168615E+01   0.17520083E+14   0.92953694E+10
   0.10000000E-04   0.10000000E+17   0.40206049E+01   0.28661340E+14   0.43672189E+01   0.31385765E+04   0.23765245E+16   0.19100439E+15   0.10862094E+01   0.30679591E+04   0.77400944E+16   0.29615501E+01   0.55508526E+14   0.11804259E+17   0.50067714E+01   0.17520083E+14   0.92953694E+10
   0.10000000E-04   0.12589254E+17   0.40146375E+01   0.28661340E+14   0.47156145E+01   0.33889570E+04   0.29953767E+16   0.19037825E+15   0.11746053E+01   0.33121878E+04   0.97422021E+16   0.29569523E+01   0.55508526E+14   0.14862570E+17   0.49995520E+01   0.17520083E+14   0.92953694E+10
