         1        92   0.22000000E+01   0.31562220E+00   0.68437780E+00   0.82883870E+00   0.96580000E+00   0.22242000E-01  ---------------   0.27255000E+01  ---------------      0.67238290E+00                                 
   0.22000000E+01   0.10000000E+08   0.68128197E+01   0.52764438E+15   0.16539537E-02   0.51000393E+01   0.16316404E+07   0.11745644E+17   0.24277080E-03   0.53771135E+01   0.95975892E+07   0.63957948E+01   0.61206929E+15   0.97708116E+07   0.65729429E+01   0.57408085E+15   0.20056783E+10
   0.22000000E+01   0.12589254E+08   0.67571297E+01   0.52764438E+15   0.17858981E-02   0.55068958E+01   0.20649895E+07   0.11520632E+17   0.26429834E-03   0.57975822E+01   0.12080551E+08   0.63431466E+01   0.61206929E+15   0.12299546E+08   0.65190059E+01   0.57408085E+15   0.20056783E+10
   0.22000000E+01   0.15848932E+08   0.67006179E+01   0.52764438E+15   0.19283685E-02   0.59462093E+01   0.26137981E+07   0.11295053E+17   0.28778965E-03   0.62507717E+01   0.15205947E+08   0.62897433E+01   0.61206929E+15   0.15482766E+08   0.64642844E+01   0.57408085E+15   0.20056783E+10
   0.22000000E+01   0.19952623E+08   0.66441078E+01   0.52764438E+15   0.20822044E-02   0.64205691E+01   0.33086730E+07   0.11072242E+17   0.31339112E-03   0.67393620E+01   0.19139914E+08   0.62363466E+01   0.61206929E+15   0.19489704E+08   0.64095544E+01   0.57408085E+15   0.20056783E+10
   0.22000000E+01   0.25118864E+08   0.65878946E+01   0.52764438E+15   0.22483126E-02   0.69327711E+01   0.41884293E+07   0.10853325E+17   0.34127938E-03   0.72661737E+01   0.24091350E+08   0.61832091E+01   0.61206929E+15   0.24533615E+08   0.63551125E+01   0.57408085E+15   0.20056783E+10
   0.22000000E+01   0.31622777E+08   0.65316023E+01   0.52764438E+15   0.24276721E-02   0.74858340E+01   0.53024978E+07   0.10636810E+17   0.37168093E-03   0.78341216E+01   0.30323611E+08   0.61299973E+01   0.61206929E+15   0.30882840E+08   0.63005951E+01   0.57408085E+15   0.20056783E+10
   0.22000000E+01   0.39810717E+08   0.64742565E+01   0.52764438E+15   0.26213400E-02   0.80830176E+01   0.67140618E+07   0.10419017E+17   0.40488665E-03   0.84461958E+01   0.38168279E+08   0.60758121E+01   0.61206929E+15   0.38875301E+08   0.62450691E+01   0.57408085E+15   0.20056783E+10
   0.22000000E+01   0.50118723E+08   0.64170421E+01   0.52764438E+15   0.28304578E-02   0.87278417E+01   0.85018863E+07   0.10204499E+17   0.44108450E-03   0.91060903E+01   0.48042233E+08   0.60217520E+01   0.61206929E+15   0.48935878E+08   0.61896597E+01   0.57408085E+15   0.20056783E+10
   0.22000000E+01   0.63095734E+08   0.63600654E+01   0.52764438E+15   0.30562580E-02   0.94241067E+01   0.10766289E+08   0.99936122E+16   0.48053878E-03   0.98175700E+01   0.60469959E+08   0.59679025E+01   0.61206929E+15   0.61599971E+08   0.61344812E+01   0.57408085E+15   0.20056783E+10
   0.22000000E+01   0.79432823E+08   0.63030007E+01   0.52764438E+15   0.33000715E-02   0.10175916E+02   0.13634924E+08   0.97851278E+16   0.52357150E-03   0.10584579E+02   0.76112109E+08   0.59139664E+01   0.61206929E+15   0.77541261E+08   0.60792182E+01   0.57408085E+15   0.20056783E+10
   0.22000000E+01   0.10000000E+09   0.62449177E+01   0.52764438E+15   0.35633353E-02   0.10987702E+02   0.17271067E+08   0.95757109E+16   0.57059764E-03   0.11411160E+02   0.95800379E+08   0.58590792E+01   0.61206929E+15   0.97608063E+08   0.60229793E+01   0.57408085E+15   0.20056783E+10
   0.22000000E+01   0.12589254E+09   0.61872297E+01   0.52764438E+15   0.38476009E-02   0.11864247E+02   0.21877706E+08   0.93704878E+16   0.62186166E-03   0.12302382E+02   0.12058177E+09   0.58045743E+01   0.61206929E+15   0.12286745E+09   0.59671177E+01   0.57408085E+15   0.20056783E+10
   0.22000000E+01   0.15848932E+09   0.61296112E+01   0.52764438E+15   0.41545439E-02   0.12810720E+02   0.27715074E+08   0.91682516E+16   0.67778262E-03   0.13263191E+02   0.15177309E+09   0.57501357E+01   0.61206929E+15   0.15466304E+09   0.59113207E+01   0.57408085E+15   0.20056783E+10
   0.22000000E+01   0.19952623E+09   0.60716626E+01   0.52764438E+15   0.44859733E-02   0.13832697E+02   0.35114124E+08   0.89676041E+16   0.73883771E-03   0.14298866E+02   0.19103096E+09   0.56953768E+01   0.61206929E+15   0.19468620E+09   0.58552050E+01   0.57408085E+15   0.20056783E+10
   0.22000000E+01   0.25118864E+09   0.60133035E+01   0.52764438E+15   0.48438426E-02   0.14936203E+02   0.44494315E+08   0.87683038E+16   0.80552106E-03   0.15415195E+02   0.24044152E+09   0.56402262E+01   0.61206929E+15   0.24506577E+09   0.57986927E+01   0.57408085E+15   0.20056783E+10
   0.22000000E+01   0.31622777E+09   0.59551451E+01   0.52764438E+15   0.52302609E-02   0.16127740E+02   0.56383965E+08   0.85724380E+16   0.87827598E-03   0.16618717E+02   0.30263141E+09   0.55852668E+01   0.61206929E+15   0.30848174E+09   0.57423755E+01   0.57408085E+15   0.20056783E+10
   0.22000000E+01   0.39810717E+09   0.58970584E+01   0.52764438E+15   0.56475058E-02   0.17414334E+02   0.71456552E+08   0.83795373E+16   0.95768186E-03   0.17916188E+02   0.38090763E+09   0.55303875E+01   0.61206929E+15   0.38830948E+09   0.56861395E+01   0.57408085E+15   0.20056783E+10
   0.22000000E+01   0.50118723E+09   0.58385332E+01   0.52764438E+15   0.60980365E-02   0.18803565E+02   0.90571284E+08   0.81879181E+16   0.10444467E-02   0.19314672E+02   0.47942792E+09   0.54750964E+01   0.61206929E+15   0.48879137E+09   0.56294723E+01   0.57408085E+15   0.20056783E+10
   0.22000000E+01   0.63095734E+09   0.57799887E+01   0.52764438E+15   0.65845084E-02   0.20303622E+02   0.11481043E+09   0.79989688E+16   0.11391905E-02   0.20822252E+02   0.60342767E+09   0.54197880E+01   0.61206929E+15   0.61527235E+09   0.55727839E+01   0.57408085E+15   0.20056783E+10
   0.22000000E+01   0.79432823E+09   0.57215841E+01   0.52764438E+15   0.71097886E-02   0.21923347E+02   0.14554834E+09   0.78131796E+16   0.12426259E-02   0.22447534E+02   0.75949619E+09   0.53646129E+01   0.61206929E+15   0.77448047E+09   0.55162320E+01   0.57408085E+15   0.20056783E+10
   0.22000000E+01   0.10000000E+10   0.56633171E+01   0.52764438E+15   0.76769731E-02   0.23672286E+02   0.18453091E+09   0.76305082E+16   0.13555612E-02   0.24199712E+02   0.95592580E+09   0.53095680E+01   0.61206929E+15   0.97488349E+09   0.54598143E+01   0.57408085E+15   0.20056783E+10
   0.22000000E+01   0.12589254E+10   0.56046228E+01   0.52764438E+15   0.82894049E-02   0.25560746E+02   0.23399040E+09   0.74491876E+16   0.14790299E-02   0.26088298E+02   0.12031464E+10   0.52541137E+01   0.61206929E+15   0.12271385E+10   0.54029839E+01   0.57408085E+15   0.20056783E+10
   0.22000000E+01   0.15848932E+10   0.55461395E+01   0.52764438E+15   0.89506935E-02   0.27599859E+02   0.29672992E+09   0.72711887E+16   0.16138601E-02   0.28124378E+02   0.15142981E+10   0.51988605E+01   0.61206929E+15   0.15446626E+10   0.53463586E+01   0.57408085E+15   0.20056783E+10
   0.22000000E+01   0.19952623E+10   0.54882893E+01   0.52764438E+15   0.96647365E-02   0.29801642E+02   0.37630186E+09   0.70977232E+16   0.17609743E-02   0.30319838E+02   0.19059151E+10   0.51442069E+01   0.61206929E+15   0.19443448E+10   0.52903473E+01   0.57408085E+15   0.20056783E+10
   0.22000000E+01   0.25118864E+10   0.54297295E+01   0.52764438E+15   0.10435742E-01   0.32179073E+02   0.47730730E+09   0.69247542E+16   0.19219636E-02   0.32685991E+02   0.23987927E+10   0.50888855E+01   0.61206929E+15   0.24474351E+10   0.52336500E+01   0.57408085E+15   0.20056783E+10
   0.22000000E+01   0.31622777E+10   0.53717043E+01   0.52764438E+15   0.11268256E-01   0.34746164E+02   0.60545048E+09   0.67559528E+16   0.20977059E-02   0.35237267E+02   0.30191271E+10   0.50340726E+01   0.61206929E+15   0.30806972E+10   0.51774731E+01   0.57408085E+15   0.20056783E+10
   0.22000000E+01   0.39810717E+10   0.53143281E+01   0.52764438E+15   0.12167182E-01   0.37518044E+02   0.76801781E+09   0.65915581E+16   0.22895053E-02   0.37988314E+02   0.37998833E+10   0.49798779E+01   0.61206929E+15   0.38778173E+10   0.51219292E+01   0.57408085E+15   0.20056783E+10
   0.22000000E+01   0.50118723E+10   0.52563103E+01   0.52764438E+15   0.13137821E-01   0.40511052E+02   0.97443179E+09   0.64278557E+16   0.24994380E-02   0.40953379E+02   0.47825073E+10   0.49250780E+01   0.61206929E+15   0.48811649E+10   0.50657634E+01   0.57408085E+15   0.20056783E+10
   0.22000000E+01   0.63095734E+10   0.51992756E+01   0.52764438E+15   0.14185893E-01   0.43742828E+02   0.12363040E+10   0.62693929E+16   0.27284365E-02   0.44151038E+02   0.60192300E+10   0.48712086E+01   0.61206929E+15   0.61441194E+10   0.50105508E+01   0.57408085E+15   0.20056783E+10
   0.22000000E+01   0.79432823E+10   0.51426904E+01   0.52764438E+15   0.15317575E-01   0.47232420E+02   0.15686418E+10   0.61145799E+16   0.29785140E-02   0.47598940E+02   0.75757393E+10   0.48177651E+01   0.61206929E+15   0.77338300E+10   0.49557722E+01   0.57408085E+15   0.20056783E+10
   0.22000000E+01   0.10000000E+11   0.50860238E+01   0.52764438E+15   0.16539537E-01   0.51000393E+02   0.19905804E+10   0.59619262E+16   0.32519583E-02   0.51315975E+02   0.95346925E+10   0.47642462E+01   0.61206929E+15   0.97348184E+10   0.49009142E+01   0.57408085E+15   0.20056783E+10
   0.22000000E+01   0.12589254E+11   0.50303607E+01   0.52764438E+15   0.17858981E-01   0.55068958E+02   0.25259631E+10   0.58142819E+16   0.35502388E-02   0.55324809E+02   0.12000196E+11   0.47116767E+01   0.61206929E+15   0.12253524E+11   0.48470283E+01   0.57408085E+15   0.20056783E+10
   0.22000000E+01   0.15848932E+11   0.49751112E+01   0.52764438E+15   0.19283685E-01   0.59462093E+02   0.32055426E+10   0.56699814E+16   0.38760309E-02   0.59647516E+02   0.15103190E+11   0.46594994E+01   0.61206929E+15   0.15423874E+11   0.47935438E+01   0.57408085E+15   0.20056783E+10
   0.22000000E+01   0.19952623E+11   0.49206048E+01   0.52764438E+15   0.20822044E-01   0.64205691E+02   0.40680134E+10   0.55298014E+16   0.42316025E-02   0.64309326E+02   0.19008526E+11   0.46080255E+01   0.61206929E+15   0.19414471E+11   0.47407795E+01   0.57408085E+15   0.20056783E+10
   0.22000000E+01   0.25118864E+11   0.48669346E+01   0.52764438E+15   0.22483126E-01   0.69327711E+02   0.51625303E+10   0.53938746E+16   0.46195660E-02   0.69337140E+02   0.23923675E+11   0.45573430E+01   0.61206929E+15   0.24437538E+11   0.46888256E+01   0.57408085E+15   0.20056783E+10
   0.22000000E+01   0.31622777E+11   0.48141970E+01   0.52764438E+15   0.24276721E-01   0.74858340E+02   0.65514102E+10   0.52623299E+16   0.50427351E-02   0.74760039E+02   0.30109761E+11   0.45075429E+01   0.61206929E+15   0.30760206E+11   0.46377752E+01   0.57408085E+15   0.20056783E+10
   0.22000000E+01   0.39810717E+11   0.47622750E+01   0.52764438E+15   0.26213400E-01   0.80830176E+02   0.83139109E+10   0.51347639E+16   0.55043860E-02   0.80608983E+02   0.37895394E+11   0.44585146E+01   0.61206929E+15   0.38718707E+11   0.45875151E+01   0.57408085E+15   0.20056783E+10
   0.22000000E+01   0.50118723E+11   0.47118931E+01   0.52764438E+15   0.28304578E-01   0.87278417E+02   0.10549301E+11   0.50128150E+16   0.60070502E-02   0.86919341E+02   0.47694373E+11   0.44109424E+01   0.61206929E+15   0.48736368E+11   0.45387462E+01   0.57408085E+15   0.20056783E+10
   0.22000000E+01   0.63095734E+11   0.46621854E+01   0.52764438E+15   0.30562580E-01   0.94241067E+02   0.13385867E+11   0.48942576E+16   0.65554193E-02   0.93725596E+02   0.60027099E+11   0.43640084E+01   0.61206929E+15   0.61345848E+11   0.44906309E+01   0.57408085E+15   0.20056783E+10
   0.22000000E+01   0.79432823E+11   0.46142773E+01   0.52764438E+15   0.33000715E-01   0.10175916E+03   0.16982193E+11   0.47816363E+16   0.71518709E-02   0.10107000E+03   0.75548936E+11   0.43187697E+01   0.61206929E+15   0.77217961E+11   0.44442575E+01   0.57408085E+15   0.20056783E+10
   0.22000000E+01   0.10000000E+12   0.45675351E+01   0.52764438E+15   0.35633353E-01   0.10987702E+03   0.21543017E+11   0.46733028E+16   0.78014403E-02   0.10899362E+03   0.95084438E+11   0.42746309E+01   0.61206929E+15   0.97196783E+11   0.43990134E+01   0.57408085E+15   0.20056783E+10
   0.22000000E+01   0.12589254E+12   0.45225402E+01   0.52764438E+15   0.38476009E-01   0.11864247E+03   0.27323751E+11   0.45704539E+16   0.85076102E-02   0.11754430E+03   0.11967248E+12   0.42321473E+01   0.61206929E+15   0.12234562E+12   0.43554664E+01   0.57408085E+15   0.20056783E+10
   0.22000000E+01   0.15848932E+12   0.44792185E+01   0.52764438E+15   0.41545439E-01   0.12810720E+03   0.34649458E+11   0.44727526E+16   0.92751536E-02   0.12677186E+03   0.15062017E+12   0.41912497E+01   0.61206929E+15   0.15400265E+12   0.43135456E+01   0.57408085E+15   0.20056783E+10
   0.22000000E+01   0.19952623E+12   0.44376534E+01   0.52764438E+15   0.44859733E-01   0.13832697E+03   0.43930360E+11   0.43802269E+16   0.10108886E-01   0.13673067E+03   0.18957232E+12   0.41520120E+01   0.61206929E+15   0.19385028E+12   0.42733154E+01   0.57408085E+15   0.20056783E+10
   0.22000000E+01   0.25118864E+12   0.43980831E+01   0.52764438E+15   0.48438426E-01   0.14936203E+03   0.55683077E+11   0.42932404E+16   0.11013531E-01   0.14748013E+03   0.23860005E+12   0.41146590E+01   0.61206929E+15   0.24400893E+12   0.42350130E+01   0.57408085E+15   0.20056783E+10
   0.22000000E+01   0.31622777E+12   0.43603917E+01   0.52764438E+15   0.52302609E-01   0.16127740E+03   0.70562807E+11   0.42113765E+16   0.11994934E-01   0.15908316E+03   0.30030814E+12   0.40790727E+01   0.61206929E+15   0.30714733E+12   0.41985292E+01   0.57408085E+15   0.20056783E+10
   0.22000000E+01   0.39810717E+12   0.43248085E+01   0.52764438E+15   0.56475058E-01   0.17414334E+03   0.89392398E+11   0.41349753E+16   0.13058395E-01   0.17160921E+03   0.37797984E+12   0.40454794E+01   0.61206929E+15   0.38662904E+12   0.41640997E+01   0.57408085E+15   0.20056783E+10
   0.22000000E+01   0.50118723E+12   0.42913604E+01   0.52764438E+15   0.60980365E-01   0.18803565E+03   0.11321147E+12   0.40639382E+16   0.14210031E-01   0.18513260E+03   0.47574821E+12   0.40139099E+01   0.61206929E+15   0.48667863E+12   0.41317291E+01   0.57408085E+15   0.20056783E+10
   0.22000000E+01   0.63095734E+12   0.42600280E+01   0.52764438E+15   0.65845084E-01   0.20303622E+03   0.14333163E+12   0.39980764E+16   0.15456491E-01   0.19973343E+03   0.59880984E+12   0.39843334E+01   0.61206929E+15   0.61261865E+12   0.41013983E+01   0.57408085E+15   0.20056783E+10
   0.22000000E+01   0.79432823E+12   0.42309170E+01   0.52764438E+15   0.71097886E-01   0.21923347E+03   0.18140215E+12   0.39374734E+16   0.16804368E-01   0.21549903E+03   0.75371125E+12   0.39568514E+01   0.61206929E+15   0.77116547E+12   0.40732379E+01   0.57408085E+15   0.20056783E+10
   0.22000000E+01   0.10000000E+13   0.42040092E+01   0.52764438E+15   0.76769731E-01   0.23672286E+03   0.22950301E+12   0.38819600E+16   0.18261076E-01   0.23252316E+03   0.94870124E+12   0.39314587E+01   0.61206929E+15   0.97073604E+12   0.40471887E+01   0.57408085E+15   0.20056783E+10
   0.22000000E+01   0.12589254E+13   0.41791389E+01   0.52764438E+15   0.82894049E-01   0.25560746E+03   0.29026115E+12   0.38310785E+16   0.19835198E-01   0.25090620E+03   0.11941391E+13   0.39079772E+01   0.61206929E+15   0.12219746E+13   0.40231259E+01   0.57408085E+15   0.20056783E+10
   0.22000000E+01   0.15848932E+13   0.41565874E+01   0.52764438E+15   0.89506935E-01   0.27599859E+03   0.36695880E+12   0.37852951E+16   0.21533755E-01   0.27075966E+03   0.15031105E+13   0.38866979E+01   0.61206929E+15   0.15382369E+13   0.40012965E+01   0.57408085E+15   0.20056783E+10
   0.22000000E+01   0.19952623E+13   0.41358484E+01   0.52764438E+15   0.96647365E-01   0.29801642E+03   0.46377886E+12   0.37434882E+16   0.23368208E-01   0.29219849E+03   0.18920286E+13   0.38671179E+01   0.61206929E+15   0.19363861E+13   0.39812368E+01   0.57408085E+15   0.20056783E+10
   0.22000000E+01   0.25118864E+13   0.41174062E+01   0.52764438E+15   0.10435742E+00   0.32179073E+03   0.58590470E+12   0.37065497E+16   0.25345429E-01   0.31535439E+03   0.23816230E+13   0.38497125E+01   0.61206929E+15   0.24375665E+13   0.39633761E+01   0.57408085E+15   0.20056783E+10
   0.22000000E+01   0.31622777E+13   0.41007668E+01   0.52764438E+15   0.11268256E+00   0.34746164E+03   0.73995098E+12   0.36734139E+16   0.27478411E-01   0.34036185E+03   0.29979450E+13   0.38340096E+01   0.61206929E+15   0.30685346E+13   0.39472821E+01   0.57408085E+15   0.20056783E+10
   0.22000000E+01   0.39810717E+13   0.40860097E+01   0.52764438E+15   0.12167182E+00   0.37518044E+03   0.93417830E+12   0.36441786E+16   0.29777664E-01   0.36737092E+03   0.37737909E+13   0.38200781E+01   0.61206929E+15   0.38628427E+13   0.39330049E+01   0.57408085E+15   0.20056783E+10
   0.22000000E+01   0.50118723E+13   0.40731145E+01   0.52764438E+15   0.13137821E+00   0.40511052E+03   0.11789812E+13   0.36187486E+16   0.32254977E-01   0.39654298E+03   0.47504856E+13   0.38079058E+01   0.61206929E+15   0.48627370E+13   0.39205136E+01   0.57408085E+15   0.20056783E+10
   0.22000000E+01   0.63095734E+13   0.40618064E+01   0.52764438E+15   0.14185893E+00   0.43742828E+03   0.14874943E+13   0.35965380E+16   0.34925085E-01   0.42804963E+03   0.59800644E+13   0.37972403E+01   0.61206929E+15   0.61215754E+13   0.39095764E+01   0.57408085E+15   0.20056783E+10
   0.22000000E+01   0.79432823E+13   0.40521044E+01   0.52764438E+15   0.15317575E+00   0.47232420E+03   0.18761691E+13   0.35775486E+16   0.37801532E-01   0.46207928E+03   0.75279250E+13   0.37880813E+01   0.61206929E+15   0.77063386E+13   0.39001928E+01   0.57408085E+15   0.20056783E+10
   0.22000000E+01   0.10000000E+14   0.40438204E+01   0.52764438E+15   0.16539537E+00   0.51000393E+03   0.23657640E+13   0.35613833E+16   0.40900771E-01   0.49883299E+03   0.94765252E+13   0.37802612E+01   0.61206929E+15   0.97014165E+13   0.38921808E+01   0.57408085E+15   0.20056783E+10
   0.22000000E+01   0.12589254E+14   0.40367826E+01   0.52764438E+15   0.17858981E+00   0.55068958E+03   0.29824092E+13   0.35476846E+16   0.44240633E-01   0.53852783E+03   0.11929627E+14   0.37736176E+01   0.61206929E+15   0.12212972E+14   0.38853657E+01   0.57408085E+15   0.20056783E+10
   0.22000000E+01   0.15848932E+14   0.40308719E+01   0.52764438E+15   0.19283685E+00   0.59462093E+03   0.37589689E+13   0.35362050E+16   0.47839983E-01   0.58139870E+03   0.15017862E+14   0.37680381E+01   0.61206929E+15   0.15374782E+14   0.38796398E+01   0.57408085E+15   0.20056783E+10
   0.22000000E+01   0.19952623E+14   0.40259005E+01   0.52764438E+15   0.20822044E+00   0.64205691E+03   0.47368686E+13   0.35265670E+16   0.51720215E-01   0.62769795E+03   0.18905710E+14   0.37633471E+01   0.61206929E+15   0.19355268E+14   0.38748258E+01   0.57408085E+15   0.20056783E+10
   0.22000000E+01   0.25118864E+14   0.40217350E+01   0.52764438E+15   0.22483126E+00   0.69327711E+03   0.59682360E+13   0.35185038E+16   0.55904046E-01   0.67769858E+03   0.23800274E+14   0.37594214E+01   0.61206929E+15   0.24366469E+14   0.38707970E+01   0.57408085E+15   0.20056783E+10
   0.22000000E+01   0.31622777E+14   0.40182395E+01   0.52764438E+15   0.24276721E+00   0.74858340E+03   0.75187213E+13   0.35117464E+16   0.60416310E-01   0.73169501E+03   0.29962040E+14   0.37561234E+01   0.61206929E+15   0.30675177E+14   0.38674164E+01   0.57408085E+15   0.20056783E+10
   0.22000000E+01   0.39810717E+14   0.40153066E+01   0.52764438E+15   0.26213400E+00   0.80830176E+03   0.94709665E+13   0.35060826E+16   0.65283682E-01   0.79000536E+03   0.37719158E+14   0.37533548E+01   0.61206929E+15   0.38617347E+14   0.38645798E+01   0.57408085E+15   0.20056783E+10
   0.22000000E+01   0.50118723E+14   0.40128435E+01   0.52764438E+15   0.28304578E+00   0.87278417E+03   0.11929019E+14   0.35013303E+16   0.70534967E-01   0.85297309E+03   0.47484743E+14   0.37510296E+01   0.61206929E+15   0.48615922E+14   0.38621975E+01   0.57408085E+15   0.20056783E+10
   0.22000000E+01   0.63095734E+14   0.40107649E+01   0.52764438E+15   0.30562580E+00   0.94241067E+03   0.15023891E+14   0.34973231E+16   0.76201376E-01   0.92096900E+03   0.59778833E+14   0.37490675E+01   0.61206929E+15   0.61203356E+14   0.38601873E+01   0.57408085E+15   0.20056783E+10
   0.22000000E+01   0.79432823E+14   0.40090152E+01   0.52764438E+15   0.33000715E+00   0.10175916E+04   0.18920479E+14   0.34939519E+16   0.82316265E-01   0.99439387E+03   0.75256119E+14   0.37474158E+01   0.61206929E+15   0.77049967E+14   0.38584950E+01   0.57408085E+15   0.20056783E+10
   0.22000000E+01   0.10000000E+15   0.40075433E+01   0.52764438E+15   0.35633353E+00   0.10987702E+04   0.23826383E+14   0.34911176E+16   0.88915702E-01   0.10736804E+04   0.94740811E+14   0.37460264E+01   0.61206929E+15   0.96999640E+14   0.38570715E+01   0.57408085E+15   0.20056783E+10
   0.22000000E+01   0.12589254E+15   0.40063010E+01   0.52764438E+15   0.38476009E+00   0.11864247E+04   0.30002988E+14   0.34887266E+16   0.96038738E-01   0.11592957E+04   0.11927052E+15   0.37448537E+01   0.61206929E+15   0.12211476E+15   0.38558700E+01   0.57408085E+15   0.20056783E+10
   0.22000000E+01   0.15848932E+15   0.40052571E+01   0.52764438E+15   0.41545439E+00   0.12810720E+04   0.37779303E+14   0.34867182E+16   0.10372727E+00   0.12517445E+04   0.15015153E+15   0.37438683E+01   0.61206929E+15   0.15373279E+15   0.38548604E+01   0.57408085E+15   0.20056783E+10
   0.22000000E+01   0.19952623E+15   0.40043798E+01   0.52764438E+15   0.44859733E+00   0.13832697E+04   0.47569560E+14   0.34850307E+16   0.11202667E+00   0.13515716E+04   0.18902835E+15   0.37430401E+01   0.61206929E+15   0.19353749E+15   0.38540119E+01   0.57408085E+15   0.20056783E+10
   0.22000000E+01   0.25118864E+15   0.40036435E+01   0.52764438E+15   0.48438426E+00   0.14936203E+04   0.59895231E+14   0.34836150E+16   0.12098586E+00   0.14593653E+04   0.23797130E+15   0.37423452E+01   0.61206929E+15   0.24364861E+15   0.38532998E+01   0.57408085E+15   0.20056783E+10
   0.22000000E+01   0.31622777E+15   0.40030273E+01   0.52764438E+15   0.52302609E+00   0.16127740E+04   0.75412803E+14   0.34824305E+16   0.13065764E+00   0.15757610E+04   0.29958675E+15   0.37417635E+01   0.61206929E+15   0.30673473E+15   0.38527039E+01   0.57408085E+15   0.20056783E+10
   0.22000000E+01   0.39810717E+15   0.40025120E+01   0.52764438E+15   0.56475058E+00   0.17414334E+04   0.94948756E+14   0.34814400E+16   0.14109903E+00   0.17014446E+04   0.37715593E+15   0.37412770E+01   0.61206929E+15   0.38615542E+15   0.38522055E+01   0.57408085E+15   0.20056783E+10
   0.22000000E+01   0.50118723E+15   0.40020821E+01   0.52764438E+15   0.60980365E+00   0.18803565E+04   0.11954355E+15   0.34806137E+16   0.15237160E+00   0.18371570E+04   0.47480968E+15   0.37408712E+01   0.61206929E+15   0.48614011E+15   0.38517897E+01   0.57408085E+15   0.20056783E+10
   0.22000000E+01   0.63095734E+15   0.40017240E+01   0.52764438E+15   0.65845084E+00   0.20303622E+04   0.15050706E+15   0.34799257E+16   0.16454179E+00   0.19836979E+04   0.59774839E+15   0.37405332E+01   0.61206929E+15   0.61201333E+15   0.38514433E+01   0.57408085E+15   0.20056783E+10
   0.22000000E+01   0.79432823E+15   0.40014264E+01   0.52764438E+15   0.71097886E+00   0.21923347E+04   0.18948831E+15   0.34793539E+16   0.17768135E+00   0.21419310E+04   0.75251898E+15   0.37402522E+01   0.61206929E+15   0.77047830E+15   0.38511555E+01   0.57408085E+15   0.20056783E+10
   0.22000000E+01   0.10000000E+16   0.40011794E+01   0.52764438E+15   0.76769731E+00   0.23672286E+04   0.23856329E+15   0.34788794E+16   0.19186776E+00   0.23127890E+04   0.94736353E+15   0.37400191E+01   0.61206929E+15   0.96997383E+15   0.38509166E+01   0.57408085E+15   0.20056783E+10
   0.22000000E+01   0.12589254E+16   0.40009746E+01   0.52764438E+15   0.82894049E+00   0.25560746E+04   0.30034554E+15   0.34784860E+16   0.20718464E+00   0.24972787E+04   0.11926582E+16   0.37398258E+01   0.61206929E+15   0.12211238E+16   0.38507186E+01   0.57408085E+15   0.20056783E+10
   0.22000000E+01   0.15848932E+16   0.40008054E+01   0.52764438E+15   0.89506935E+00   0.27599859E+04   0.37812527E+15   0.34781609E+16   0.22372229E+00   0.26964876E+04   0.15014659E+16   0.37396660E+01   0.61206929E+15   0.15373028E+16   0.38505549E+01   0.57408085E+15   0.20056783E+10
   0.22000000E+01   0.19952623E+16   0.40006655E+01   0.52764438E+15   0.96647365E+00   0.29801642E+04   0.47604467E+15   0.34778923E+16   0.24157822E+00   0.29115897E+04   0.18902316E+16   0.37395340E+01   0.61206929E+15   0.19353486E+16   0.38504196E+01   0.57408085E+15   0.20056783E+10
   0.22000000E+01   0.25118864E+16   0.40005499E+01   0.52764438E+15   0.10435742E+01   0.32179073E+04   0.59931842E+15   0.34776703E+16   0.26085770E+00   0.31438527E+04   0.23796585E+16   0.37394249E+01   0.61206929E+15   0.24364585E+16   0.38503078E+01   0.57408085E+15   0.20056783E+10
   0.22000000E+01   0.31622777E+16   0.40004549E+01   0.52764438E+15   0.11268256E+01   0.34746164E+04   0.75451136E+15   0.34774878E+16   0.28167436E+00   0.33946456E+04   0.29958105E+16   0.37393352E+01   0.61206929E+15   0.30673185E+16   0.38502159E+01   0.57408085E+15   0.20056783E+10
   0.22000000E+01   0.39810717E+16   0.40003766E+01   0.52764438E+15   0.12167182E+01   0.37518044E+04   0.94988823E+15   0.34773374E+16   0.30415093E+00   0.36654465E+04   0.37714997E+16   0.37392613E+01   0.61206929E+15   0.38615240E+16   0.38501402E+01   0.57408085E+15   0.20056783E+10
   0.22000000E+01   0.50118723E+16   0.40003119E+01   0.52764438E+15   0.13137821E+01   0.40511052E+04   0.11958537E+16   0.34772132E+16   0.32841993E+00   0.39578514E+04   0.47480346E+16   0.37392002E+01   0.61206929E+15   0.48613696E+16   0.38500776E+01   0.57408085E+15   0.20056783E+10
   0.22000000E+01   0.63095734E+16   0.40002590E+01   0.52764438E+15   0.14185893E+01   0.43742828E+04   0.15055064E+16   0.34771116E+16   0.35462437E+00   0.42735837E+04   0.59774191E+16   0.37391503E+01   0.61206929E+15   0.61201005E+16   0.38500265E+01   0.57408085E+15   0.20056783E+10
   0.22000000E+01   0.79432823E+16   0.40002153E+01   0.52764438E+15   0.15317575E+01   0.47232420E+04   0.18953366E+16   0.34770278E+16   0.38291876E+00   0.46145043E+04   0.75251223E+16   0.37391091E+01   0.61206929E+15   0.77047488E+16   0.38499843E+01   0.57408085E+15   0.20056783E+10
   0.22000000E+01   0.10000000E+17   0.40001793E+01   0.52764438E+15   0.16539537E+01   0.51000393E+04   0.23861044E+16   0.34769586E+16   0.41346989E+00   0.49826224E+04   0.94735652E+16   0.37390751E+01   0.61206929E+15   0.96997028E+16   0.38499494E+01   0.57408085E+15   0.20056783E+10
   0.22000000E+01   0.12589254E+17   0.40001499E+01   0.52764438E+15   0.17858981E+01   0.55068958E+04   0.30039449E+16   0.34769022E+16   0.44645780E+00   0.53801078E+04   0.11926509E+17   0.37390474E+01   0.61206929E+15   0.12211201E+17   0.38499210E+01   0.57408085E+15   0.20056783E+10
