         1        92   0.30000000E+00   0.31562220E+00   0.68437780E+00   0.82883870E+00   0.96580000E+00   0.22242000E-01  ---------------   0.27255000E+01  ---------------      0.67238290E+00                                 
   0.30000000E+00   0.10000000E+08   0.18891174E+02   0.48678677E+14   0.36603634E-02   0.34282549E+01   0.94654487E+06   0.13402542E+17   0.19376051E-03   0.45843015E+01   0.92224518E+07   0.15817582E+02   0.76478910E+14   0.10406540E+08   0.20702506E+02   0.38490467E+14   0.69098758E+10
   0.30000000E+00   0.12589254E+08   0.18709636E+02   0.48678677E+14   0.39523695E-02   0.37017445E+01   0.11967349E+07   0.13075645E+17   0.21124780E-03   0.49367153E+01   0.11606667E+08   0.15663911E+02   0.76478910E+14   0.13103055E+08   0.20504604E+02   0.38490467E+14   0.69098758E+10
   0.30000000E+00   0.15848932E+08   0.18527187E+02   0.48678677E+14   0.42676704E-02   0.39970517E+01   0.15131729E+07   0.12752230E+17   0.23034638E-03   0.53160467E+01   0.14607108E+08   0.15509457E+02   0.76478910E+14   0.16498336E+08   0.20305704E+02   0.38490467E+14   0.69098758E+10
   0.30000000E+00   0.19952623E+08   0.18341222E+02   0.48678677E+14   0.46081245E-02   0.43159172E+01   0.19135573E+07   0.12427834E+17   0.25124414E-03   0.57241100E+01   0.18382971E+08   0.15352032E+02   0.76478910E+14   0.20773525E+08   0.20102969E+02   0.38490467E+14   0.69098758E+10
   0.30000000E+00   0.25118864E+08   0.18152882E+02   0.48678677E+14   0.49757384E-02   0.46602202E+01   0.24201743E+07   0.12104658E+17   0.27410185E-03   0.61631472E+01   0.23134645E+08   0.15192604E+02   0.76478910E+14   0.26156662E+08   0.19897639E+02   0.38490467E+14   0.69098758E+10
   0.30000000E+00   0.31622777E+08   0.17963673E+02   0.48678677E+14   0.53726787E-02   0.50319900E+01   0.30611837E+07   0.11785390E+17   0.29908576E-03   0.66356281E+01   0.29114323E+08   0.15032449E+02   0.76478910E+14   0.32934875E+08   0.19691359E+02   0.38490467E+14   0.69098758E+10
   0.30000000E+00   0.39810717E+08   0.17772950E+02   0.48678677E+14   0.58012850E-02   0.54334178E+01   0.38723801E+07   0.11469004E+17   0.32641092E-03   0.71440068E+01   0.36639255E+08   0.14871020E+02   0.76478910E+14   0.41469769E+08   0.19483423E+02   0.38490467E+14   0.69098758E+10
   0.30000000E+00   0.50118723E+08   0.17578186E+02   0.48678677E+14   0.62640835E-02   0.58668696E+01   0.48993918E+07   0.11151505E+17   0.35635552E-03   0.76906765E+01   0.46108437E+08   0.14706180E+02   0.76478910E+14   0.52216792E+08   0.19271077E+02   0.38490467E+14   0.69098758E+10
   0.30000000E+00   0.63095734E+08   0.17383895E+02   0.48678677E+14   0.67638018E-02   0.63349001E+01   0.61991691E+07   0.10840364E+17   0.38908438E-03   0.82790413E+01   0.58024566E+08   0.14541752E+02   0.76478910E+14   0.65749144E+08   0.19059243E+02   0.38490467E+14   0.69098758E+10
   0.30000000E+00   0.79432823E+08   0.17190216E+02   0.48678677E+14   0.73033852E-02   0.68402677E+01   0.78442413E+07   0.10535717E+17   0.42485709E-03   0.89122886E+01   0.73019832E+08   0.14377851E+02   0.76478910E+14   0.82788703E+08   0.18848070E+02   0.38490467E+14   0.69098758E+10
   0.30000000E+00   0.10000000E+09   0.16993565E+02   0.48678677E+14   0.78860139E-02   0.73859512E+01   0.99274369E+07   0.10231982E+17   0.46405884E-03   0.95932828E+01   0.91889042E+08   0.14211440E+02   0.76478910E+14   0.10424490E+09   0.18633651E+02   0.38490467E+14   0.69098758E+10
   0.30000000E+00   0.12589254E+09   0.16797073E+02   0.48678677E+14   0.85151219E-02   0.79751667E+01   0.12564851E+08   0.99340719E+16   0.50694083E-03   0.10326074E+02   0.11563341E+09   0.14045172E+02   0.76478910E+14   0.13126232E+09   0.18419400E+02   0.38490467E+14   0.69098758E+10
   0.30000000E+00   0.15848932E+09   0.16601261E+02   0.48678677E+14   0.91944172E-02   0.86113869E+01   0.15903995E+08   0.96426990E+16   0.55383848E-03   0.11114675E+02   0.14551240E+09   0.13879488E+02   0.76478910E+14   0.16528242E+09   0.18205886E+02   0.38490467E+14   0.69098758E+10
   0.30000000E+00   0.19952623E+09   0.16402900E+02   0.48678677E+14   0.99279033E-02   0.92983617E+01   0.20133722E+08   0.93530910E+16   0.60525292E-03   0.11962689E+02   0.18310944E+09   0.13711656E+02   0.76478910E+14   0.20812116E+09   0.17989590E+02   0.38490467E+14   0.69098758E+10
   0.30000000E+00   0.25118864E+09   0.16204405E+02   0.48678677E+14   0.10719903E-01   0.10040140E+02   0.25490795E+08   0.90688418E+16   0.66154253E-03   0.12875023E+02   0.23041882E+09   0.13543724E+02   0.76478910E+14   0.26206414E+09   0.17773140E+02   0.38490467E+14   0.69098758E+10
   0.30000000E+00   0.31622777E+09   0.16006554E+02   0.48678677E+14   0.11575085E-01   0.10841094E+02   0.32275689E+08   0.87909976E+16   0.72314664E-03   0.13856699E+02   0.28994923E+09   0.13376347E+02   0.76478910E+14   0.32998975E+09   0.17557385E+02   0.38490467E+14   0.69098758E+10
   0.30000000E+00   0.39810717E+09   0.15806154E+02   0.48678677E+14   0.12498490E-01   0.11705944E+02   0.40873565E+08   0.85151105E+16   0.79073567E-03   0.14912168E+02   0.36485439E+09   0.13206825E+02   0.76478910E+14   0.41552426E+09   0.17338846E+02   0.38490467E+14   0.69098758E+10
   0.30000000E+00   0.50118723E+09   0.15605774E+02   0.48678677E+14   0.13495559E-01   0.12639787E+02   0.51767074E+08   0.82447732E+16   0.86477984E-03   0.16047568E+02   0.45910612E+09   0.13037331E+02   0.76478910E+14   0.52323200E+09   0.17120323E+02   0.38490467E+14   0.69098758E+10
   0.30000000E+00   0.63095734E+09   0.15406073E+02   0.48678677E+14   0.14572169E-01   0.13648128E+02   0.65569424E+08   0.79807982E+16   0.94587177E-03   0.17269102E+02   0.57769928E+09   0.12868411E+02   0.76478910E+14   0.65886116E+09   0.16902532E+02   0.38490467E+14   0.69098758E+10
   0.30000000E+00   0.79432823E+09   0.15203366E+02   0.48678677E+14   0.15734666E-01   0.14736910E+02   0.83068595E+08   0.77183640E+16   0.10349462E-02   0.18582098E+02   0.72691256E+09   0.12696953E+02   0.76478910E+14   0.82965425E+09   0.16681457E+02   0.38490467E+14   0.69098758E+10
   0.30000000E+00   0.10000000E+10   0.15001230E+02   0.48678677E+14   0.16989902E-01   0.15912549E+02   0.10524810E+09   0.74621507E+16   0.11325672E-02   0.19994490E+02   0.91465710E+09   0.12525988E+02   0.76478910E+14   0.10447257E+10   0.16460998E+02   0.38490467E+14   0.69098758E+10
   0.30000000E+00   0.12589254E+10   0.14799040E+02   0.48678677E+14   0.18345274E-01   0.17181976E+02   0.13336551E+09   0.72112956E+16   0.12396260E-02   0.21513528E+02   0.11508783E+10   0.12354989E+02   0.76478910E+14   0.13155573E+10   0.16240472E+02   0.38490467E+14   0.69098758E+10
   0.30000000E+00   0.15848932E+10   0.14594708E+02   0.48678677E+14   0.19808771E-01   0.18552671E+02   0.16902717E+09   0.69632482E+16   0.13572571E-02   0.23146343E+02   0.14480872E+10   0.12182208E+02   0.76478910E+14   0.16566156E+10   0.16017615E+02   0.38490467E+14   0.69098758E+10
   0.30000000E+00   0.19952623E+10   0.14391245E+02   0.48678677E+14   0.21389019E-01   0.20032713E+02   0.21424590E+09   0.67216642E+16   0.14862521E-02   0.24902630E+02   0.18220286E+10   0.12010169E+02   0.76478910E+14   0.20860991E+10   0.15795688E+02   0.38490467E+14   0.69098758E+10
   0.30000000E+00   0.25118864E+10   0.14186186E+02   0.48678677E+14   0.23095332E-01   0.21630826E+02   0.27161243E+09   0.64835935E+16   0.16280155E-02   0.26790496E+02   0.22924832E+10   0.11836775E+02   0.76478910E+14   0.26269487E+10   0.15572012E+02   0.38490467E+14   0.69098758E+10
   0.30000000E+00   0.31622777E+10   0.13980702E+02   0.48678677E+14   0.24937766E-01   0.23356428E+02   0.34439229E+09   0.62504238E+16   0.17837278E-02   0.28820242E+02   0.28843683E+10   0.11663035E+02   0.76478910E+14   0.33080434E+10   0.15347862E+02   0.38490467E+14   0.69098758E+10
   0.30000000E+00   0.39810717E+10   0.13775486E+02   0.48678677E+14   0.26927180E-01   0.25219691E+02   0.43673255E+09   0.60228977E+16   0.19547172E-02   0.31002807E+02   0.36290396E+10   0.11489555E+02   0.76478910E+14   0.41657655E+10   0.15124014E+02   0.38490467E+14   0.69098758E+10
   0.30000000E+00   0.50118723E+10   0.13568268E+02   0.48678677E+14   0.29075300E-01   0.27231596E+02   0.55395458E+09   0.57985115E+16   0.21428896E-02   0.33348199E+02   0.45658512E+10   0.11314378E+02   0.76478910E+14   0.52459171E+10   0.14897958E+02   0.38490467E+14   0.69098758E+10
   0.30000000E+00   0.63095734E+10   0.13362089E+02   0.48678677E+14   0.31394787E-01   0.29404001E+02   0.70272312E+09   0.55805427E+16   0.23495419E-02   0.35870360E+02   0.57444138E+10   0.11140088E+02   0.76478910E+14   0.66061805E+10   0.14673026E+02   0.38490467E+14   0.69098758E+10
   0.30000000E+00   0.79432823E+10   0.13153739E+02   0.48678677E+14   0.33899311E-01   0.31749710E+02   0.89166247E+09   0.53655882E+16   0.25771615E-02   0.38580214E+02   0.72270673E+10   0.10963998E+02   0.76478910E+14   0.83192795E+10   0.14445736E+02   0.38490467E+14   0.69098758E+10
   0.30000000E+00   0.10000000E+11   0.12946194E+02   0.48678677E+14   0.36603634E-01   0.34282549E+02   0.11315599E+10   0.51567137E+16   0.28273664E-02   0.41493773E+02   0.90922073E+10   0.10788579E+02   0.76478910E+14   0.10476648E+11   0.14219296E+02   0.38490467E+14   0.69098758E+10
   0.30000000E+00   0.12589254E+11   0.12737661E+02   0.48678677E+14   0.39523695E-01   0.37017445E+02   0.14363108E+10   0.49520689E+16   0.31029004E-02   0.44624720E+02   0.11438461E+11   0.10612343E+02   0.76478910E+14   0.13193594E+11   0.13991768E+02   0.38490467E+14   0.69098758E+10
   0.30000000E+00   0.15848932E+11   0.12528633E+02   0.48678677E+14   0.42676704E-01   0.39970517E+02   0.18235120E+10   0.47521362E+16   0.34063335E-02   0.47989468E+02   0.14389924E+11   0.10435716E+02   0.76478910E+14   0.16615371E+11   0.13763712E+02   0.38490467E+14   0.69098758E+10
   0.30000000E+00   0.19952623E+11   0.12319604E+02   0.48678677E+14   0.46081245E-01   0.43159172E+02   0.23155440E+10   0.45573509E+16   0.37404809E-02   0.51605739E+02   0.18102523E+11   0.10259090E+02   0.76478910E+14   0.20924681E+11   0.13535623E+02   0.38490467E+14   0.69098758E+10
   0.30000000E+00   0.25118864E+11   0.12109745E+02   0.48678677E+14   0.49757384E-01   0.46602202E+02   0.29410371E+10   0.43669145E+16   0.41088712E-02   0.55491210E+02   0.22772492E+11   0.10081788E+02   0.76478910E+14   0.26352068E+11   0.13306641E+02   0.38490467E+14   0.69098758E+10
   0.30000000E+00   0.31622777E+11   0.11900394E+02   0.48678677E+14   0.53726787E-01   0.50319900E+02   0.37362026E+10   0.41819959E+16   0.45147065E-02   0.59667199E+02   0.28646540E+11   0.99049229E+01   0.76478910E+14   0.33187319E+11   0.13078179E+02   0.38490467E+14   0.69098758E+10
   0.30000000E+00   0.39810717E+11   0.11689734E+02   0.48678677E+14   0.58012850E-01   0.54334178E+02   0.47476791E+10   0.40009618E+16   0.49627177E-02   0.64152871E+02   0.36034810E+11   0.97269737E+01   0.76478910E+14   0.41796295E+11   0.12848303E+02   0.38490467E+14   0.69098758E+10
   0.30000000E+00   0.50118723E+11   0.11479844E+02   0.48678677E+14   0.62640835E-01   0.58668696E+02   0.60341755E+10   0.38255600E+16   0.54565930E-02   0.68973679E+02   0.45327621E+11   0.95496909E+01   0.76478910E+14   0.52638687E+11   0.12619230E+02   0.38490467E+14   0.69098758E+10
   0.30000000E+00   0.63095734E+11   0.11268774E+02   0.48678677E+14   0.67638018E-01   0.63349001E+02   0.76715542E+10   0.36541177E+16   0.60022516E-02   0.74151473E+02   0.57015116E+11   0.93714265E+01   0.76478910E+14   0.66295023E+11   0.12388884E+02   0.38490467E+14   0.69098758E+10
   0.30000000E+00   0.79432823E+11   0.11058651E+02   0.48678677E+14   0.73033852E-01   0.68402677E+02   0.97552778E+10   0.34883109E+16   0.66042282E-02   0.79715723E+02   0.71714522E+11   0.91939794E+01   0.76478910E+14   0.83495220E+11   0.12159560E+02   0.38490467E+14   0.69098758E+10
   0.30000000E+00   0.10000000E+12   0.10847799E+02   0.48678677E+14   0.78860139E-01   0.73859512E+02   0.12408704E+11   0.33267519E+16   0.72696905E-02   0.85692035E+02   0.90200996E+11   0.90159415E+01   0.76478910E+14   0.10515871E+12   0.11929399E+02   0.38490467E+14   0.69098758E+10
   0.30000000E+00   0.12589254E+12   0.10637420E+02   0.48678677E+14   0.85151219E-01   0.79751667E+02   0.15787880E+11   0.31703111E+16   0.80048752E-02   0.92112767E+02   0.11344946E+12   0.88383149E+01   0.76478910E+14   0.13244569E+12   0.11699773E+02   0.38490467E+14   0.69098758E+10
   0.30000000E+00   0.15848932E+12   0.10427011E+02   0.48678677E+14   0.91944172E-01   0.86113869E+02   0.20093159E+11   0.30185398E+16   0.88178835E-02   0.99009561E+02   0.14268545E+12   0.86606821E+01   0.76478910E+14   0.16681561E+12   0.11470102E+02   0.38490467E+14   0.69098758E+10
   0.30000000E+00   0.19952623E+12   0.10216571E+02   0.48678677E+14   0.99279033E-01   0.92983617E+02   0.25580319E+11   0.28713796E+16   0.97174512E-02   0.10641724E+03   0.17944954E+12   0.84830425E+01   0.76478910E+14   0.21010680E+12   0.11240365E+02   0.38490467E+14   0.69098758E+10
   0.30000000E+00   0.25118864E+12   0.10007053E+02   0.48678677E+14   0.10719903E+00   0.10040140E+03   0.32574728E+11   0.27294082E+16   0.10712348E-01   0.11437557E+03   0.22567974E+12   0.83062066E+01   0.76478910E+14   0.26463642E+12   0.11011621E+02   0.38490467E+14   0.69098758E+10
   0.30000000E+00   0.31622777E+12   0.97968548E+01   0.48678677E+14   0.11575085E+00   0.10841094E+03   0.41497087E+11   0.25914735E+16   0.11815104E-01   0.12292076E+03   0.28380927E+12   0.81288271E+01   0.76478910E+14   0.33332594E+12   0.10782139E+02   0.38490467E+14   0.69098758E+10
   0.30000000E+00   0.39810717E+12   0.95881311E+01   0.48678677E+14   0.12498490E+00   0.11705944E+03   0.52877449E+11   0.24589038E+16   0.13035376E-01   0.13210178E+03   0.35689876E+12   0.79527013E+01   0.76478910E+14   0.41985064E+12   0.10554251E+02   0.38490467E+14   0.69098758E+10
   0.30000000E+00   0.50118723E+12   0.93791114E+01   0.48678677E+14   0.13495559E+00   0.12639787E+03   0.67404796E+11   0.23304781E+16   0.14388952E-01   0.14196001E+03   0.44879196E+12   0.77763490E+01   0.76478910E+14   0.52884564E+12   0.10326026E+02   0.38490467E+14   0.69098758E+10
   0.30000000E+00   0.63095734E+12   0.91710329E+01   0.48678677E+14   0.14572169E+00   0.13648128E+03   0.85951676E+11   0.22068776E+16   0.15889343E-01   0.15254901E+03   0.56432414E+12   0.76008148E+01   0.76478910E+14   0.66614773E+12   0.10098812E+02   0.38490467E+14   0.69098758E+10
   0.30000000E+00   0.79432823E+12   0.89642503E+01   0.48678677E+14   0.15734666E+00   0.14736910E+03   0.10963725E+12   0.20881861E+16   0.17552685E-01   0.16392398E+03   0.70957089E+12   0.74263987E+01   0.76478910E+14   0.83911145E+12   0.98729980E+01   0.38490467E+14   0.69098758E+10
   0.30000000E+00   0.10000000E+13   0.87572319E+01   0.48678677E+14   0.16989902E+00   0.15912549E+03   0.13991135E+12   0.19734342E+16   0.19400996E-01   0.17613663E+03   0.89215782E+12   0.72518104E+01   0.76478910E+14   0.10570084E+13   0.96469092E+01   0.38490467E+14   0.69098758E+10
   0.30000000E+00   0.12589254E+13   0.85518295E+01   0.48678677E+14   0.18345274E+00   0.17181976E+03   0.17860547E+12   0.18635498E+16   0.21451871E-01   0.18925615E+03   0.11216825E+13   0.70786109E+01   0.76478910E+14   0.13315123E+13   0.94225681E+01   0.38490467E+14   0.69098758E+10
   0.30000000E+00   0.15848932E+13   0.83477285E+01   0.48678677E+14   0.19808771E+00   0.18552671E+03   0.22808665E+12   0.17582230E+16   0.23729535E-01   0.20334829E+03   0.14101872E+13   0.69065251E+01   0.76478910E+14   0.16773382E+13   0.91996307E+01   0.38490467E+14   0.69098758E+10
   0.30000000E+00   0.19952623E+13   0.81440014E+01   0.48678677E+14   0.21389019E+00   0.20032713E+03   0.29141106E+12   0.16568710E+16   0.26263526E-01   0.21848001E+03   0.17728000E+13   0.67347805E+01   0.76478910E+14   0.21130343E+13   0.89770825E+01   0.38490467E+14   0.69098758E+10
   0.30000000E+00   0.25118864E+13   0.79420433E+01   0.48678677E+14   0.23095332E+00   0.21630826E+03   0.37245931E+12   0.15600724E+16   0.29079836E-01   0.23473543E+03   0.22285495E+13   0.65645562E+01   0.76478910E+14   0.26619612E+13   0.87564490E+01   0.38490467E+14   0.69098758E+10
   0.30000000E+00   0.31622777E+13   0.77418606E+01   0.48678677E+14   0.24937766E+00   0.23356428E+03   0.47623999E+12   0.14676789E+16   0.32211592E-01   0.25219823E+03   0.28013459E+13   0.63958747E+01   0.76478910E+14   0.33535888E+13   0.85377574E+01   0.38490467E+14   0.69098758E+10
   0.30000000E+00   0.39810717E+13   0.75424657E+01   0.48678677E+14   0.26927180E+00   0.25219691E+03   0.60924295E+12   0.13791125E+16   0.35700766E-01   0.27095158E+03   0.35211414E+13   0.62278793E+01   0.76478910E+14   0.42250343E+13   0.83199098E+01   0.38490467E+14   0.69098758E+10
   0.30000000E+00   0.50118723E+13   0.73448857E+01   0.48678677E+14   0.29075300E+00   0.27231596E+03   0.77973618E+12   0.12947084E+16   0.39585776E-01   0.29109816E+03   0.44256066E+13   0.60614287E+01   0.76478910E+14   0.53230142E+13   0.81040002E+01   0.38490467E+14   0.69098758E+10
   0.30000000E+00   0.63095734E+13   0.71496339E+01   0.48678677E+14   0.31394787E+00   0.29404001E+03   0.99836027E+12   0.12145289E+16   0.43911041E-01   0.31274616E+03   0.55621357E+13   0.58969850E+01   0.76478910E+14   0.67065210E+13   0.78906254E+01   0.38490467E+14   0.69098758E+10
   0.30000000E+00   0.79432823E+13   0.69565857E+01   0.48678677E+14   0.33899311E+00   0.31749710E+03   0.12788577E+13   0.11383604E+16   0.48729812E-01   0.33600748E+03   0.69901104E+13   0.57344245E+01   0.76478910E+14   0.84499076E+13   0.76796599E+01   0.38490467E+14   0.69098758E+10
   0.30000000E+00   0.10000000E+14   0.67650736E+01   0.48678677E+14   0.36603634E+00   0.34282549E+03   0.16390383E+13   0.10658003E+16   0.54106778E-01   0.36099727E+03   0.87840600E+13   0.55731832E+01   0.76478910E+14   0.10646685E+14   0.74703198E+01   0.38490467E+14   0.69098758E+10
   0.30000000E+00   0.12589254E+14   0.65758586E+01   0.48678677E+14   0.39523695E+00   0.37017445E+03   0.21016877E+13   0.99699899E+15   0.60104235E-01   0.38785264E+03   0.11037769E+14   0.54139211E+01   0.76478910E+14   0.13415132E+14   0.72635005E+01   0.38490467E+14   0.69098758E+10
   0.30000000E+00   0.15848932E+14   0.63891619E+01   0.48678677E+14   0.42676704E+00   0.39970517E+03   0.26962459E+13   0.93188073E+15   0.66795465E-01   0.41671724E+03   0.13868729E+14   0.52568043E+01   0.76478910E+14   0.16903818E+14   0.70593930E+01   0.38490467E+14   0.69098758E+10
   0.30000000E+00   0.19952623E+14   0.62055952E+01   0.48678677E+14   0.46081245E+00   0.43159172E+03   0.34605409E+13   0.87048934E+15   0.74257575E-01   0.44775126E+03   0.17424723E+14   0.51023599E+01   0.76478910E+14   0.21300518E+14   0.68587034E+01   0.38490467E+14   0.69098758E+10
   0.30000000E+00   0.25118864E+14   0.60249683E+01   0.48678677E+14   0.49757384E+00   0.46602202E+03   0.44436238E+13   0.81258862E+15   0.82585304E-01   0.48111895E+03   0.21890978E+14   0.49504215E+01   0.76478910E+14   0.26841377E+14   0.66611860E+01   0.38490467E+14   0.69098758E+10
   0.30000000E+00   0.31622777E+14   0.58473294E+01   0.48678677E+14   0.53726787E+00   0.50319900E+03   0.57087991E+13   0.75803033E+15   0.91882608E-01   0.51700046E+03   0.27500177E+14   0.48010373E+01   0.76478910E+14   0.33825067E+14   0.64669422E+01   0.38490467E+14   0.69098758E+10
   0.30000000E+00   0.39810717E+14   0.56728845E+01   0.48678677E+14   0.58012850E+00   0.54334178E+03   0.73377578E+13   0.70671506E+15   0.10226341E+00   0.55559299E+03   0.34544056E+14   0.46543683E+01   0.76478910E+14   0.42626691E+14   0.62761456E+01   0.38490467E+14   0.69098758E+10
   0.30000000E+00   0.50118723E+14   0.55028315E+01   0.48678677E+14   0.62640835E+00   0.58668696E+03   0.94348256E+13   0.65881224E+15   0.11383382E+00   0.59712668E+03   0.43389866E+14   0.45114347E+01   0.76478910E+14   0.53720292E+14   0.60901435E+01   0.38490467E+14   0.69098758E+10
   0.30000000E+00   0.63095734E+14   0.53370891E+01   0.48678677E+14   0.67638018E+00   0.63349001E+03   0.12135543E+14   0.61410370E+15   0.12673204E+00   0.64183234E+03   0.54497799E+14   0.43721642E+01   0.76478910E+14   0.67702655E+14   0.59088307E+01   0.38490467E+14   0.69098758E+10
   0.30000000E+00   0.79432823E+14   0.51766561E+01   0.48678677E+14   0.73033852E+00   0.68402677E+03   0.15612685E+14   0.57265716E+15   0.14108307E+00   0.68998009E+03   0.68445801E+14   0.42373787E+01   0.76478910E+14   0.85325788E+14   0.57332993E+01   0.38490467E+14   0.69098758E+10
   0.30000000E+00   0.10000000E+15   0.50230913E+01   0.48678677E+14   0.78860139E+00   0.73859512E+03   0.20085430E+14   0.53464250E+15   0.15699523E+00   0.74187807E+03   0.85962814E+14   0.41084087E+01   0.76478910E+14   0.10753759E+15   0.55652716E+01   0.38490467E+14   0.69098758E+10
   0.30000000E+00   0.12589254E+15   0.48773081E+01   0.48678677E+14   0.85151219E+00   0.79751667E+03   0.25833651E+14   0.50002937E+15   0.17458651E+00   0.79785278E+03   0.10796384E+15   0.39860125E+01   0.76478910E+14   0.13553041E+15   0.54057294E+01   0.38490467E+14   0.69098758E+10
   0.30000000E+00   0.15848932E+15   0.47416288E+01   0.48678677E+14   0.91944172E+00   0.86113869E+03   0.33204738E+14   0.46908536E+15   0.19390841E+00   0.85829565E+03   0.13560185E+15   0.38721168E+01   0.76478910E+14   0.17080591E+15   0.52572308E+01   0.38490467E+14   0.69098758E+10
   0.30000000E+00   0.19952623E+15   0.46176725E+01   0.48678677E+14   0.99279033E+00   0.92983617E+03   0.42633891E+14   0.44186896E+15   0.21499799E+00   0.92362458E+03   0.17033354E+15   0.37680982E+01   0.76478910E+14   0.21525227E+15   0.51215440E+01   0.38490467E+14   0.69098758E+10
   0.30000000E+00   0.25118864E+15   0.45070079E+01   0.48678677E+14   0.10719903E+01   0.10040140E+04   0.54659674E+14   0.41840913E+15   0.23784967E+00   0.99430002E+03   0.21399477E+15   0.36752628E+01   0.76478910E+14   0.27124536E+15   0.50003948E+01   0.38490467E+14   0.69098758E+10
   0.30000000E+00   0.31622777E+15   0.44105280E+01   0.48678677E+14   0.11575085E+01   0.10841094E+04   0.69950174E+14   0.39859304E+15   0.26244217E+00   0.10708109E+04   0.26889765E+15   0.35943355E+01   0.76478910E+14   0.34177298E+15   0.48947633E+01   0.38490467E+14   0.69098758E+10
   0.30000000E+00   0.39810717E+15   0.43281043E+01   0.48678677E+14   0.12498490E+01   0.11705944E+04   0.89340197E+14   0.38212829E+15   0.28877515E+00   0.11536624E+04   0.33796116E+15   0.35252155E+01   0.76478910E+14   0.43059437E+15   0.48045092E+01   0.38490467E+14   0.69098758E+10
   0.30000000E+00   0.50118723E+15   0.42591050E+01   0.48678677E+14   0.13495559E+01   0.12639787E+04   0.11387139E+15   0.36867086E+15   0.31686373E+00   0.12433868E+04   0.42486302E+15   0.34673713E+01   0.76478910E+14   0.54244396E+15   0.47289548E+01   0.38490467E+14   0.69098758E+10
   0.30000000E+00   0.63095734E+15   0.42022866E+01   0.48678677E+14   0.14572169E+01   0.13648128E+04   0.14485264E+15   0.35781009E+15   0.34676762E+00   0.13405381E+04   0.53422557E+15   0.34197387E+01   0.76478910E+14   0.68327495E+15   0.46667303E+01   0.38490467E+14   0.69098758E+10
   0.30000000E+00   0.79432823E+15   0.41562497E+01   0.48678677E+14   0.15734666E+01   0.14736910E+04   0.18392670E+15   0.34915545E+15   0.37857846E+00   0.14457049E+04   0.67188027E+15   0.33811514E+01   0.76478910E+14   0.86058696E+15   0.46163112E+01   0.38490467E+14   0.69098758E+10
   0.30000000E+00   0.10000000E+16   0.41194987E+01   0.48678677E+14   0.16989902E+01   0.15912549E+04   0.23316024E+15   0.34233929E+15   0.41242645E+00   0.15595137E+04   0.84516311E+15   0.33503504E+01   0.76478910E+14   0.10838140E+16   0.45760540E+01   0.38490467E+14   0.69098758E+10
   0.30000000E+00   0.12589254E+16   0.40905778E+01   0.48678677E+14   0.18345274E+01   0.17181976E+04   0.29515446E+15   0.33703303E+15   0.44847635E+00   0.16826357E+04   0.10633105E+16   0.33261134E+01   0.76478910E+14   0.13648472E+16   0.45443789E+01   0.38490467E+14   0.69098758E+10
   0.30000000E+00   0.15848932E+16   0.40681219E+01   0.48678677E+14   0.19808771E+01   0.18552671E+04   0.37318584E+15   0.33294781E+15   0.48692669E+00   0.18157916E+04   0.13379528E+16   0.33072974E+01   0.76478910E+14   0.17186451E+16   0.45197861E+01   0.38490467E+14   0.69098758E+10
   0.30000000E+00   0.19952623E+16   0.40508842E+01   0.48678677E+14   0.21389019E+01   0.20032713E+04   0.47138404E+15   0.32983254E+15   0.52800866E+00   0.19597565E+04   0.16837225E+16   0.32928531E+01   0.76478910E+14   0.21640325E+16   0.45009026E+01   0.38490467E+14   0.69098758E+10
   0.30000000E+00   0.25118864E+16   0.40377922E+01   0.48678677E+14   0.23095332E+01   0.21630826E+04   0.59495165E+15   0.32747844E+15   0.57197920E+00   0.21153679E+04   0.21190476E+16   0.32818840E+01   0.76478910E+14   0.27247239E+16   0.44865584E+01   0.38490467E+14   0.69098758E+10
   0.30000000E+00   0.31622777E+16   0.40279373E+01   0.48678677E+14   0.24937766E+01   0.23356428E+04   0.75044368E+15   0.32571319E+15   0.61912001E+00   0.22835306E+04   0.26671210E+16   0.32736278E+01   0.76478910E+14   0.34305744E+16   0.44757605E+01   0.38490467E+14   0.69098758E+10
   0.30000000E+00   0.39810717E+16   0.40205759E+01   0.48678677E+14   0.26927180E+01   0.25219691E+04   0.94611681E+15   0.32439841E+15   0.66973439E+00   0.24652234E+04   0.33571341E+16   0.32674593E+01   0.76478910E+14   0.43192008E+16   0.44677061E+01   0.38490467E+14   0.69098758E+10
   0.30000000E+00   0.50118723E+16   0.40151117E+01   0.48678677E+14   0.29075300E+01   0.27231596E+04   0.11923697E+16   0.32342456E+15   0.72414672E+00   0.26615056E+04   0.42258477E+16   0.32628813E+01   0.76478910E+14   0.54378673E+16   0.44617205E+01   0.38490467E+14   0.69098758E+10
   0.30000000E+00   0.63095734E+16   0.40110774E+01   0.48678677E+14   0.31394787E+01   0.29404001E+04   0.15022967E+16   0.32270669E+15   0.78270210E+00   0.28735239E+04   0.53195305E+16   0.32595013E+01   0.76478910E+14   0.68461585E+16   0.44573002E+01   0.38490467E+14   0.69098758E+10
   0.30000000E+00   0.79432823E+16   0.40081111E+01   0.48678677E+14   0.33899311E+01   0.31749710E+04   0.18923850E+16   0.32217950E+15   0.84576775E+00   0.31025186E+04   0.66964320E+16   0.32570163E+01   0.76478910E+14   0.86190709E+16   0.44540501E+01   0.38490467E+14   0.69098758E+10
   0.30000000E+00   0.10000000E+17   0.40059372E+01   0.48678677E+14   0.36603634E+01   0.34282549E+04   0.23833931E+16   0.32179347E+15   0.91373460E+00   0.33498318E+04   0.84298837E+16   0.32551951E+01   0.76478910E+14   0.10851015E+17   0.44516681E+01   0.38490467E+14   0.69098758E+10
   0.30000000E+00   0.12589254E+17   0.40043484E+01   0.48678677E+14   0.39523695E+01   0.37017445E+04   0.30014549E+16   0.32151152E+15   0.98701938E+00   0.36169147E+04   0.10612204E+17   0.32538641E+01   0.76478910E+14   0.13660846E+17   0.44499273E+01   0.38490467E+14   0.69098758E+10
