         1        92   0.21000000E+01   0.31562220E+00   0.68437780E+00   0.82883870E+00   0.96580000E+00   0.22242000E-01  ---------------   0.27255000E+01  ---------------      0.67238290E+00                                 
   0.21000000E+01   0.10000000E+08   0.70504195E+01   0.48127348E+15   0.17054532E-02   0.50224462E+01   0.15963351E+07   0.11616927E+17   0.24189387E-03   0.53282526E+01   0.95964769E+07   0.66121477E+01   0.55991357E+15   0.97832989E+07   0.68124706E+01   0.52192512E+15   0.21013004E+10
   0.21000000E+01   0.12589254E+08   0.69919182E+01   0.48127348E+15   0.18415060E-02   0.54231127E+01   0.20203268E+07   0.11390242E+17   0.26337637E-03   0.57445712E+01   0.12079118E+08   0.65568976E+01   0.55991357E+15   0.12315339E+08   0.67557418E+01   0.52192512E+15   0.21013004E+10
   0.21000000E+01   0.15848932E+08   0.69326370E+01   0.48127348E+15   0.19884125E-02   0.58557424E+01   0.25572734E+07   0.11163358E+17   0.28681907E-03   0.61932666E+01   0.15204074E+08   0.65009292E+01   0.55991357E+15   0.15502654E+08   0.66982557E+01   0.52192512E+15   0.21013004E+10
   0.21000000E+01   0.19952623E+08   0.68735991E+01   0.48127348E+15   0.21470384E-02   0.63228852E+01   0.32370615E+07   0.10940215E+17   0.31236015E-03   0.66770229E+01   0.19137509E+08   0.64451987E+01   0.55991357E+15   0.19514866E+08   0.66410074E+01   0.52192512E+15   0.21013004E+10
   0.21000000E+01   0.25118864E+08   0.68146072E+01   0.48127348E+15   0.23183188E-02   0.68272944E+01   0.40978049E+07   0.10720032E+17   0.34019844E-03   0.71985443E+01   0.24088402E+08   0.63895039E+01   0.55991357E+15   0.24565440E+08   0.65838043E+01   0.52192512E+15   0.21013004E+10
   0.21000000E+01   0.31622777E+08   0.67554187E+01   0.48127348E+15   0.25032630E-02   0.73719429E+01   0.51878657E+07   0.10501899E+17   0.37055631E-03   0.77607280E+01   0.30319803E+08   0.63336109E+01   0.55991357E+15   0.30923081E+08   0.65264112E+01   0.52192512E+15   0.21013004E+10
   0.21000000E+01   0.39810717E+08   0.66952396E+01   0.48127348E+15   0.27029612E-02   0.79600408E+01   0.65689737E+07   0.10282961E+17   0.40371389E-03   0.83665636E+01   0.38163242E+08   0.62767985E+01   0.55991357E+15   0.38925981E+08   0.64680577E+01   0.52192512E+15   0.21013004E+10
   0.21000000E+01   0.50118723E+08   0.66353485E+01   0.48127348E+15   0.29185904E-02   0.85950544E+01   0.83181271E+07   0.10067904E+17   0.43985488E-03   0.90197245E+01   0.48035748E+08   0.62202653E+01   0.55991357E+15   0.48999989E+08   0.64099844E+01   0.52192512E+15   0.21013004E+10
   0.21000000E+01   0.63095734E+08   0.65755281E+01   0.48127348E+15   0.31514214E-02   0.92807262E+01   0.10533735E+08   0.98559076E+16   0.47926514E-03   0.97238551E+01   0.60462023E+08   0.61637996E+01   0.55991357E+15   0.61681054E+08   0.63519803E+01   0.52192512E+15   0.21013004E+10
   0.21000000E+01   0.79432823E+08   0.65154593E+01   0.48127348E+15   0.34028266E-02   0.10021098E+02   0.13340820E+08   0.96458377E+16   0.52226964E-03   0.10482843E+02   0.76101961E+08   0.61070850E+01   0.55991357E+15   0.77643788E+08   0.62937359E+01   0.52192512E+15   0.21013004E+10
   0.21000000E+01   0.10000000E+09   0.64545339E+01   0.48127348E+15   0.36742876E-02   0.10820532E+02   0.16898725E+08   0.94356299E+16   0.56925685E-03   0.11300770E+02   0.95786886E+08   0.60495613E+01   0.55991357E+15   0.97737287E+08   0.62346616E+01   0.52192512E+15   0.21013004E+10
   0.21000000E+01   0.12589254E+09   0.63939464E+01   0.48127348E+15   0.39674045E-02   0.11683742E+02   0.21406489E+08   0.92294269E+16   0.62049387E-03   0.12182577E+02   0.12056418E+09   0.59923715E+01   0.55991357E+15   0.12303072E+09   0.61759166E+01   0.52192512E+15   0.21013004E+10
   0.21000000E+01   0.15848932E+09   0.63334075E+01   0.48127348E+15   0.42839048E-02   0.12615815E+02   0.27118796E+08   0.90262010E+16   0.67639811E-03   0.13133159E+02   0.15175032E+09   0.59352309E+01   0.55991357E+15   0.15486952E+09   0.61172184E+01   0.52192512E+15   0.21013004E+10
   0.21000000E+01   0.19952623E+09   0.62723301E+01   0.48127348E+15   0.46256540E-02   0.13622243E+02   0.34360262E+08   0.88240000E+16   0.73746981E-03   0.14157655E+02   0.19100230E+09   0.58775827E+01   0.55991357E+15   0.19494725E+09   0.60579989E+01   0.52192512E+15   0.21013004E+10
   0.21000000E+01   0.25118864E+09   0.62109635E+01   0.48127348E+15   0.49946664E-02   0.14708960E+02   0.43540551E+08   0.86236905E+16   0.80416933E-03   0.15261893E+02   0.24040611E+09   0.58196624E+01   0.55991357E+15   0.24539587E+09   0.59984996E+01   0.52192512E+15   0.21013004E+10
   0.21000000E+01   0.31622777E+09   0.61497889E+01   0.48127348E+15   0.53931167E-02   0.15882369E+02   0.55177434E+08   0.84268342E+16   0.87695964E-03   0.16452282E+02   0.30258601E+09   0.57619145E+01   0.55991357E+15   0.30889914E+09   0.59391873E+01   0.52192512E+15   0.21013004E+10
   0.21000000E+01   0.39810717E+09   0.60886968E+01   0.48127348E+15   0.58233534E-02   0.17149388E+02   0.69930242E+08   0.82330429E+16   0.95642034E-03   0.17735495E+02   0.38084685E+09   0.57042443E+01   0.55991357E+15   0.38883502E+09   0.58799556E+01   0.52192512E+15   0.21013004E+10
   0.21000000E+01   0.50118723E+09   0.60267700E+01   0.48127348E+15   0.62879124E-02   0.18517483E+02   0.88644096E+08   0.80394432E+16   0.10433304E-02   0.19118296E+02   0.47934641E+09   0.56457904E+01   0.55991357E+15   0.48945502E+09   0.58199170E+01   0.52192512E+15   0.21013004E+10
   0.21000000E+01   0.63095734E+09   0.59651135E+01   0.48127348E+15   0.67895316E-02   0.19994719E+02   0.11237357E+09   0.78495117E+16   0.11382066E-02   0.20608992E+02   0.60332193E+09   0.55876011E+01   0.55991357E+15   0.61611186E+09   0.57601414E+01   0.52192512E+15   0.21013004E+10
   0.21000000E+01   0.79432823E+09   0.59035904E+01   0.48127348E+15   0.73311676E-02   0.21589800E+02   0.14246740E+09   0.76627820E+16   0.12418151E-02   0.22215929E+02   0.75935902E+09   0.55295389E+01   0.55991357E+15   0.77554178E+09   0.57004944E+01   0.52192512E+15   0.21013004E+10
   0.21000000E+01   0.10000000E+10   0.58417122E+01   0.48127348E+15   0.79160127E-02   0.23312130E+02   0.18064640E+09   0.74777700E+16   0.13550843E-02   0.23947859E+02   0.95574646E+09   0.54711426E+01   0.55991357E+15   0.97622418E+09   0.56405041E+01   0.52192512E+15   0.21013004E+10
   0.21000000E+01   0.12589254E+10   0.57797824E+01   0.48127348E+15   0.85475139E-02   0.25171859E+02   0.22908252E+09   0.72953937E+16   0.14788643E-02   0.25814696E+02   0.12029185E+10   0.54126989E+01   0.55991357E+15   0.12288331E+10   0.55804647E+01   0.52192512E+15   0.21013004E+10
   0.21000000E+01   0.15848932E+10   0.57180409E+01   0.48127348E+15   0.92293932E-02   0.27179948E+02   0.29053082E+09   0.71163336E+16   0.16140831E-02   0.27827126E+02   0.15140076E+10   0.53544343E+01   0.55991357E+15   0.15468043E+10   0.55206086E+01   0.52192512E+15   0.21013004E+10
   0.21000000E+01   0.19952623E+10   0.56563388E+01   0.48127348E+15   0.99656695E-02   0.29348233E+02   0.36850108E+09   0.69401256E+16   0.17618587E-02   0.29996394E+02   0.19055395E+10   0.52962082E+01   0.55991357E+15   0.19470489E+10   0.54607917E+01   0.52192512E+15   0.21013004E+10
   0.21000000E+01   0.25118864E+10   0.55944058E+01   0.48127348E+15   0.10760682E-01   0.31689493E+02   0.46746312E+09   0.67659931E+16   0.19234719E-02   0.32334485E+02   0.23983099E+10   0.52377654E+01   0.55991357E+15   0.24508519E+10   0.54007519E+01   0.52192512E+15   0.21013004E+10
   0.21000000E+01   0.31622777E+10   0.55327405E+01   0.48127348E+15   0.11619118E-01   0.34217528E+02   0.59305179E+09   0.65953195E+16   0.21000655E-02   0.34855000E+02   0.30184989E+10   0.51795769E+01   0.55991357E+15   0.30850089E+10   0.53409726E+01   0.52192512E+15   0.21013004E+10
   0.21000000E+01   0.39810717E+10   0.54714509E+01   0.48127348E+15   0.12546035E-01   0.36947237E+02   0.75243548E+09   0.64283439E+16   0.22929996E-02   0.37572306E+02   0.37990523E+10   0.51217445E+01   0.55991357E+15   0.38832471E+10   0.52815585E+01   0.52192512E+15   0.21013004E+10
   0.21000000E+01   0.50118723E+10   0.54098749E+01   0.48127348E+15   0.13546897E-01   0.39894708E+02   0.95480587E+09   0.62632400E+16   0.25041053E-02   0.40501065E+02   0.47814177E+10   0.50636432E+01   0.55991357E+15   0.48880113E+10   0.52218677E+01   0.52192512E+15   0.21013004E+10
   0.21000000E+01   0.63095734E+10   0.53487538E+01   0.48127348E+15   0.14627602E-01   0.43077315E+02   0.12116852E+10   0.61019680E+16   0.27347683E-02   0.43658603E+02   0.60177857E+10   0.50059729E+01   0.55991357E+15   0.61527413E+10   0.51626189E+01   0.52192512E+15   0.21013004E+10
   0.21000000E+01   0.79432823E+10   0.52881833E+01   0.48127348E+15   0.15794522E-01   0.46513815E+02   0.15377584E+10   0.59446997E+16   0.29867577E-02   0.47062964E+02   0.75738299E+10   0.49488238E+01   0.55991357E+15   0.77446981E+10   0.51039048E+01   0.52192512E+15   0.21013004E+10
   0.21000000E+01   0.10000000E+11   0.52274426E+01   0.48127348E+15   0.17054532E-01   0.50224462E+02   0.19518781E+10   0.57895235E+16   0.32625002E-02   0.50732501E+02   0.95321665E+10   0.48915158E+01   0.55991357E+15   0.97485255E+10   0.50450270E+01   0.52192512E+15   0.21013004E+10
   0.21000000E+01   0.12589254E+11   0.51676667E+01   0.48127348E+15   0.18415060E-01   0.54231127E+02   0.24775209E+10   0.56392732E+16   0.35635155E-02   0.54689574E+02   0.11996853E+11   0.48351200E+01   0.55991357E+15   0.12270808E+11   0.49870853E+01   0.52192512E+15   0.21013004E+10
   0.21000000E+01   0.15848932E+11   0.51081019E+01   0.48127348E+15   0.19884125E-01   0.58557424E+02   0.31450453E+10   0.54919664E+16   0.38926641E-02   0.58955617E+02   0.15098752E+11   0.47789250E+01   0.55991357E+15   0.15445656E+11   0.49293492E+01   0.52192512E+15   0.21013004E+10
   0.21000000E+01   0.19952623E+11   0.50489816E+01   0.48127348E+15   0.21470384E-01   0.63228852E+02   0.39927113E+10   0.53481254E+16   0.42524188E-02   0.63555208E+02   0.19002609E+11   0.47231512E+01   0.55991357E+15   0.19441904E+11   0.48720451E+01   0.52192512E+15   0.21013004E+10
   0.21000000E+01   0.25118864E+11   0.49911885E+01   0.48127348E+15   0.23183188E-01   0.68272944E+02   0.50685643E+10   0.52097776E+16   0.46448231E-02   0.68516172E+02   0.23915856E+11   0.46686315E+01   0.55991357E+15   0.24472111E+11   0.48160283E+01   0.52192512E+15   0.21013004E+10
   0.21000000E+01   0.31622777E+11   0.49332616E+01   0.48127348E+15   0.25032630E-01   0.73719429E+02   0.64353079E+10   0.50733414E+16   0.50742555E-02   0.73864150E+02   0.30099258E+11   0.46139873E+01   0.55991357E+15   0.30803684E+11   0.47598830E+01   0.52192512E+15   0.21013004E+10
   0.21000000E+01   0.39810717E+11   0.48769539E+01   0.48127348E+15   0.27029612E-01   0.79600408E+02   0.81697520E+10   0.49428467E+16   0.55423145E-02   0.79633180E+02   0.37881479E+11   0.45608726E+01   0.55991357E+15   0.38773451E+11   0.47053079E+01   0.52192512E+15   0.21013004E+10
   0.21000000E+01   0.50118723E+11   0.48213229E+01   0.48127348E+15   0.29185904E-01   0.85950544E+02   0.10372001E+11   0.48159672E+16   0.60535053E-02   0.85854490E+02   0.47675708E+11   0.45083980E+01   0.55991357E+15   0.48805165E+11   0.46513897E+01   0.52192512E+15   0.21013004E+10
   0.21000000E+01   0.63095734E+11   0.47668706E+01   0.48127348E+15   0.31514214E-01   0.92807262E+02   0.13167280E+11   0.46937339E+16   0.66110908E-02   0.92564973E+02   0.60002279E+11   0.44570372E+01   0.55991357E+15   0.61432368E+11   0.45986147E+01   0.52192512E+15   0.21013004E+10
   0.21000000E+01   0.79432823E+11   0.47138884E+01   0.48127348E+15   0.34028266E-01   0.10021098E+03   0.16714268E+11   0.45766485E+16   0.72187254E-02   0.99804155E+02   0.75516093E+11   0.44070649E+01   0.55991357E+15   0.77326665E+11   0.45472654E+01   0.52192512E+15   0.21013004E+10
   0.21000000E+01   0.10000000E+12   0.46618674E+01   0.48127348E+15   0.36742876E-01   0.10820532E+03   0.21216247E+11   0.44634494E+16   0.78815790E-02   0.10761254E+03   0.95041061E+11   0.43580010E+01   0.55991357E+15   0.97333259E+11   0.44968484E+01   0.52192512E+15   0.21013004E+10
   0.21000000E+01   0.12589254E+12   0.46116632E+01   0.48127348E+15   0.39674045E-01   0.11683742E+03   0.26926370E+11   0.43558496E+16   0.86029797E-02   0.11603785E+03   0.11961491E+12   0.43106524E+01   0.55991357E+15   0.12251643E+12   0.44481929E+01   0.52192512E+15   0.21013004E+10
   0.21000000E+01   0.15848932E+12   0.45629395E+01   0.48127348E+15   0.42839048E-01   0.12615815E+03   0.34169198E+11   0.42529594E+16   0.93884760E-02   0.12512816E+03   0.15054313E+12   0.42647018E+01   0.55991357E+15   0.15421555E+12   0.44009728E+01   0.52192512E+15   0.21013004E+10
   0.21000000E+01   0.19952623E+12   0.45160499E+01   0.48127348E+15   0.46256540E-01   0.13622243E+03   0.43352133E+11   0.41553632E+16   0.10242699E-01   0.13493768E+03   0.18946871E+12   0.42204771E+01   0.55991357E+15   0.19411687E+12   0.43555306E+01   0.52192512E+15   0.21013004E+10
   0.21000000E+01   0.25118864E+12   0.44711062E+01   0.48127348E+15   0.49946664E-01   0.14708960E+03   0.54991069E+11   0.40631181E+16   0.11170986E-01   0.14552431E+03   0.23846129E+12   0.41780914E+01   0.55991357E+15   0.24434406E+12   0.43119809E+01   0.52192512E+15   0.21013004E+10
   0.21000000E+01   0.31622777E+12   0.44280402E+01   0.48127348E+15   0.53931167E-01   0.15882369E+03   0.69739706E+11   0.39759149E+16   0.12179466E-01   0.15694993E+03   0.30012524E+12   0.41374813E+01   0.55991357E+15   0.30756825E+12   0.42702500E+01   0.52192512E+15   0.21013004E+10
   0.21000000E+01   0.39810717E+12   0.43872986E+01   0.48127348E+15   0.58233534E-01   0.17149388E+03   0.88417036E+11   0.38944832E+16   0.13273210E-01   0.16928372E+03   0.37773890E+12   0.40990644E+01   0.55991357E+15   0.38715238E+12   0.42307667E+01   0.52192512E+15   0.21013004E+10
   0.21000000E+01   0.50118723E+12   0.43484843E+01   0.48127348E+15   0.62879124E-01   0.18517483E+03   0.11206866E+12   0.38178620E+16   0.14460009E-01   0.18259674E+03   0.47542784E+12   0.40624662E+01   0.55991357E+15   0.48733114E+12   0.41931514E+01   0.52192512E+15   0.21013004E+10
   0.21000000E+01   0.63095734E+12   0.43122828E+01   0.48127348E+15   0.67895316E-01   0.19994719E+03   0.14199307E+12   0.37472371E+16   0.15744634E-01   0.19697109E+03   0.59838786E+12   0.40283309E+01   0.55991357E+15   0.61343601E+12   0.41580678E+01   0.52192512E+15   0.21013004E+10
   0.21000000E+01   0.79432823E+12   0.42780210E+01   0.48127348E+15   0.73311676E-01   0.21589800E+03   0.17985856E+12   0.36811384E+16   0.17136820E-01   0.21248860E+03   0.75315491E+12   0.39960231E+01   0.55991357E+15   0.77218309E+12   0.41248761E+01   0.52192512E+15   0.21013004E+10
   0.21000000E+01   0.10000000E+13   0.42465544E+01   0.48127348E+15   0.79160127E-01   0.23312130E+03   0.22772149E+12   0.36210657E+16   0.18641025E-01   0.22924629E+03   0.94796894E+12   0.39663562E+01   0.55991357E+15   0.97201016E+12   0.40943805E+01   0.52192512E+15   0.21013004E+10
   0.21000000E+01   0.12589254E+13   0.42171475E+01   0.48127348E+15   0.85475139E-01   0.25171859E+03   0.28822935E+12   0.35654708E+16   0.20268473E-01   0.24733968E+03   0.11931837E+13   0.39386272E+01   0.55991357E+15   0.12235560E+13   0.40658808E+01   0.52192512E+15   0.21013004E+10
   0.21000000E+01   0.15848932E+13   0.41902943E+01   0.48127348E+15   0.92293932E-01   0.27179948E+03   0.36466120E+12   0.35151628E+16   0.22025645E-01   0.26687978E+03   0.15018572E+13   0.39133112E+01   0.55991357E+15   0.15402246E+13   0.40398675E+01   0.52192512E+15   0.21013004E+10
   0.21000000E+01   0.19952623E+13   0.41657185E+01   0.48127348E+15   0.99656695E-01   0.29348233E+03   0.46118517E+12   0.34695040E+16   0.23923051E-01   0.28798150E+03   0.18904101E+13   0.38901431E+01   0.55991357E+15   0.19388456E+13   0.40160480E+01   0.52192512E+15   0.21013004E+10
   0.21000000E+01   0.25118864E+13   0.41433662E+01   0.48127348E+15   0.10760682E+00   0.31689493E+03   0.58303637E+12   0.34282928E+16   0.25970870E-01   0.31077049E+03   0.23795128E+13   0.38690675E+01   0.55991357E+15   0.24406730E+13   0.39943958E+01   0.52192512E+15   0.21013004E+10
   0.21000000E+01   0.31622777E+13   0.41234290E+01   0.48127348E+15   0.11619118E+00   0.34217528E+03   0.73676816E+12   0.33917881E+16   0.28178290E-01   0.33538475E+03   0.29952087E+13   0.38502701E+01   0.55991357E+15   0.30723896E+13   0.39750738E+01   0.52192512E+15   0.21013004E+10
   0.21000000E+01   0.39810717E+13   0.41054788E+01   0.48127348E+15   0.12546035E+00   0.36947237E+03   0.93070600E+12   0.33591257E+16   0.30559249E-01   0.36196795E+03   0.37702731E+13   0.38333493E+01   0.55991357E+15   0.38676542E+13   0.39576823E+01   0.52192512E+15   0.21013004E+10
   0.21000000E+01   0.50118723E+13   0.40897184E+01   0.48127348E+15   0.13546897E+00   0.39894708E+03   0.11752246E+13   0.33306070E+16   0.33124277E-01   0.39068113E+03   0.47459583E+13   0.38184903E+01   0.55991357E+15   0.48688171E+13   0.39424161E+01   0.52192512E+15   0.21013004E+10
   0.21000000E+01   0.63095734E+13   0.40759016E+01   0.48127348E+15   0.14627602E+00   0.43077315E+03   0.14834526E+13   0.33057275E+16   0.35888017E-01   0.42169389E+03   0.59742157E+13   0.38054641E+01   0.55991357E+15   0.61291282E+13   0.39290223E+01   0.52192512E+15   0.21013004E+10
   0.21000000E+01   0.79432823E+13   0.40638971E+01   0.48127348E+15   0.15794522E+00   0.46513815E+03   0.18718872E+13   0.32842039E+16   0.38865457E-01   0.45519046E+03   0.75204551E+13   0.37941491E+01   0.55991357E+15   0.77157649E+13   0.39173912E+01   0.52192512E+15   0.21013004E+10
   0.21000000E+01   0.10000000E+14   0.40536804E+01   0.48127348E+15   0.17054532E+00   0.50224462E+03   0.23612345E+13   0.32659533E+16   0.42071724E-01   0.49137110E+03   0.94669905E+13   0.37845171E+01   0.55991357E+15   0.97132165E+13   0.39074951E+01   0.52192512E+15   0.21013004E+10
   0.21000000E+01   0.12589254E+14   0.40449537E+01   0.48127348E+15   0.18415060E+00   0.54231127E+03   0.29776635E+13   0.32504133E+16   0.45526011E-01   0.53044849E+03   0.11917479E+14   0.37762899E+01   0.55991357E+15   0.12227832E+14   0.38990422E+01   0.52192512E+15   0.21013004E+10
   0.21000000E+01   0.15848932E+14   0.40375976E+01   0.48127348E+15   0.19884125E+00   0.58557424E+03   0.37540337E+13   0.32373493E+16   0.49247417E-01   0.57265434E+03   0.15002413E+14   0.37693551E+01   0.55991357E+15   0.15393520E+14   0.38919171E+01   0.52192512E+15   0.21013004E+10
   0.21000000E+01   0.19952623E+14   0.40314507E+01   0.48127348E+15   0.21470384E+00   0.63228852E+03   0.47317259E+13   0.32264575E+16   0.53257217E-01   0.61823809E+03   0.18886072E+14   0.37635603E+01   0.55991357E+15   0.19378754E+14   0.38859560E+01   0.52192512E+15   0.21013004E+10
   0.21000000E+01   0.25118864E+14   0.40262940E+01   0.48127348E+15   0.23183188E+00   0.68272944E+03   0.59629046E+13   0.32173374E+16   0.57579471E-01   0.66746777E+03   0.23775285E+14   0.37587003E+01   0.55991357E+15   0.24395823E+14   0.38809545E+01   0.52192512E+15   0.21013004E+10
   0.21000000E+01   0.31622777E+14   0.40219876E+01   0.48127348E+15   0.25032630E+00   0.73719429E+03   0.75131916E+13   0.32097334E+16   0.62239451E-01   0.72063368E+03   0.29930375E+14   0.37546411E+01   0.55991357E+15   0.30712041E+14   0.38767833E+01   0.52192512E+15   0.21013004E+10
   0.21000000E+01   0.39810717E+14   0.40183850E+01   0.48127348E+15   0.27029612E+00   0.79600408E+03   0.94652388E+13   0.32033804E+16   0.67264864E-01   0.77804883E+03   0.37679110E+14   0.37512448E+01   0.55991357E+15   0.38663661E+14   0.38732938E+01   0.52192512E+15   0.21013004E+10
   0.21000000E+01   0.50118723E+14   0.40153693E+01   0.48127348E+15   0.29185904E+00   0.85950544E+03   0.11923094E+14   0.31980683E+16   0.72685479E-01   0.84005138E+03   0.47434135E+14   0.37484017E+01   0.55991357E+15   0.48674130E+14   0.38703728E+01   0.52192512E+15   0.21013004E+10
   0.21000000E+01   0.63095734E+14   0.40128433E+01   0.48127348E+15   0.31514214E+00   0.92807262E+03   0.15017745E+14   0.31936231E+16   0.78533378E-01   0.90700657E+03   0.59714925E+14   0.37460205E+01   0.55991357E+15   0.61276535E+14   0.38679262E+01   0.52192512E+15   0.21013004E+10
   0.21000000E+01   0.79432823E+14   0.40107186E+01   0.48127348E+15   0.34028266E+00   0.10021098E+04   0.18914131E+14   0.31898868E+16   0.84843314E-01   0.97930864E+03   0.75175458E+14   0.37440174E+01   0.55991357E+15   0.77141989E+14   0.38658682E+01   0.52192512E+15   0.21013004E+10
   0.21000000E+01   0.10000000E+15   0.40089373E+01   0.48127348E+15   0.36742876E+00   0.10820532E+04   0.23819837E+14   0.31867566E+16   0.91652409E-01   0.10573838E+04   0.94639049E+14   0.37423382E+01   0.55991357E+15   0.97115379E+14   0.38641429E+01   0.52192512E+15   0.21013004E+10
   0.21000000E+01   0.12589254E+15   0.40074439E+01   0.48127348E+15   0.39674045E+00   0.11683742E+04   0.29996226E+14   0.31841337E+16   0.99000874E-01   0.11416921E+04   0.11914219E+15   0.37409304E+01   0.55991357E+15   0.12226035E+15   0.38626964E+01   0.52192512E+15   0.21013004E+10
   0.21000000E+01   0.15848932E+15   0.40061890E+01   0.48127348E+15   0.42839048E+00   0.12615815E+04   0.37772359E+14   0.31819306E+16   0.10693217E+00   0.12327303E+04   0.14998974E+15   0.37397473E+01   0.55991357E+15   0.15391596E+15   0.38614809E+01   0.52192512E+15   0.21013004E+10
   0.21000000E+01   0.19952623E+15   0.40051391E+01   0.48127348E+15   0.46256540E+00   0.13622243E+04   0.47562432E+14   0.31800883E+16   0.11549297E+00   0.13310349E+04   0.18882443E+15   0.37387576E+01   0.55991357E+15   0.19376797E+15   0.38604640E+01   0.52192512E+15   0.21013004E+10
   0.21000000E+01   0.25118864E+15   0.40042613E+01   0.48127348E+15   0.49946664E+00   0.14708960E+04   0.59887927E+14   0.31785484E+16   0.12473378E+00   0.14371854E+04   0.23771433E+15   0.37379301E+01   0.55991357E+15   0.24393863E+15   0.38596138E+01   0.52192512E+15   0.21013004E+10
   0.21000000E+01   0.31622777E+15   0.40035281E+01   0.48127348E+15   0.53931167E+00   0.15882369E+04   0.75405347E+14   0.31772625E+16   0.13470910E+00   0.15518074E+04   0.29926299E+15   0.37372389E+01   0.55991357E+15   0.30709972E+15   0.38589036E+01   0.52192512E+15   0.21013004E+10
   0.21000000E+01   0.39810717E+15   0.40029174E+01   0.48127348E+15   0.58233534E+00   0.17149388E+04   0.94941155E+14   0.31761917E+16   0.14547773E+00   0.16755763E+04   0.37674808E+15   0.37366632E+01   0.55991357E+15   0.38661478E+15   0.38583121E+01   0.52192512E+15   0.21013004E+10
   0.21000000E+01   0.50118723E+15   0.40024095E+01   0.48127348E+15   0.62879124E+00   0.18517483E+04   0.11953582E+15   0.31753013E+16   0.15710318E+00   0.18092216E+04   0.47429595E+15   0.37361844E+01   0.55991357E+15   0.48671827E+15   0.38578202E+01   0.52192512E+15   0.21013004E+10
   0.21000000E+01   0.63095734E+15   0.40019878E+01   0.48127348E+15   0.67895316E+00   0.19994719E+04   0.15049922E+15   0.31745623E+16   0.16965398E+00   0.19535310E+04   0.59710136E+15   0.37357869E+01   0.55991357E+15   0.61274105E+15   0.38574118E+01   0.52192512E+15   0.21013004E+10
   0.21000000E+01   0.79432823E+15   0.40016385E+01   0.48127348E+15   0.73311676E+00   0.21589800E+04   0.18948036E+15   0.31739500E+16   0.18320414E+00   0.21093549E+04   0.75170413E+15   0.37354576E+01   0.55991357E+15   0.77139429E+15   0.38570734E+01   0.52192512E+15   0.21013004E+10
   0.21000000E+01   0.10000000E+16   0.40013495E+01   0.48127348E+15   0.79160127E+00   0.23312130E+04   0.23855526E+15   0.31734437E+16   0.19783357E+00   0.22776118E+04   0.94633740E+15   0.37351852E+01   0.55991357E+15   0.97112685E+15   0.38567935E+01   0.52192512E+15   0.21013004E+10
   0.21000000E+01   0.12589254E+16   0.40011111E+01   0.48127348E+15   0.85475139E+00   0.25171859E+04   0.30033743E+15   0.31730259E+16   0.21362851E+00   0.24592933E+04   0.11913661E+16   0.37349604E+01   0.55991357E+15   0.12225752E+16   0.38565626E+01   0.52192512E+15   0.21013004E+10
   0.21000000E+01   0.15848932E+16   0.40009145E+01   0.48127348E+15   0.92293932E+00   0.27179948E+04   0.37811712E+15   0.31726813E+16   0.23068209E+00   0.26554702E+04   0.14998389E+16   0.37347751E+01   0.55991357E+15   0.15391299E+16   0.38563721E+01   0.52192512E+15   0.21013004E+10
   0.21000000E+01   0.19952623E+16   0.40007525E+01   0.48127348E+15   0.99656695E+00   0.29348233E+04   0.47603649E+15   0.31723975E+16   0.24909488E+00   0.28672986E+04   0.18881830E+16   0.37346224E+01   0.55991357E+15   0.19376486E+16   0.38562152E+01   0.52192512E+15   0.21013004E+10
   0.21000000E+01   0.25118864E+16   0.40006196E+01   0.48127348E+15   0.10760682E+01   0.31689493E+04   0.59931017E+15   0.31721647E+16   0.26897540E+00   0.30960271E+04   0.23770792E+16   0.37344971E+01   0.55991357E+15   0.24393538E+16   0.38560865E+01   0.52192512E+15   0.21013004E+10
   0.21000000E+01   0.31622777E+16   0.40005103E+01   0.48127348E+15   0.11619118E+01   0.34217528E+04   0.75450310E+15   0.31719732E+16   0.29044089E+00   0.33430036E+04   0.29925630E+16   0.37343940E+01   0.55991357E+15   0.30709633E+16   0.38559806E+01   0.52192512E+15   0.21013004E+10
   0.21000000E+01   0.39810717E+16   0.40004205E+01   0.48127348E+15   0.12546035E+01   0.36947237E+04   0.94987999E+15   0.31718159E+16   0.31361790E+00   0.36096837E+04   0.37674112E+16   0.37343094E+01   0.55991357E+15   0.38661125E+16   0.38558936E+01   0.52192512E+15   0.21013004E+10
   0.21000000E+01   0.50118723E+16   0.40003471E+01   0.48127348E+15   0.13546897E+01   0.39894708E+04   0.11958454E+16   0.31716874E+16   0.33864303E+00   0.38976393E+04   0.47428871E+16   0.37342402E+01   0.55991357E+15   0.48671459E+16   0.38558226E+01   0.52192512E+15   0.21013004E+10
   0.21000000E+01   0.63095734E+16   0.40002869E+01   0.48127348E+15   0.14627602E+01   0.43077315E+04   0.15054981E+16   0.31715819E+16   0.36566384E+00   0.42085675E+04   0.59709384E+16   0.37341834E+01   0.55991357E+15   0.61273724E+16   0.38557642E+01   0.52192512E+15   0.21013004E+10
   0.21000000E+01   0.79432823E+16   0.40002374E+01   0.48127348E+15   0.15794522E+01   0.46513815E+04   0.18953283E+16   0.31714953E+16   0.39483961E+00   0.45443008E+04   0.75169633E+16   0.37341368E+01   0.55991357E+15   0.77139034E+16   0.38557163E+01   0.52192512E+15   0.21013004E+10
   0.21000000E+01   0.10000000E+17   0.40001971E+01   0.48127348E+15   0.17054532E+01   0.50224462E+04   0.23860960E+16   0.31714247E+16   0.42634230E+00   0.49068180E+04   0.94632933E+16   0.37340988E+01   0.55991357E+15   0.97112276E+16   0.38556773E+01   0.52192512E+15   0.21013004E+10
   0.21000000E+01   0.12589254E+17   0.40001640E+01   0.48127348E+15   0.18415060E+01   0.54231127E+04   0.30039365E+16   0.31713666E+16   0.46035764E+00   0.52982556E+04   0.11913578E+17   0.37340676E+01   0.55991357E+15   0.12225710E+17   0.38556452E+01   0.52192512E+15   0.21013004E+10
