         1        92   0.25000000E+01   0.31562220E+00   0.68437780E+00   0.82883870E+00   0.96580000E+00   0.22242000E-01  ---------------   0.27255000E+01  ---------------      0.67238290E+00                                 
   0.25000000E+01   0.10000000E+08   0.61985126E+01   0.68503268E+15   0.15161192E-02   0.53268261E+01   0.17356989E+07   0.12217392E+17   0.24459404E-03   0.55252184E+01   0.95981680E+07   0.58326974E+01   0.78913945E+15   0.97378518E+07   0.59580373E+01   0.75115101E+15   0.17577907E+10
   0.25000000E+01   0.12589254E+08   0.61499585E+01   0.68503268E+15   0.16370679E-02   0.57517746E+01   0.21966127E+07   0.11995317E+17   0.26619170E-03   0.59581948E+01   0.12081361E+08   0.57866870E+01   0.78913945E+15   0.12257864E+08   0.59111475E+01   0.75115101E+15   0.17577907E+10
   0.25000000E+01   0.15848932E+08   0.61015336E+01   0.68503268E+15   0.17676653E-02   0.62106233E+01   0.27800435E+07   0.11776338E+17   0.28970836E-03   0.64251088E+01   0.15207028E+08   0.57408072E+01   0.78913945E+15   0.15430061E+08   0.58643907E+01   0.75115101E+15   0.17577907E+10
   0.25000000E+01   0.19952623E+08   0.60521842E+01   0.68503268E+15   0.19086811E-02   0.67060768E+01   0.35190039E+07   0.11555742E+17   0.31537061E-03   0.69284242E+01   0.19141365E+08   0.56940632E+01   0.78913945E+15   0.19423307E+08   0.58167608E+01   0.75115101E+15   0.17577907E+10
   0.25000000E+01   0.25118864E+08   0.60029199E+01   0.68503268E+15   0.20609464E-02   0.72410552E+01   0.44546208E+07   0.11338094E+17   0.34332399E-03   0.74711679E+01   0.24093312E+08   0.56473829E+01   0.78913945E+15   0.24449706E+08   0.57691936E+01   0.75115101E+15   0.17577907E+10
   0.25000000E+01   0.31622777E+08   0.59539356E+01   0.68503268E+15   0.22253587E-02   0.78187115E+01   0.56391717E+07   0.11124215E+17   0.37376265E-03   0.80564722E+01   0.30326304E+08   0.56009686E+01   0.78913945E+15   0.30776729E+08   0.57218917E+01   0.75115101E+15   0.17577907E+10
   0.25000000E+01   0.39810717E+08   0.59049505E+01   0.68503268E+15   0.24028871E-02   0.84424505E+01   0.71391675E+07   0.10912846E+17   0.40692756E-03   0.86876124E+01   0.38172118E+08   0.55545753E+01   0.78913945E+15   0.38741411E+08   0.56746108E+01   0.75115101E+15   0.17577907E+10
   0.25000000E+01   0.50118723E+08   0.58552727E+01   0.68503268E+15   0.25945778E-02   0.91159483E+01   0.90394711E+07   0.10701042E+17   0.44311818E-03   0.93680010E+01   0.48047138E+08   0.55075123E+01   0.78913945E+15   0.48767064E+08   0.56266600E+01   0.75115101E+15   0.17577907E+10
   0.25000000E+01   0.63095734E+08   0.58057373E+01   0.68503268E+15   0.28015606E-02   0.98431746E+01   0.11446186E+08   0.10492394E+17   0.48255037E-03   0.10101695E+02   0.60476475E+08   0.54605793E+01   0.78913945E+15   0.61386510E+08   0.55788289E+01   0.75115101E+15   0.17577907E+10
   0.25000000E+01   0.79432823E+08   0.57562209E+01   0.68503268E+15   0.30250556E-02   0.10628415E+02   0.14494645E+08   0.10286357E+17   0.52552806E-03   0.10892838E+02   0.76121067E+08   0.54136676E+01   0.78913945E+15   0.77271463E+08   0.55310193E+01   0.75115101E+15   0.17577907E+10
   0.25000000E+01   0.10000000E+09   0.57069328E+01   0.68503268E+15   0.32663799E-02   0.11476299E+02   0.18355790E+08   0.10083772E+17   0.57235297E-03   0.11745994E+02   0.95813571E+08   0.53669920E+01   0.78913945E+15   0.97267859E+08   0.54834500E+01   0.75115101E+15   0.17577907E+10
   0.25000000E+01   0.12589254E+09   0.56571460E+01   0.68503268E+15   0.35269559E-02   0.12391823E+02   0.23248556E+08   0.98816576E+16   0.62345146E-03   0.12665778E+02   0.12059887E+09   0.53198287E+01   0.78913945E+15   0.12243827E+09   0.54353952E+01   0.75115101E+15   0.17577907E+10
   0.25000000E+01   0.15848932E+09   0.56072272E+01   0.68503268E+15   0.38083194E-02   0.13380382E+02   0.29448165E+08   0.96815384E+16   0.67918050E-03   0.13657516E+02   0.15179481E+09   0.52725371E+01   0.78913945E+15   0.15412045E+09   0.53871978E+01   0.75115101E+15   0.17577907E+10
   0.25000000E+01   0.19952623E+09   0.55577128E+01   0.68503268E+15   0.41121287E-02   0.14447804E+02   0.37301963E+08   0.94855315E+16   0.73989585E-03   0.14727050E+02   0.19106010E+09   0.52256295E+01   0.78913945E+15   0.19400054E+09   0.53393915E+01   0.75115101E+15   0.17577907E+10
   0.25000000E+01   0.25118864E+09   0.55084231E+01   0.68503268E+15   0.44401744E-02   0.15600380E+02   0.47252642E+08   0.92928654E+16   0.80606996E-03   0.15880416E+02   0.24048412E+09   0.51789526E+01   0.78913945E+15   0.24420202E+09   0.52918199E+01   0.75115101E+15   0.17577907E+10
   0.25000000E+01   0.31622777E+09   0.54583026E+01   0.68503268E+15   0.47943900E-02   0.16844903E+02   0.59868794E+08   0.90994472E+16   0.87836648E-03   0.17123699E+02   0.30269076E+09   0.51314863E+01   0.78913945E+15   0.30739302E+09   0.52434479E+01   0.75115101E+15   0.17577907E+10
   0.25000000E+01   0.39810717E+09   0.54087813E+01   0.68503268E+15   0.51768633E-02   0.18188708E+02   0.75853700E+08   0.89108001E+16   0.95712195E-03   0.18464602E+02   0.38098544E+09   0.50845758E+01   0.78913945E+15   0.38693312E+09   0.51956441E+01   0.75115101E+15   0.17577907E+10
   0.25000000E+01   0.50118723E+09   0.53594083E+01   0.68503268E+15   0.55898484E-02   0.19639715E+02   0.96112556E+08   0.87251388E+16   0.10429973E-02   0.19910569E+02   0.47953078E+09   0.50378070E+01   0.78913945E+15   0.48705218E+09   0.51479781E+01   0.75115101E+15   0.17577907E+10
   0.25000000E+01   0.63095734E+09   0.53101006E+01   0.68503268E+15   0.60357794E-02   0.21206477E+02   0.12179118E+09   0.85421221E+16   0.11366601E-02   0.21469791E+02   0.60356461E+09   0.49911028E+01   0.78913945E+15   0.61307657E+09   0.51003777E+01   0.75115101E+15   0.17577907E+10
   0.25000000E+01   0.79432823E+09   0.52606786E+01   0.68503268E+15   0.65172847E-02   0.22898227E+02   0.15434592E+09   0.83610750E+16   0.12388677E-02   0.23151030E+02   0.75968397E+09   0.49443052E+01   0.78913945E+15   0.77171416E+09   0.50526817E+01   0.75115101E+15   0.17577907E+10
   0.25000000E+01   0.10000000E+10   0.52115026E+01   0.68503268E+15   0.70372022E-02   0.24724937E+02   0.19561299E+09   0.81832954E+16   0.13503212E-02   0.24964077E+02   0.95618322E+09   0.48977413E+01   0.78913945E+15   0.97139877E+09   0.50052236E+01   0.75115101E+15   0.17577907E+10
   0.25000000E+01   0.12589254E+10   0.51631275E+01   0.68503268E+15   0.75985961E-02   0.26697373E+02   0.24790790E+09   0.80107022E+16   0.14717041E-02   0.26919695E+02   0.12034982E+10   0.48519223E+01   0.78913945E+15   0.12227487E+10   0.49585337E+01   0.75115101E+15   0.17577907E+10
   0.25000000E+01   0.15848932E+10   0.51141611E+01   0.68503268E+15   0.82047754E-02   0.28827160E+02   0.31423680E+09   0.78383012E+16   0.16043248E-02   0.29028031E+02   0.15147717E+10   0.48055450E+01   0.78913945E+15   0.15391213E+10   0.49112650E+01   0.75115101E+15   0.17577907E+10
   0.25000000E+01   0.19952623E+10   0.50658851E+01   0.68503268E+15   0.88593127E-02   0.31126851E+02   0.39830967E+09   0.76705856E+16   0.17488183E-02   0.31302086E+02   0.19065521E+10   0.47598223E+01   0.78913945E+15   0.19373509E+10   0.48646632E+01   0.75115101E+15   0.17577907E+10
   0.25000000E+01   0.25118864E+10   0.50181855E+01   0.68503268E+15   0.95660658E-02   0.33610001E+02   0.50487992E+09   0.75070606E+16   0.19062798E-02   0.33754830E+02   0.23996734E+10   0.47146552E+01   0.78913945E+15   0.24386294E+10   0.48186272E+01   0.75115101E+15   0.17577907E+10
   0.25000000E+01   0.31622777E+10   0.49704921E+01   0.68503268E+15   0.10329200E-01   0.36291244E+02   0.64002136E+09   0.73457188E+16   0.20781042E-02   0.36399782E+02   0.30203371E+10   0.46694999E+01   0.78913945E+15   0.30696137E+10   0.47726029E+01   0.75115101E+15   0.17577907E+10
   0.25000000E+01   0.39810717E+10   0.49234237E+01   0.68503268E+15   0.11153214E-01   0.39186384E+02   0.81133655E+09   0.71886007E+16   0.22653370E-02   0.39252680E+02   0.38015264E+10   0.46249360E+01   0.78913945E+15   0.38638611E+10   0.47271828E+01   0.75115101E+15   0.17577907E+10
   0.25000000E+01   0.50118723E+10   0.48769377E+01   0.68503268E+15   0.12042963E-01   0.42312484E+02   0.10285133E+10   0.70354716E+16   0.24693699E-02   0.42329885E+02   0.47847246E+10   0.45809129E+01   0.78913945E+15   0.48635910E+10   0.46823179E+01   0.75115101E+15   0.17577907E+10
   0.25000000E+01   0.63095734E+10   0.48311064E+01   0.68503268E+15   0.13003693E-01   0.45687969E+02   0.13038144E+10   0.68864791E+16   0.26916594E-02   0.45649186E+02   0.60222064E+10   0.45375106E+01   0.78913945E+15   0.61219621E+10   0.46380792E+01   0.75115101E+15   0.17577907E+10
   0.25000000E+01   0.79432823E+10   0.47855791E+01   0.68503268E+15   0.14041064E-01   0.49332734E+02   0.16528795E+10   0.67404109E+16   0.29340366E-02   0.49229229E+02   0.75797240E+10   0.44943975E+01   0.78913945E+15   0.77059046E+10   0.45941347E+01   0.75115101E+15   0.17577907E+10
   0.25000000E+01   0.10000000E+11   0.47413897E+01   0.68503268E+15   0.15161192E-01   0.53268261E+02   0.20951555E+10   0.66004706E+16   0.31976263E-02   0.53092048E+02   0.95401762E+10   0.44525653E+01   0.78913945E+15   0.96997674E+10   0.45514954E+01   0.75115101E+15   0.17577907E+10
   0.25000000E+01   0.12589254E+11   0.46974840E+01   0.68503268E+15   0.16370679E-01   0.57517746E+02   0.26558938E+10   0.64632103E+16   0.34849888E-02   0.57258486E+02   0.12007670E+11   0.44110035E+01   0.78913945E+15   0.12209523E+11   0.45091314E+01   0.75115101E+15   0.17577907E+10
   0.25000000E+01   0.15848932E+11   0.46547248E+01   0.68503268E+15   0.17676653E-01   0.62106233E+02   0.33663914E+10   0.63312331E+16   0.37975720E-02   0.61753915E+02   0.15113322E+11   0.43705205E+01   0.78913945E+15   0.15368677E+11   0.44678733E+01   0.75115101E+15   0.17577907E+10
   0.25000000E+01   0.19952623E+11   0.46129905E+01   0.68503268E+15   0.19086811E-01   0.67060768E+02   0.42666238E+10   0.62040274E+16   0.41376219E-02   0.66604255E+02   0.19022154E+11   0.43310012E+01   0.78913945E+15   0.19345080E+11   0.44275902E+01   0.75115101E+15   0.17577907E+10
   0.25000000E+01   0.25118864E+11   0.45721642E+01   0.68503268E+15   0.20609464E-01   0.72410552E+02   0.54072488E+10   0.60811187E+16   0.45075949E-02   0.71837456E+02   0.23942006E+11   0.42923439E+01   0.78913945E+15   0.24350361E+11   0.43881854E+01   0.75115101E+15   0.17577907E+10
   0.25000000E+01   0.31622777E+11   0.45324481E+01   0.68503268E+15   0.22253587E-01   0.78187115E+02   0.68521112E+10   0.59629972E+16   0.49098383E-02   0.77484317E+02   0.30134737E+11   0.42547543E+01   0.78913945E+15   0.30651082E+11   0.43498685E+01   0.75115101E+15   0.17577907E+10
   0.25000000E+01   0.39810717E+11   0.44942918E+01   0.68503268E+15   0.24028871E-01   0.84424505E+02   0.86814747E+10   0.58508501E+16   0.53465311E-02   0.83578757E+02   0.37929417E+11   0.42186403E+01   0.78913945E+15   0.38582293E+11   0.43130579E+01   0.75115101E+15   0.17577907E+10
   0.25000000E+01   0.50118723E+11   0.44569375E+01   0.68503268E+15   0.25945778E-01   0.91159483E+02   0.10998571E+11   0.57423224E+16   0.58214363E-02   0.90154677E+02   0.47739755E+11   0.41832689E+01   0.78913945E+15   0.48565233E+11   0.42770046E+01   0.75115101E+15   0.17577907E+10
   0.25000000E+01   0.63095734E+11   0.44214419E+01   0.68503268E+15   0.28015606E-01   0.98431746E+02   0.13930681E+11   0.56403466E+16   0.63363055E-02   0.97253072E+02   0.60088284E+11   0.41496649E+01   0.78913945E+15   0.61131670E+11   0.42427491E+01   0.75115101E+15   0.17577907E+10
   0.25000000E+01   0.79432823E+11   0.43870130E+01   0.68503268E+15   0.30250556E-01   0.10628415E+03   0.17642394E+11   0.55425031E+16   0.68954790E-02   0.10491359E+03   0.75632001E+11   0.41170862E+01   0.78913945E+15   0.76950708E+11   0.42095384E+01   0.75115101E+15   0.17577907E+10
   0.25000000E+01   0.10000000E+12   0.43544048E+01   0.68503268E+15   0.32663799E-01   0.11476299E+03   0.22337374E+11   0.54507993E+16   0.75013235E-02   0.11318329E+03   0.95196068E+11   0.40862128E+01   0.78913945E+15   0.96862797E+11   0.41780710E+01   0.75115101E+15   0.17577907E+10
   0.25000000E+01   0.12589254E+12   0.43232246E+01   0.68503268E+15   0.35269559E-01   0.12391823E+03   0.28276301E+11   0.53639864E+16   0.81581602E-02   0.12210976E+03   0.11982201E+12   0.40566965E+01   0.78913945E+15   0.12192785E+12   0.41479813E+01   0.75115101E+15   0.17577907E+10
   0.25000000E+01   0.15848932E+12   0.42937010E+01   0.68503268E+15   0.38083194E-01   0.13380382E+03   0.35785598E+11   0.52825709E+16   0.88695496E-02   0.13174634E+03   0.15082113E+12   0.40287628E+01   0.78913945E+15   0.15348160E+12   0.41195070E+01   0.75115101E+15   0.17577907E+10
   0.25000000E+01   0.19952623E+12   0.42658484E+01   0.68503268E+15   0.41121287E-01   0.14447804E+03   0.45277738E+11   0.52064613E+16   0.96396503E-02   0.14215002E+03   0.18983758E+12   0.40023831E+01   0.78913945E+15   0.19319810E+12   0.40926164E+01   0.75115101E+15   0.17577907E+10
   0.25000000E+01   0.25118864E+12   0.42395987E+01   0.68503268E+15   0.44401744E-01   0.15600380E+03   0.57273549E+11   0.51353495E+16   0.10473101E-01   0.15338207E+03   0.23895509E+12   0.39775534E+01   0.78913945E+15   0.24319878E+12   0.40673033E+01   0.75115101E+15   0.17577907E+10
   0.25000000E+01   0.31622777E+12   0.42151184E+01   0.68503268E+15   0.47943900E-01   0.16844903E+03   0.72426934E+11   0.50695697E+16   0.11374271E-01   0.16550970E+03   0.30077716E+12   0.39543694E+01   0.78913945E+15   0.30613601E+12   0.40436721E+01   0.75115101E+15   0.17577907E+10
   0.25000000E+01   0.39810717E+12   0.41921942E+01   0.68503268E+15   0.51768633E-01   0.18188708E+03   0.91566520E+11   0.50084412E+16   0.12348815E-01   0.17860389E+03   0.37860510E+12   0.39326871E+01   0.78913945E+15   0.38536976E+12   0.40215668E+01   0.75115101E+15   0.17577907E+10
   0.25000000E+01   0.50118723E+12   0.41710908E+01   0.68503268E+15   0.55898484E-01   0.19639715E+03   0.11572837E+12   0.49525682E+16   0.13401407E-01   0.19274359E+03   0.47656599E+12   0.39126996E+01   0.78913945E+15   0.48510491E+12   0.40011935E+01   0.75115101E+15   0.17577907E+10
   0.25000000E+01   0.63095734E+12   0.41514804E+01   0.68503268E+15   0.60357794E-01   0.21206477E+03   0.14622892E+12   0.49009911E+16   0.14538861E-01   0.20801117E+03   0.59989108E+12   0.38941526E+01   0.78913945E+15   0.61066782E+12   0.39822881E+01   0.75115101E+15   0.17577907E+10
   0.25000000E+01   0.79432823E+12   0.41335740E+01   0.68503268E+15   0.65172847E-01   0.22898227E+03   0.18471298E+12   0.48541840E+16   0.15766706E-01   0.22449849E+03   0.75512666E+12   0.38771997E+01   0.78913945E+15   0.76872239E+12   0.39650035E+01   0.75115101E+15   0.17577907E+10
   0.25000000E+01   0.10000000E+13   0.41171936E+01   0.68503268E+15   0.70372022E-01   0.24724937E+03   0.23326228E+12   0.48116061E+16   0.17092230E-01   0.24230261E+03   0.95054249E+12   0.38616922E+01   0.78913945E+15   0.96769441E+12   0.39491963E+01   0.75115101E+15   0.17577907E+10
   0.25000000E+01   0.12589254E+13   0.41022360E+01   0.68503268E+15   0.75985961E-01   0.26697373E+03   0.29449718E+12   0.47729265E+16   0.18523059E-01   0.26152874E+03   0.11965563E+13   0.38475493E+01   0.78913945E+15   0.12181898E+13   0.39347787E+01   0.75115101E+15   0.17577907E+10
   0.25000000E+01   0.15848932E+13   0.40888512E+01   0.68503268E+15   0.82047754E-01   0.28827160E+03   0.37170043E+12   0.47384758E+16   0.20066211E-01   0.28229231E+03   0.15062342E+13   0.38348759E+01   0.78913945E+15   0.15335131E+13   0.39218576E+01   0.75115101E+15   0.17577907E+10
   0.25000000E+01   0.19952623E+13   0.40767697E+01   0.68503268E+15   0.88593127E-01   0.31126851E+03   0.46903049E+12   0.47075104E+16   0.21731207E-01   0.30471499E+03   0.18960722E+13   0.38234345E+01   0.78913945E+15   0.19304679E+13   0.39101948E+01   0.75115101E+15   0.17577907E+10
   0.25000000E+01   0.25118864E+13   0.40660092E+01   0.68503268E+15   0.95660658E-01   0.33610001E+03   0.59170110E+12   0.46800353E+16   0.23526916E-01   0.32893031E+03   0.23868509E+13   0.38132561E+01   0.78913945E+15   0.24302131E+13   0.38998194E+01   0.75115101E+15   0.17577907E+10
   0.25000000E+01   0.31622777E+13   0.40565625E+01   0.68503268E+15   0.10329200E+00   0.36291244E+03   0.74627066E+12   0.46559957E+16   0.25462938E-01   0.35508238E+03   0.30046964E+13   0.38043245E+01   0.78913945E+15   0.30593534E+13   0.38907149E+01   0.75115101E+15   0.17577907E+10
   0.25000000E+01   0.39810717E+13   0.40482236E+01   0.68503268E+15   0.11153214E+00   0.39186384E+03   0.94102117E+12   0.46348379E+16   0.27550884E-01   0.38332499E+03   0.37824716E+13   0.37964314E+01   0.78913945E+15   0.38513447E+13   0.38826654E+01   0.75115101E+15   0.17577907E+10
   0.25000000E+01   0.50118723E+13   0.40410226E+01   0.68503268E+15   0.12042963E+00   0.42312484E+03   0.11863371E+13   0.46166145E+16   0.29801772E-01   0.41382642E+03   0.47616000E+13   0.37896121E+01   0.78913945E+15   0.48483875E+13   0.38757141E+01   0.75115101E+15   0.17577907E+10
   0.25000000E+01   0.63095734E+13   0.40348169E+01   0.68503268E+15   0.13003693E+00   0.45687969E+03   0.14953192E+13   0.46009453E+16   0.32228705E-01   0.44676662E+03   0.59942280E+13   0.37837355E+01   0.78913945E+15   0.61035755E+13   0.38697237E+01   0.75115101E+15   0.17577907E+10
   0.25000000E+01   0.79432823E+13   0.40295092E+01   0.68503268E+15   0.14041064E+00   0.49332734E+03   0.18844495E+13   0.45875693E+16   0.34845594E-01   0.48234026E+03   0.75459935E+13   0.37787093E+01   0.78913945E+15   0.76837493E+13   0.38646001E+01   0.75115101E+15   0.17577907E+10
   0.25000000E+01   0.10000000E+14   0.40249951E+01   0.68503268E+15   0.15161192E+00   0.53268261E+03   0.23744792E+13   0.45762119E+16   0.37667605E-01   0.52075733E+03   0.94995545E+13   0.37744379E+01   0.78913945E+15   0.96730813E+13   0.38602460E+01   0.75115101E+15   0.17577907E+10
   0.25000000E+01   0.12589254E+14   0.40211812E+01   0.68503268E+15   0.16370679E+00   0.57517746E+03   0.29915287E+13   0.45666294E+16   0.40711121E-01   0.56224456E+03   0.11958952E+14   0.37708321E+01   0.78913945E+15   0.12177519E+14   0.38565703E+01   0.75115101E+15   0.17577907E+10
   0.25000000E+01   0.15848932E+14   0.40179571E+01   0.68503268E+15   0.17676653E+00   0.62106233E+03   0.37684961E+13   0.45585387E+16   0.43994129E-01   0.60704638E+03   0.15055132E+14   0.37677840E+01   0.78913945E+15   0.15330408E+14   0.38534632E+01   0.75115101E+15   0.17577907E+10
   0.25000000E+01   0.19952623E+14   0.40152162E+01   0.68503268E+15   0.19086811E+00   0.67060768E+03   0.47468120E+13   0.45516671E+16   0.47536197E-01   0.65542651E+03   0.18952970E+14   0.37651926E+01   0.78913945E+15   0.19299647E+14   0.38508216E+01   0.75115101E+15   0.17577907E+10
   0.25000000E+01   0.25118864E+14   0.40129056E+01   0.68503268E+15   0.20609464E+00   0.72410552E+03   0.59785989E+13   0.45458794E+16   0.51357959E-01   0.70767041E+03   0.23860038E+14   0.37630081E+01   0.78913945E+15   0.24296611E+14   0.38485948E+01   0.75115101E+15   0.17577907E+10
   0.25000000E+01   0.31622777E+14   0.40109418E+01   0.68503268E+15   0.22253587E+00   0.78187115E+03   0.75295201E+13   0.45409641E+16   0.55482199E-01   0.76408561E+03   0.30037646E+14   0.37611516E+01   0.78913945E+15   0.30587402E+14   0.38467023E+01   0.75115101E+15   0.17577907E+10
   0.25000000E+01   0.39810717E+14   0.40092730E+01   0.68503268E+15   0.24028871E+00   0.84424505E+03   0.94822207E+13   0.45367895E+16   0.59933236E-01   0.82500459E+03   0.37814769E+14   0.37595739E+01   0.78913945E+15   0.38506983E+14   0.38450926E+01   0.75115101E+15   0.17577907E+10
   0.25000000E+01   0.50118723E+14   0.40078539E+01   0.68503268E+15   0.25945778E+00   0.91159483E+03   0.11940748E+14   0.45332415E+16   0.64737334E-01   0.89078636E+03   0.47605551E+14   0.37582321E+01   0.78913945E+15   0.48477083E+14   0.38437228E+01   0.75115101E+15   0.17577907E+10
   0.25000000E+01   0.63095734E+14   0.40066448E+01   0.68503268E+15   0.28015606E+00   0.98431746E+03   0.15036095E+14   0.45302197E+16   0.69922860E-01   0.96181853E+03   0.59931302E+14   0.37570871E+01   0.78913945E+15   0.61028671E+14   0.38425556E+01   0.75115101E+15   0.17577907E+10
   0.25000000E+01   0.79432823E+14   0.40056176E+01   0.68503268E+15   0.30250556E+00   0.10628415E+04   0.18933158E+14   0.45276535E+16   0.75520329E-01   0.10385198E+04   0.75448466E+14   0.37561143E+01   0.78913945E+15   0.76830159E+14   0.38415640E+01   0.75115101E+15   0.17577907E+10
   0.25000000E+01   0.10000000E+15   0.40047414E+01   0.68503268E+15   0.32663799E+00   0.11476299E+04   0.23839555E+14   0.45254653E+16   0.81562817E-01   0.11213422E+04   0.94983376E+14   0.37552846E+01   0.78913945E+15   0.96723025E+14   0.38407182E+01   0.75115101E+15   0.17577907E+10
   0.25000000E+01   0.12589254E+15   0.40039975E+01   0.68503268E+15   0.35269559E+00   0.12391823E+04   0.30016628E+14   0.45236081E+16   0.88085866E-01   0.12107739E+04   0.11957633E+15   0.37545802E+01   0.78913945E+15   0.12176663E+15   0.38400001E+01   0.75115101E+15   0.17577907E+10
   0.25000000E+01   0.15848932E+15   0.40033658E+01   0.68503268E+15   0.38083194E+00   0.13380382E+04   0.37793408E+14   0.45220312E+16   0.95127939E-01   0.13073419E+04   0.15053697E+15   0.37539819E+01   0.78913945E+15   0.15329463E+15   0.38393903E+01   0.75115101E+15   0.17577907E+10
   0.25000000E+01   0.19952623E+15   0.40028302E+01   0.68503268E+15   0.41121287E+00   0.14447804E+04   0.47584114E+14   0.45206945E+16   0.10273053E+00   0.14116155E+04   0.18951407E+15   0.37534747E+01   0.78913945E+15   0.19298600E+15   0.38388733E+01   0.75115101E+15   0.17577907E+10
   0.25000000E+01   0.25118864E+15   0.40023771E+01   0.68503268E+15   0.44401744E+00   0.15600380E+04   0.59910211E+14   0.45195640E+16   0.11093843E+00   0.15242093E+04   0.23858328E+15   0.37530457E+01   0.78913945E+15   0.24295444E+15   0.38384359E+01   0.75115101E+15   0.17577907E+10
   0.25000000E+01   0.31622777E+15   0.40019939E+01   0.68503268E+15   0.47943900E+00   0.16844903E+04   0.75428196E+14   0.45186081E+16   0.11980003E+00   0.16457869E+04   0.30035771E+15   0.37526829E+01   0.78913945E+15   0.30586095E+15   0.38380661E+01   0.75115101E+15   0.17577907E+10
   0.25000000E+01   0.39810717E+15   0.40016709E+01   0.68503268E+15   0.51768633E+00   0.18188708E+04   0.94964532E+14   0.45178022E+16   0.12936754E+00   0.17770648E+04   0.37812704E+15   0.37523769E+01   0.78913945E+15   0.38505551E+15   0.38377542E+01   0.75115101E+15   0.17577907E+10
   0.25000000E+01   0.50118723E+15   0.40013988E+01   0.68503268E+15   0.55898484E+00   0.19639715E+04   0.11955969E+15   0.45171236E+16   0.13969736E+00   0.19188167E+04   0.47603279E+15   0.37521193E+01   0.78913945E+15   0.48475552E+15   0.38374916E+01   0.75115101E+15   0.17577907E+10
   0.25000000E+01   0.63095734E+15   0.40011702E+01   0.68503268E+15   0.60357794E+00   0.21206477E+04   0.15052353E+15   0.45165534E+16   0.15085035E+00   0.20718783E+04   0.59928876E+15   0.37519028E+01   0.78913945E+15   0.61027036E+15   0.38372709E+01   0.75115101E+15   0.17577907E+10
   0.25000000E+01   0.79432823E+15   0.40009782E+01   0.68503268E+15   0.65172847E+00   0.22898227E+04   0.18950509E+15   0.45160746E+16   0.16289228E+00   0.22371514E+04   0.75445877E+15   0.37517210E+01   0.78913945E+15   0.76828414E+15   0.38370856E+01   0.75115101E+15   0.17577907E+10
   0.25000000E+01   0.10000000E+16   0.40008175E+01   0.68503268E+15   0.70372022E+00   0.24724937E+04   0.23858035E+15   0.45156737E+16   0.17589411E+00   0.24156104E+04   0.94980619E+15   0.37515688E+01   0.78913945E+15   0.96721167E+15   0.38369304E+01   0.75115101E+15   0.17577907E+10
   0.25000000E+01   0.12589254E+16   0.40006829E+01   0.68503268E+15   0.75985961E+00   0.26697373E+04   0.30036285E+15   0.45153382E+16   0.18993248E+00   0.26083069E+04   0.11957340E+16   0.37514414E+01   0.78913945E+15   0.12176465E+16   0.38368006E+01   0.75115101E+15   0.17577907E+10
   0.25000000E+01   0.15848932E+16   0.40005704E+01   0.68503268E+15   0.82047754E+00   0.28827160E+04   0.37814283E+15   0.45150575E+16   0.20509014E+00   0.28163767E+04   0.15053386E+16   0.37513348E+01   0.78913945E+15   0.15329253E+16   0.38366919E+01   0.75115101E+15   0.17577907E+10
   0.25000000E+01   0.19952623E+16   0.40004767E+01   0.68503268E+15   0.88593127E+00   0.31126851E+04   0.47606244E+15   0.45148239E+16   0.22145643E+00   0.30410462E+04   0.18951077E+16   0.37512461E+01   0.78913945E+15   0.19298378E+16   0.38366015E+01   0.75115101E+15   0.17577907E+10
   0.25000000E+01   0.25118864E+16   0.40003984E+01   0.68503268E+15   0.95660658E+00   0.33610001E+04   0.59933637E+15   0.45146287E+16   0.23912783E+00   0.32836394E+04   0.23857979E+16   0.37511720E+01   0.78913945E+15   0.24295209E+16   0.38365259E+01   0.75115101E+15   0.17577907E+10
   0.25000000E+01   0.31622777E+16   0.40003332E+01   0.68503268E+15   0.10329200E+01   0.36291244E+04   0.75452951E+15   0.45144662E+16   0.25820850E+00   0.35455862E+04   0.30035401E+16   0.37511102E+01   0.78913945E+15   0.30585846E+16   0.38364630E+01   0.75115101E+15   0.17577907E+10
   0.25000000E+01   0.39810717E+16   0.40002791E+01   0.68503268E+15   0.11153214E+01   0.39186384E+04   0.94990654E+15   0.45143312E+16   0.27881089E+00   0.38284305E+04   0.37812315E+16   0.37510589E+01   0.78913945E+15   0.38505288E+16   0.38364107E+01   0.75115101E+15   0.17577907E+10
   0.25000000E+01   0.50118723E+16   0.40002338E+01   0.68503268E+15   0.12042963E+01   0.42312484E+04   0.11958722E+16   0.45142184E+16   0.30105648E+00   0.41338393E+04   0.47602868E+16   0.37510161E+01   0.78913945E+15   0.48475275E+16   0.38363670E+01   0.75115101E+15   0.17577907E+10
   0.25000000E+01   0.63095734E+16   0.40001964E+01   0.68503268E+15   0.13003693E+01   0.45687969E+04   0.15055250E+16   0.45141251E+16   0.32507635E+00   0.44636126E+04   0.59928444E+16   0.37509807E+01   0.78913945E+15   0.61026745E+16   0.38363309E+01   0.75115101E+15   0.17577907E+10
   0.25000000E+01   0.79432823E+16   0.40001652E+01   0.68503268E+15   0.14041064E+01   0.49332734E+04   0.18953554E+16   0.45140473E+16   0.35101211E+00   0.48196941E+04   0.75445423E+16   0.37509511E+01   0.78913945E+15   0.76828108E+16   0.38363008E+01   0.75115101E+15   0.17577907E+10
   0.25000000E+01   0.10000000E+17   0.40001392E+01   0.68503268E+15   0.15161192E+01   0.53268261E+04   0.23861233E+16   0.45139826E+16   0.37901662E+00   0.52041825E+04   0.94980142E+16   0.37509265E+01   0.78913945E+15   0.96720845E+16   0.38362757E+01   0.75115101E+15   0.17577907E+10
   0.25000000E+01   0.12589254E+17   0.40001178E+01   0.68503268E+15   0.16370679E+01   0.57517746E+04   0.30039640E+16   0.45139290E+16   0.40925493E+00   0.56193438E+04   0.11957290E+17   0.37509062E+01   0.78913945E+15   0.12176432E+17   0.38362550E+01   0.75115101E+15   0.17577907E+10
