         1        92   0.20000000E+00   0.31562220E+00   0.68437780E+00   0.82883870E+00   0.96580000E+00   0.22242000E-01  ---------------   0.27255000E+01  ---------------      0.67238290E+00                                 
   0.20000000E+00   0.10000000E+08   0.20573775E+02   0.40937193E+14   0.38779104E-02   0.33307061E+01   0.91200468E+06   0.14027732E+17   0.18848804E-03   0.45623841E+01   0.91492702E+07   0.16843098E+02   0.68262238E+14   0.10505117E+08   0.23127641E+02   0.30273795E+14   0.75965113E+10
   0.20000000E+00   0.12589254E+08   0.20376253E+02   0.40937193E+14   0.41872714E-02   0.35964138E+01   0.11529199E+07   0.13684236E+17   0.20549761E-03   0.49128259E+01   0.11514226E+08   0.16679452E+02   0.68262238E+14   0.13227604E+08   0.22907013E+02   0.30273795E+14   0.75965113E+10
   0.20000000E+00   0.15848932E+08   0.20177731E+02   0.40937193E+14   0.45213116E-02   0.38833182E+01   0.14575854E+07   0.13344412E+17   0.22407433E-03   0.52900058E+01   0.14490385E+08   0.16514984E+02   0.68262238E+14   0.16655658E+08   0.22685237E+02   0.30273795E+14   0.75965113E+10
   0.20000000E+00   0.19952623E+08   0.19976783E+02   0.40937193E+14   0.48820000E-02   0.41931106E+01   0.18429607E+07   0.13005922E+17   0.24438369E-03   0.56958314E+01   0.18235671E+08   0.16348527E+02   0.68262238E+14   0.20972290E+08   0.22460766E+02   0.30273795E+14   0.75965113E+10
   0.20000000E+00   0.25118864E+08   0.19771835E+02   0.40937193E+14   0.52714623E-02   0.45276167E+01   0.23305685E+07   0.12666343E+17   0.26661472E-03   0.61323096E+01   0.22948684E+08   0.16178767E+02   0.68262238E+14   0.26407858E+08   0.22231825E+02   0.30273795E+14   0.75965113E+10
   0.20000000E+00   0.31622777E+08   0.19565942E+02   0.40937193E+14   0.56919941E-02   0.48888080E+01   0.29474336E+07   0.12330899E+17   0.29091337E-03   0.66019978E+01   0.28879533E+08   0.16008230E+02   0.68262238E+14   0.33252353E+08   0.22001820E+02   0.30273795E+14   0.75965113E+10
   0.20000000E+00   0.39810717E+08   0.19359121E+02   0.40937193E+14   0.61460738E-02   0.52788135E+01   0.37278932E+07   0.11999655E+17   0.31747691E-03   0.71074016E+01   0.36342831E+08   0.15836932E+02   0.68262238E+14   0.41871015E+08   0.21770773E+02   0.30273795E+14   0.75965113E+10
   0.20000000E+00   0.50118723E+08   0.19147434E+02   0.40937193E+14   0.66363779E-02   0.56999317E+01   0.47158562E+07   0.11666504E+17   0.34659359E-03   0.76507712E+01   0.45734081E+08   0.15661610E+02   0.68262238E+14   0.52723997E+08   0.21534283E+02   0.30273795E+14   0.75965113E+10
   0.20000000E+00   0.63095734E+08   0.18934203E+02   0.40937193E+14   0.71657960E-02   0.61546446E+01   0.59662935E+07   0.11336895E+17   0.37845776E-03   0.82352882E+01   0.57551472E+08   0.15485017E+02   0.68262238E+14   0.66390441E+08   0.21296061E+02   0.30273795E+14   0.75965113E+10
   0.20000000E+00   0.79432823E+08   0.18720833E+02   0.40937193E+14   0.77374485E-02   0.66456324E+01   0.75488838E+07   0.11013026E+17   0.41330686E-03   0.88642147E+01   0.72421799E+08   0.15308317E+02   0.68262238E+14   0.83599677E+08   0.21057675E+02   0.30273795E+14   0.75965113E+10
   0.20000000E+00   0.10000000E+09   0.18505248E+02   0.40937193E+14   0.83547047E-02   0.71757888E+01   0.95525116E+07   0.10691798E+17   0.45147759E-03   0.95406044E+01   0.91133180E+08   0.15129791E+02   0.68262238E+14   0.10527045E+09   0.20816808E+02   0.30273795E+14   0.75965113E+10
   0.20000000E+00   0.12589254E+09   0.18288794E+02   0.40937193E+14   0.90212027E-02   0.77482385E+01   0.12089181E+08   0.10375296E+17   0.49326395E-03   0.10268191E+02   0.11467774E+09   0.14950554E+02   0.68262238E+14   0.13255946E+09   0.20574962E+02   0.30273795E+14   0.75965113E+10
   0.20000000E+00   0.15848932E+09   0.18073112E+02   0.40937193E+14   0.97408706E-02   0.83663555E+01   0.15300455E+08   0.10065877E+17   0.53897030E-03   0.11051086E+02   0.14430407E+09   0.14771966E+02   0.68262238E+14   0.16692314E+09   0.20333971E+02   0.30273795E+14   0.75965113E+10
   0.20000000E+00   0.19952623E+09   0.17855534E+02   0.40937193E+14   0.10517950E-01   0.90337829E+01   0.19367338E+08   0.97597097E+16   0.58905828E-03   0.11892990E+02   0.18158172E+09   0.14591818E+02   0.68262238E+14   0.21019643E+09   0.20090852E+02   0.30273795E+14   0.75965113E+10
   0.20000000E+00   0.25118864E+09   0.17637056E+02   0.40937193E+14   0.11357021E-01   0.97544544E+01   0.24517976E+08   0.94582628E+16   0.64392952E-03   0.12798479E+02   0.22848651E+09   0.14410934E+02   0.68262238E+14   0.26468949E+09   0.19846720E+02   0.30273795E+14   0.75965113E+10
   0.20000000E+00   0.31622777E+09   0.17419152E+02   0.40937193E+14   0.12263030E-01   0.10532618E+02   0.31040835E+08   0.91635313E+16   0.70399692E-03   0.13772619E+02   0.28750488E+09   0.14230536E+02   0.68262238E+14   0.33331126E+09   0.19603220E+02   0.30273795E+14   0.75965113E+10
   0.20000000E+00   0.39810717E+09   0.17199431E+02   0.40937193E+14   0.13241315E-01   0.11372859E+02   0.39304718E+08   0.88722827E+16   0.76986934E-03   0.14820028E+02   0.36176246E+09   0.14048645E+02   0.68262238E+14   0.41972658E+09   0.19357680E+02   0.30273795E+14   0.75965113E+10
   0.20000000E+00   0.50118723E+09   0.16978830E+02   0.40937193E+14   0.14297643E-01   0.12280131E+02   0.49774840E+08   0.85858162E+16   0.84208646E-03   0.15946369E+02   0.45519378E+09   0.13866038E+02   0.68262238E+14   0.52854991E+09   0.19111150E+02   0.30273795E+14   0.75965113E+10
   0.20000000E+00   0.63095734E+09   0.16759178E+02   0.40937193E+14   0.15438239E-01   0.13259780E+02   0.63038960E+08   0.83064527E+16   0.92118120E-03   0.17158021E+02   0.57275188E+09   0.13684241E+02   0.68262238E+14   0.66559294E+09   0.18865689E+02   0.30273795E+14   0.75965113E+10
   0.20000000E+00   0.79432823E+09   0.16536690E+02   0.40937193E+14   0.16669828E-01   0.14317581E+02   0.79852588E+08   0.80294014E+16   0.10080511E-02   0.18460287E+02   0.72065754E+09   0.13500113E+02   0.68262238E+14   0.83817685E+09   0.18617050E+02   0.30273795E+14   0.75965113E+10
   0.20000000E+00   0.10000000E+10   0.16314459E+02   0.40937193E+14   0.17999666E-01   0.15459768E+02   0.10116140E+09   0.77585639E+16   0.11032953E-02   0.19860801E+02   0.90674460E+09   0.13316196E+02   0.68262238E+14   0.10555135E+10   0.18368669E+02   0.30273795E+14   0.75965113E+10
   0.20000000E+00   0.12589254E+10   0.16092448E+02   0.40937193E+14   0.19435592E-01   0.16693074E+02   0.12817063E+09   0.74938210E+16   0.12077461E-02   0.21366906E+02   0.11408668E+10   0.13132466E+02   0.68262238E+14   0.13292129E+10   0.18120522E+02   0.30273795E+14   0.75965113E+10
   0.20000000E+00   0.15848932E+10   0.15867800E+02   0.40937193E+14   0.20986069E-01   0.18024767E+02   0.16242325E+09   0.72318069E+16   0.13225569E-02   0.22985403E+02   0.14354105E+10   0.12946567E+02   0.68262238E+14   0.16739007E+10   0.17869416E+02   0.30273795E+14   0.75965113E+10
   0.20000000E+00   0.19952623E+10   0.15644072E+02   0.40937193E+14   0.22660237E-01   0.19462695E+02   0.20585010E+09   0.69766818E+16   0.14484871E-02   0.24725975E+02   0.18059840E+10   0.12761457E+02   0.68262238E+14   0.21079912E+10   0.17619346E+02   0.30273795E+14   0.75965113E+10
   0.20000000E+00   0.25118864E+10   0.15419008E+02   0.40937193E+14   0.24467961E-01   0.21015335E+02   0.26093267E+09   0.67258350E+16   0.15868699E-02   0.26596762E+02   0.22721875E+10   0.12575261E+02   0.68262238E+14   0.26546833E+10   0.17367784E+02   0.30273795E+14   0.75965113E+10
   0.20000000E+00   0.31622777E+10   0.15193117E+02   0.40937193E+14   0.26419896E-01   0.22691837E+02   0.33080836E+09   0.64798592E+16   0.17389385E-02   0.28607594E+02   0.28586738E+10   0.12388373E+02   0.68262238E+14   0.33431689E+10   0.17115256E+02   0.30273795E+14   0.75965113E+10
   0.20000000E+00   0.39810717E+10   0.14967953E+02   0.40937193E+14   0.28527548E-01   0.24502082E+02   0.41944627E+09   0.62403944E+16   0.19059084E-02   0.30769636E+02   0.35964932E+10   0.12202103E+02   0.68262238E+14   0.42102398E+10   0.16863528E+02   0.30273795E+14   0.75965113E+10
   0.20000000E+00   0.50118723E+10   0.14740164E+02   0.40937193E+14   0.30803337E-01   0.26456739E+02   0.53195790E+09   0.60038888E+16   0.20897554E-02   0.33092235E+02   0.45246623E+10   0.12013703E+02   0.68262238E+14   0.53022970E+10   0.16608895E+02   0.30273795E+14   0.75965113E+10
   0.20000000E+00   0.63095734E+10   0.14513603E+02   0.40937193E+14   0.33260679E-01   0.28567330E+02   0.67472704E+09   0.57743388E+16   0.22916900E-02   0.35589454E+02   0.56922507E+10   0.11826305E+02   0.68262238E+14   0.66776208E+10   0.16355590E+02   0.30273795E+14   0.75965113E+10
   0.20000000E+00   0.79432823E+10   0.14285106E+02   0.40937193E+14   0.35914055E-01   0.30846293E+02   0.85600672E+09   0.55485051E+16   0.25140909E-02   0.38272189E+02   0.71609702E+10   0.11637328E+02   0.68262238E+14   0.84097704E+10   0.16100100E+02   0.30273795E+14   0.75965113E+10
   0.20000000E+00   0.10000000E+11   0.14057008E+02   0.40937193E+14   0.38779104E-01   0.33307061E+02   0.10861596E+10   0.53286943E+16   0.27587025E-02   0.41155662E+02   0.90085214E+10   0.11448711E+02   0.68262238E+14   0.10591427E+11   0.15845093E+02   0.30273795E+14   0.75965113E+10
   0.20000000E+00   0.12589254E+11   0.13827957E+02   0.40937193E+14   0.41872714E-01   0.35964138E+02   0.13784816E+10   0.51135615E+16   0.30281200E-02   0.44253655E+02   0.11332433E+11   0.11259305E+02   0.68262238E+14   0.13339071E+11   0.15588953E+02   0.30273795E+14   0.75965113E+10
   0.20000000E+00   0.15848932E+11   0.13598655E+02   0.40937193E+14   0.45213116E-01   0.38833182E+02   0.17498148E+10   0.49037504E+16   0.33248228E-02   0.47582472E+02   0.14255588E+11   0.11069725E+02   0.68262238E+14   0.16799830E+11   0.15332559E+02   0.30273795E+14   0.75965113E+10
   0.20000000E+00   0.19952623E+11   0.13369186E+02   0.40937193E+14   0.48820000E-01   0.41931106E+02   0.22216168E+10   0.46992923E+16   0.36516809E-02   0.51159156E+02   0.17932279E+11   0.10880010E+02   0.68262238E+14   0.21158608E+11   0.15075939E+02   0.30273795E+14   0.75965113E+10
   0.20000000E+00   0.25118864E+11   0.13138633E+02   0.40937193E+14   0.52714623E-01   0.45276167E+02   0.28213116E+10   0.44993522E+16   0.40121849E-02   0.55000958E+02   0.22556692E+11   0.10689428E+02   0.68262238E+14   0.26648763E+11   0.14818114E+02   0.30273795E+14   0.75965113E+10
   0.20000000E+00   0.31622777E+11   0.12908821E+02   0.40937193E+14   0.56919941E-01   0.48888080E+02   0.35835356E+10   0.43054639E+16   0.44093832E-02   0.59129219E+02   0.28372972E+11   0.10499470E+02   0.68262238E+14   0.33563729E+11   0.14561085E+02   0.30273795E+14   0.75965113E+10
   0.20000000E+00   0.39810717E+11   0.12677784E+02   0.40937193E+14   0.61460738E-01   0.52788135E+02   0.45529042E+10   0.41159202E+16   0.48479088E-02   0.63562686E+02   0.35687965E+11   0.10308523E+02   0.68262238E+14   0.42273931E+11   0.14302697E+02   0.30273795E+14   0.75965113E+10
   0.20000000E+00   0.50118723E+11   0.12447304E+02   0.40937193E+14   0.66363779E-01   0.56999317E+02   0.57856921E+10   0.39321458E+16   0.53315787E-02   0.68325836E+02   0.44887744E+11   0.10118055E+02   0.68262238E+14   0.53244734E+11   0.14044876E+02   0.30273795E+14   0.75965113E+10
   0.20000000E+00   0.63095734E+11   0.12215834E+02   0.40937193E+14   0.71657960E-01   0.61546446E+02   0.73543494E+10   0.37528570E+16   0.58659902E-02   0.73440676E+02   0.56457224E+11   0.99267891E+01   0.68262238E+14   0.67064514E+11   0.13785984E+02   0.30273795E+14   0.75965113E+10
   0.20000000E+00   0.79432823E+11   0.11985124E+02   0.40937193E+14   0.77374485E-01   0.66456324E+02   0.93503658E+10   0.35793537E+16   0.64558770E-02   0.78935412E+02   0.71006732E+11   0.97361715E+01   0.68262238E+14   0.84471810E+11   0.13527894E+02   0.30273795E+14   0.75965113E+10
   0.20000000E+00   0.10000000E+12   0.11753998E+02   0.40937193E+14   0.83547047E-01   0.71757888E+02   0.11891457E+11   0.34106754E+16   0.71079683E-02   0.84835964E+02   0.89302882E+11   0.95452351E+01   0.68262238E+14   0.10639902E+12   0.13269317E+02   0.30273795E+14   0.75965113E+10
   0.20000000E+00   0.12589254E+12   0.11522963E+02   0.40937193E+14   0.90212027E-01   0.77482385E+02   0.15127241E+11   0.32471375E+16   0.78288914E-02   0.91172725E+02   0.11230969E+12   0.93543962E+01   0.68262238E+14   0.13402141E+12   0.13010859E+02   0.30273795E+14   0.75965113E+10
   0.20000000E+00   0.15848932E+12   0.11292345E+02   0.40937193E+14   0.97408706E-01   0.83663555E+02   0.19248710E+11   0.30888901E+16   0.86260832E-02   0.97978141E+02   0.14123876E+12   0.91639197E+01   0.68262238E+14   0.16881713E+12   0.12752834E+02   0.30273795E+14   0.75965113E+10
   0.20000000E+00   0.19952623E+12   0.11061209E+02   0.40937193E+14   0.10517950E+00   0.90337829E+02   0.24501119E+11   0.29352298E+16   0.95088616E-02   0.10528437E+03   0.17761245E+12   0.89730391E+01   0.68262238E+14   0.21265038E+12   0.12494197E+02   0.30273795E+14   0.75965113E+10
   0.20000000E+00   0.25118864E+12   0.10831654E+02   0.40937193E+14   0.11357021E+00   0.97544544E+02   0.31194275E+11   0.27874537E+16   0.10485030E-01   0.11313261E+03   0.22334656E+12   0.87834887E+01   0.68262238E+14   0.26786929E+12   0.12237315E+02   0.30273795E+14   0.75965113E+10
   0.20000000E+00   0.31622777E+12   0.10600981E+02   0.40937193E+14   0.12263030E+00   0.10532618E+03   0.39731300E+11   0.26437440E+16   0.11567825E-01   0.12155581E+03   0.28084444E+12   0.85930468E+01   0.68262238E+14   0.33743601E+12   0.11979176E+02   0.30273795E+14   0.75965113E+10
   0.20000000E+00   0.39810717E+12   0.10371867E+02   0.40937193E+14   0.13241315E+00   0.11372859E+03   0.50618359E+11   0.25056902E+16   0.12766568E-01   0.13060270E+03   0.35313237E+12   0.84039214E+01   0.68262238E+14   0.42507785E+12   0.11722768E+02   0.30273795E+14   0.75965113E+10
   0.20000000E+00   0.50118723E+12   0.10143124E+02   0.40937193E+14   0.14297643E+00   0.12280131E+03   0.64511009E+11   0.23724521E+16   0.14095897E-01   0.14031554E+03   0.44400695E+12   0.82151247E+01   0.68262238E+14   0.53549447E+12   0.11466753E+02   0.30273795E+14   0.75965113E+10
   0.20000000E+00   0.63095734E+12   0.99146874E+01   0.40937193E+14   0.15438239E+00   0.13259780E+03   0.82246909E+11   0.22439083E+16   0.15571080E-01   0.15074247E+03   0.55824039E+12   0.80266062E+01   0.68262238E+14   0.67460813E+12   0.11211058E+02   0.30273795E+14   0.75965113E+10
   0.20000000E+00   0.79432823E+12   0.96878823E+01   0.40937193E+14   0.16669828E+00   0.14317581E+03   0.10489159E+12   0.21206826E+16   0.17206885E-01   0.16194010E+03   0.70183400E+12   0.78394603E+01   0.68262238E+14   0.84987900E+12   0.10957167E+02   0.30273795E+14   0.75965113E+10
   0.20000000E+00   0.10000000E+13   0.94611734E+01   0.40937193E+14   0.17999666E+00   0.15459768E+03   0.13382681E+12   0.20018272E+16   0.19024771E-01   0.17395906E+03   0.88231567E+12   0.76524209E+01   0.68262238E+14   0.10707153E+13   0.10703359E+02   0.30273795E+14   0.75965113E+10
   0.20000000E+00   0.12589254E+13   0.92356574E+01   0.40937193E+14   0.19435592E+00   0.16693074E+03   0.17080791E+12   0.18878169E+16   0.21044081E-01   0.18686339E+03   0.11091539E+13   0.74663945E+01   0.68262238E+14   0.13489675E+13   0.10450860E+02   0.30273795E+14   0.75965113E+10
   0.20000000E+00   0.15848932E+13   0.90118874E+01   0.40937193E+14   0.20986069E+00   0.18024767E+03   0.21808620E+12   0.17787868E+16   0.23287097E-01   0.20072045E+03   0.13942447E+13   0.72818423E+01   0.68262238E+14   0.16995731E+13   0.10200296E+02   0.30273795E+14   0.75965113E+10
   0.20000000E+00   0.19952623E+13   0.87887667E+01   0.40937193E+14   0.22660237E+00   0.19462695E+03   0.27857535E+12   0.16740751E+16   0.25783181E-01   0.21559480E+03   0.17525188E+13   0.70978696E+01   0.68262238E+14   0.21413756E+13   0.99504477E+01   0.30273795E+14   0.75965113E+10
   0.20000000E+00   0.25118864E+13   0.85670244E+01   0.40937193E+14   0.24467961E+00   0.21015335E+03   0.35599260E+12   0.15739083E+16   0.28560629E-01   0.23156441E+03   0.22027316E+13   0.69150668E+01   0.68262238E+14   0.26981035E+13   0.97021191E+01   0.30273795E+14   0.75965113E+10
   0.20000000E+00   0.31622777E+13   0.83472276E+01   0.40937193E+14   0.26419896E+00   0.22691837E+03   0.45510892E+12   0.14783952E+16   0.31651103E-01   0.24871298E+03   0.27684207E+13   0.67338814E+01   0.68262238E+14   0.33996701E+13   0.94559445E+01   0.30273795E+14   0.75965113E+10
   0.20000000E+00   0.39810717E+13   0.81292240E+01   0.40937193E+14   0.28527548E+00   0.24502082E+03   0.58207547E+12   0.13873148E+16   0.35092584E-01   0.26712663E+03   0.34791768E+13   0.65542113E+01   0.68262238E+14   0.42837711E+13   0.92117379E+01   0.30273795E+14   0.75965113E+10
   0.20000000E+00   0.50118723E+13   0.79122998E+01   0.40937193E+14   0.30803337E+00   0.26456739E+03   0.74484580E+12   0.13002385E+16   0.38930953E-01   0.28689361E+03   0.43721473E+13   0.63754891E+01   0.68262238E+14   0.53980101E+13   0.89687317E+01   0.30273795E+14   0.75965113E+10
   0.20000000E+00   0.63095734E+13   0.76975877E+01   0.40937193E+14   0.33260679E+00   0.28567330E+03   0.95356584E+12   0.12174834E+16   0.43209224E-01   0.30812172E+03   0.54938907E+13   0.61986031E+01   0.68262238E+14   0.68022935E+13   0.87281761E+01   0.30273795E+14   0.75965113E+10
   0.20000000E+00   0.79432823E+13   0.74852085E+01   0.40937193E+14   0.35914055E+00   0.30846293E+03   0.12213431E+13   0.11389320E+16   0.47980033E-01   0.33092057E+03   0.69030200E+13   0.60236924E+01   0.68262238E+14   0.85721698E+13   0.84901994E+01   0.30273795E+14   0.75965113E+10
   0.20000000E+00   0.10000000E+14   0.72754019E+01   0.40937193E+14   0.38779104E+00   0.33307061E+03   0.15650504E+13   0.10645051E+16   0.53301666E-01   0.35540945E+03   0.86729190E+13   0.58509259E+01   0.68262238E+14   0.10802954E+14   0.82550852E+01   0.30273795E+14   0.75965113E+10
   0.20000000E+00   0.12589254E+14   0.70675403E+01   0.40937193E+14   0.41872714E+00   0.35964138E+03   0.20065808E+13   0.99382513E+15   0.59246515E-01   0.38170876E+03   0.10895785E+14   0.56798078E+01   0.68262238E+14   0.13614802E+14   0.80221198E+01   0.30273795E+14   0.75965113E+10
   0.20000000E+00   0.15848932E+14   0.68621141E+01   0.40937193E+14   0.45213116E+00   0.38833182E+03   0.25740443E+13   0.92691150E+15   0.65888027E-01   0.40995856E+03   0.13687276E+14   0.55107342E+01   0.68262238E+14   0.17159222E+14   0.77918551E+01   0.30273795E+14   0.75965113E+10
   0.20000000E+00   0.19952623E+14   0.66594451E+01   0.40937193E+14   0.48820000E+00   0.41931106E+03   0.33037307E+13   0.86370851E+15   0.73309411E-01   0.44030909E+03   0.17192542E+14   0.53439689E+01   0.68262238E+14   0.21627285E+14   0.75646546E+01   0.30273795E+14   0.75965113E+10
   0.20000000E+00   0.25118864E+14   0.64596015E+01   0.40937193E+14   0.52714623E+00   0.45276167E+03   0.42425835E+13   0.80407400E+15   0.81606618E-01   0.47292003E+03   0.21593691E+14   0.51795719E+01   0.68262238E+14   0.27259842E+14   0.73405832E+01   0.30273795E+14   0.75965113E+10
   0.20000000E+00   0.31622777E+14   0.62630656E+01   0.40937193E+14   0.56919941E+00   0.48888080E+03   0.54510776E+13   0.74798293E+15   0.90881917E-01   0.50796951E+03   0.27119421E+14   0.50179494E+01   0.68262238E+14   0.34360898E+14   0.71202000E+01   0.30273795E+14   0.75965113E+10
   0.20000000E+00   0.39810717E+14   0.60699178E+01   0.40937193E+14   0.61460738E+00   0.52788135E+03   0.70075415E+13   0.69528451E+15   0.10125465E+00   0.54564548E+03   0.34055984E+14   0.48591444E+01   0.68262238E+14   0.43313635E+14   0.69035862E+01   0.30273795E+14   0.75965113E+10
   0.20000000E+00   0.50118723E+14   0.58801739E+01   0.40937193E+14   0.66363779E+00   0.56999317E+03   0.90133970E+13   0.64581400E+15   0.11286023E+00   0.58615029E+03   0.42762920E+14   0.47031822E+01   0.68262238E+14   0.54601274E+14   0.66907504E+01   0.30273795E+14   0.75965113E+10
   0.20000000E+00   0.63095734E+14   0.56941497E+01   0.40937193E+14   0.71657960E+00   0.61546446E+03   0.11599612E+14   0.59948534E+15   0.12584488E+00   0.62970793E+03   0.53691332E+14   0.45503289E+01   0.68262238E+14   0.68833418E+14   0.64820503E+01   0.30273795E+14   0.75965113E+10
   0.20000000E+00   0.79432823E+14   0.55128823E+01   0.40937193E+14   0.77374485E+00   0.66456324E+03   0.14934165E+14   0.55637237E+15   0.14035215E+00   0.67657532E+03   0.67407736E+14   0.44014369E+01   0.68262238E+14   0.86779085E+14   0.62786673E+01   0.30273795E+14   0.75965113E+10
   0.20000000E+00   0.10000000E+15   0.53367633E+01   0.40937193E+14   0.83547047E+00   0.71757888E+03   0.19234369E+14   0.51636905E+15   0.15655003E+00   0.72702206E+03   0.84622143E+14   0.42568185E+01   0.68262238E+14   0.10940733E+15   0.60810300E+01   0.30273795E+14   0.75965113E+10
   0.20000000E+00   0.12589254E+15   0.51668248E+01   0.40937193E+14   0.90212027E+00   0.77482385E+03   0.24778097E+14   0.47949888E+15   0.17459858E+00   0.78135577E+03   0.10622703E+15   0.41173198E+01   0.68262238E+14   0.13793959E+15   0.58902959E+01   0.30273795E+14   0.75965113E+10
   0.20000000E+00   0.15848932E+15   0.50052076E+01   0.40937193E+14   0.97408706E+00   0.83663555E+03   0.31915542E+14   0.44598160E+15   0.19461472E+00   0.83994041E+03   0.13334593E+15   0.39846899E+01   0.68262238E+14   0.17391169E+15   0.57088516E+01   0.30273795E+14   0.75965113E+10
   0.20000000E+00   0.19952623E+15   0.48535553E+01   0.40937193E+14   0.10517950E+01   0.90337829E+03   0.41090225E+14   0.41587892E+15   0.21670609E+00   0.90316875E+03   0.16739368E+15   0.38602804E+01   0.68262238E+14   0.21926267E+15   0.55385823E+01   0.30273795E+14   0.75965113E+10
   0.20000000E+00   0.25118864E+15   0.47139992E+01   0.40937193E+14   0.11357021E+01   0.97544544E+03   0.52854234E+14   0.38931105E+15   0.24092116E+00   0.97148842E+03   0.21015542E+15   0.37458370E+01   0.68262238E+14   0.27642679E+15   0.53818709E+01   0.30273795E+14   0.75965113E+10
   0.20000000E+00   0.31622777E+15   0.45886110E+01   0.40937193E+14   0.12263030E+01   0.10532618E+04   0.67890188E+14   0.36635251E+15   0.26724927E+00   0.10453951E+04   0.26388313E+15   0.36430430E+01   0.68262238E+14   0.34846454E+15   0.52410444E+01   0.30273795E+14   0.75965113E+10
   0.20000000E+00   0.39810717E+15   0.44781226E+01   0.40937193E+14   0.13241315E+01   0.11372859E+04   0.87051613E+14   0.34682725E+15   0.29568897E+00   0.11253978E+04   0.33141654E+15   0.35524929E+01   0.68262238E+14   0.43922656E+15   0.51169273E+01   0.30273795E+14   0.75965113E+10
   0.20000000E+00   0.50118723E+15   0.43830357E+01   0.40937193E+14   0.14297643E+01   0.12280131E+04   0.11139302E+15   0.33054565E+15   0.32620411E+00   0.12120470E+04   0.41633791E+15   0.34745842E+01   0.68262238E+14   0.55356075E+15   0.50101090E+01   0.30273795E+14   0.75965113E+10
   0.20000000E+00   0.63095734E+15   0.43026449E+01   0.40937193E+14   0.15438239E+01   0.13259780E+04   0.14223731E+15   0.31715277E+15   0.35880812E+00   0.13059028E+04   0.52315803E+15   0.34087278E+01   0.68262238E+14   0.69755309E+15   0.49197722E+01   0.30273795E+14   0.75965113E+10
   0.20000000E+00   0.79432823E+15   0.42360273E+01   0.40937193E+14   0.16669828E+01   0.14317581E+04   0.18123289E+15   0.30631038E+15   0.39352502E+00   0.14075620E+04   0.65757279E+15   0.33541762E+01   0.68262238E+14   0.87888734E+15   0.48449231E+01   0.30273795E+14   0.75965113E+10
   0.20000000E+00   0.10000000E+16   0.41817693E+01   0.40937193E+14   0.17999666E+01   0.15459768E+04   0.23044991E+15   0.29764954E+15   0.43043182E+00   0.15176488E+04   0.82673718E+15   0.33097491E+01   0.68262238E+14   0.11072037E+16   0.47839465E+01   0.30273795E+14   0.75965113E+10
   0.20000000E+00   0.12589254E+16   0.41383849E+01   0.40937193E+14   0.19435592E+01   0.16693074E+04   0.29248471E+15   0.29083339E+15   0.46964196E+00   0.16368291E+04   0.10396759E+16   0.32742316E+01   0.68262238E+14   0.13946582E+16   0.47351879E+01   0.30273795E+14   0.75965113E+10
   0.20000000E+00   0.15848932E+16   0.41042542E+01   0.40937193E+14   0.20986069E+01   0.18024767E+04   0.37060726E+15   0.28553878E+15   0.51132480E+00   0.17658090E+04   0.13077355E+16   0.32462857E+01   0.68262238E+14   0.17565386E+16   0.46968196E+01   0.30273795E+14   0.75965113E+10
   0.20000000E+00   0.19952623E+16   0.40778163E+01   0.40937193E+14   0.22660237E+01   0.19462695E+04   0.46893602E+15   0.28147836E+15   0.55569537E+00   0.19053449E+04   0.16452176E+16   0.32246404E+01   0.68262238E+14   0.22121123E+16   0.46671001E+01   0.30273795E+14   0.75965113E+10
   0.20000000E+00   0.25118864E+16   0.40576273E+01   0.40937193E+14   0.24467961E+01   0.21015335E+04   0.59266154E+15   0.27840155E+15   0.60301153E+00   0.20562493E+04   0.20701339E+16   0.32081216E+01   0.68262238E+14   0.27856330E+16   0.46444097E+01   0.30273795E+14   0.75965113E+10
   0.20000000E+00   0.31622777E+16   0.40424018E+01   0.40937193E+14   0.26419896E+01   0.22691837E+04   0.74832699E+15   0.27609483E+15   0.65356928E+00   0.22193975E+04   0.26051176E+16   0.31956639E+01   0.68262238E+14   0.35076305E+16   0.46273018E+01   0.30273795E+14   0.75965113E+10
   0.20000000E+00   0.39810717E+16   0.40310385E+01   0.40937193E+14   0.28527548E+01   0.24502082E+04   0.94417953E+15   0.27438090E+15   0.70769722E+00   0.23957348E+04   0.32786432E+16   0.31863552E+01   0.68262238E+14   0.44164903E+16   0.46145190E+01   0.30273795E+14   0.75965113E+10
   0.20000000E+00   0.50118723E+16   0.40226299E+01   0.40937193E+14   0.30803337E+01   0.26456739E+04   0.11906106E+16   0.27311680E+15   0.76575122E+00   0.25862841E+04   0.41266517E+16   0.31794734E+01   0.68262238E+14   0.55606500E+16   0.46050639E+01   0.30273795E+14   0.75965113E+10
   0.20000000E+00   0.63095734E+16   0.40164512E+01   0.40937193E+14   0.33260679E+01   0.28567330E+04   0.15007093E+16   0.27219021E+15   0.82811111E+00   0.27921529E+04   0.51943167E+16   0.31744207E+01   0.68262238E+14   0.70010399E+16   0.45981211E+01   0.30273795E+14   0.75965113E+10
   0.20000000E+00   0.79432823E+16   0.40119363E+01   0.40937193E+14   0.35914055E+01   0.30846293E+04   0.18909597E+16   0.27151435E+15   0.89518009E+00   0.30145406E+04   0.65384928E+16   0.31707287E+01   0.68262238E+14   0.88143363E+16   0.45930478E+01   0.30273795E+14   0.75965113E+10
   0.20000000E+00   0.10000000E+17   0.40086514E+01   0.40937193E+14   0.38779104E+01   0.33307061E+04   0.23821179E+16   0.27102326E+15   0.96738530E+00   0.32547459E+04   0.82307739E+16   0.31680427E+01   0.68262238E+14   0.11097096E+17   0.45893565E+01   0.30273795E+14   0.75965113E+10
   0.20000000E+00   0.12589254E+17   0.40062705E+01   0.40937193E+14   0.41872714E+01   0.35964138E+04   0.30003169E+16   0.27066765E+15   0.10451794E+01   0.35141747E+04   0.10361291E+17   0.31660959E+01   0.68262238E+14   0.13970876E+17   0.45866810E+01   0.30273795E+14   0.75965113E+10
