         1        92   0.12000000E+01   0.31562220E+00   0.68437780E+00   0.82883870E+00   0.96580000E+00   0.22242000E-01  ---------------   0.27255000E+01  ---------------      0.67238290E+00                                 
   0.12000000E+01   0.10000000E+08   0.10377902E+02   0.18261942E+15   0.23557081E-02   0.42734090E+01   0.12710708E+07   0.11193754E+17   0.22699272E-03   0.49081081E+01   0.95405909E+07   0.95364747E+01   0.22453669E+15   0.99524892E+07   0.10288184E+02   0.18654824E+15   0.34457309E+10
   0.12000000E+01   0.12589254E+08   0.10283285E+02   0.18261942E+15   0.25436351E-02   0.46143209E+01   0.16082413E+07   0.10945211E+17   0.24735628E-03   0.52887049E+01   0.12008527E+08   0.94489087E+01   0.22453669E+15   0.12529213E+08   0.10194323E+02   0.18654824E+15   0.34457309E+10
   0.12000000E+01   0.15848932E+08   0.10188097E+02   0.18261942E+15   0.27465540E-02   0.49824291E+01   0.20350440E+07   0.10698683E+17   0.26958460E-03   0.56986838E+01   0.15114735E+08   0.93608032E+01   0.22453669E+15   0.15773049E+08   0.10099895E+02   0.18654824E+15   0.34457309E+10
   0.12000000E+01   0.19952623E+08   0.10091768E+02   0.18261942E+15   0.29656608E-02   0.53799032E+01   0.25754448E+07   0.10452768E+17   0.29386931E-03   0.61402239E+01   0.19024311E+08   0.92716444E+01   0.22453669E+15   0.19856680E+08   0.10004331E+02   0.18654824E+15   0.34457309E+10
   0.12000000E+01   0.25118864E+08   0.99955841E+01   0.18261942E+15   0.32022469E-02   0.58090859E+01   0.32595469E+07   0.10210784E+17   0.32036616E-03   0.66159239E+01   0.23945066E+08   0.91826226E+01   0.22453669E+15   0.24997442E+08   0.99088966E+01   0.18654824E+15   0.34457309E+10
   0.12000000E+01   0.31622777E+08   0.98995357E+01   0.18261942E+15   0.34577066E-02   0.62725067E+01   0.41256234E+07   0.99726685E+16   0.34927968E-03   0.71284209E+01   0.30138639E+08   0.90937410E+01   0.22453669E+15   0.31469239E+08   0.98136108E+01   0.18654824E+15   0.34457309E+10
   0.12000000E+01   0.39810717E+08   0.98025062E+01   0.18261942E+15   0.37335457E-02   0.67728969E+01   0.52224889E+07   0.97356787E+16   0.38087665E-03   0.76803638E+01   0.37934044E+08   0.90039565E+01   0.22453669E+15   0.39616596E+08   0.97173558E+01   0.18654824E+15   0.34457309E+10
   0.12000000E+01   0.50118723E+08   0.97047877E+01   0.18261942E+15   0.40313900E-02   0.73132059E+01   0.66117357E+07   0.95005978E+16   0.41540218E-03   0.82748201E+01   0.47745459E+08   0.89135343E+01   0.22453669E+15   0.49873264E+08   0.96204170E+01   0.18654824E+15   0.34457309E+10
   0.12000000E+01   0.63095734E+08   0.96072340E+01   0.18261942E+15   0.43529948E-02   0.78966180E+01   0.83711134E+07   0.92694862E+16   0.45309553E-03   0.89152172E+01   0.60094092E+08   0.88232552E+01   0.22453669E+15   0.62785343E+08   0.95236418E+01   0.18654824E+15   0.34457309E+10
   0.12000000E+01   0.79432823E+08   0.95098389E+01   0.18261942E+15   0.47002556E-02   0.85265720E+01   0.10599407E+08   0.90422887E+16   0.49425187E-03   0.96050986E+01   0.75636247E+08   0.87331254E+01   0.22453669E+15   0.79040297E+08   0.94270239E+01   0.18654824E+15   0.34457309E+10
   0.12000000E+01   0.10000000E+09   0.94106811E+01   0.18261942E+15   0.50752193E-02   0.92067807E+01   0.13423369E+08   0.88145883E+16   0.53930414E-03   0.10347825E+02   0.95197313E+08   0.86413680E+01   0.22453669E+15   0.99503512E+08   0.93286569E+01   0.18654824E+15   0.34457309E+10
   0.12000000E+01   0.12589254E+09   0.93116627E+01   0.18261942E+15   0.54800957E-02   0.99412531E+01   0.17001039E+08   0.85908177E+16   0.58851957E-03   0.11147885E+02   0.11981681E+09   0.85497424E+01   0.22453669E+15   0.12526432E+09   0.92304234E+01   0.18654824E+15   0.34457309E+10
   0.12000000E+01   0.15848932E+09   0.92128362E+01   0.18261942E+15   0.59172712E-02   0.10734318E+02   0.21533903E+08   0.83710538E+16   0.64228552E-03   0.12009710E+02   0.15080271E+09   0.84582972E+01   0.22453669E+15   0.15769420E+09   0.91323773E+01   0.18654824E+15   0.34457309E+10
   0.12000000E+01   0.19952623E+09   0.91130766E+01   0.18261942E+15   0.63893225E-02   0.11590650E+02   0.27279411E+08   0.81528113E+16   0.70111585E-03   0.12937722E+02   0.18980063E+09   0.83659921E+01   0.22453669E+15   0.19851986E+09   0.90334075E+01   0.18654824E+15   0.34457309E+10
   0.12000000E+01   0.25118864E+09   0.90126662E+01   0.18261942E+15   0.68990317E-02   0.12515296E+02   0.34562609E+08   0.79367684E+16   0.76548178E-03   0.13937056E+02   0.23888202E+09   0.82730881E+01   0.22453669E+15   0.24991487E+09   0.89337936E+01   0.18654824E+15   0.34457309E+10
   0.12000000E+01   0.31622777E+09   0.89124725E+01   0.18261942E+15   0.74494031E-02   0.13513706E+02   0.43794018E+08   0.77247908E+16   0.83584024E-03   0.15013466E+02   0.30065432E+09   0.81803879E+01   0.22453669E+15   0.31461554E+09   0.88343958E+01   0.18654824E+15   0.34457309E+10
   0.12000000E+01   0.39810717E+09   0.88118712E+01   0.18261942E+15   0.80436805E-02   0.14591764E+02   0.55498162E+08   0.75155427E+16   0.91282320E-03   0.16172649E+02   0.37839821E+09   0.80873153E+01   0.22453669E+15   0.39606672E+09   0.87345966E+01   0.18654824E+15   0.34457309E+10
   0.12000000E+01   0.50118723E+09   0.87101386E+01   0.18261942E+15   0.86853664E-02   0.15755824E+02   0.70342986E+08   0.73075758E+16   0.99715593E-03   0.17420638E+02   0.47624109E+09   0.79931980E+01   0.22453669E+15   0.49860439E+09   0.86336750E+01   0.18654824E+15   0.34457309E+10
   0.12000000E+01   0.63095734E+09   0.86086642E+01   0.18261942E+15   0.93782429E-02   0.17012748E+02   0.89166787E+08   0.71037513E+16   0.10893958E-02   0.18764799E+02   0.59938064E+09   0.78993232E+01   0.22453669E+15   0.62768797E+09   0.85330108E+01   0.18654824E+15   0.34457309E+10
   0.12000000E+01   0.79432823E+09   0.85070796E+01   0.18261942E+15   0.10126394E-01   0.18369943E+02   0.11304143E+09   0.69032955E+16   0.11903490E-02   0.20212353E+02   0.75435564E+09   0.78053508E+01   0.22453669E+15   0.79018995E+09   0.84322394E+01   0.18654824E+15   0.34457309E+10
   0.12000000E+01   0.10000000E+10   0.84042307E+01   0.18261942E+15   0.10934228E-01   0.19835408E+02   0.14333798E+09   0.67039768E+16   0.13010386E-02   0.21770618E+02   0.94939212E+09   0.77102132E+01   0.22453669E+15   0.99476180E+09   0.83302159E+01   0.18654824E+15   0.34457309E+10
   0.12000000E+01   0.12589254E+10   0.83016935E+01   0.18261942E+15   0.11806508E-01   0.21417781E+02   0.18177260E+09   0.65088736E+16   0.14221807E-02   0.23448876E+02   0.11948487E+10   0.76153678E+01   0.22453669E+15   0.12522949E+10   0.82285029E+01   0.18654824E+15   0.34457309E+10
   0.12000000E+01   0.15848932E+10   0.81989215E+01   0.18261942E+15   0.12748374E-01   0.23126387E+02   0.23054593E+09   0.63169142E+16   0.15548843E-02   0.25256019E+02   0.15037557E+10   0.75203094E+01   0.22453669E+15   0.15764990E+10   0.81265565E+01   0.18654824E+15   0.34457309E+10
   0.12000000E+01   0.19952623E+10   0.80950242E+01   0.18261942E+15   0.13765378E-01   0.24971299E+02   0.29246855E+09   0.61264792E+16   0.17004740E-02   0.27201308E+02   0.18925071E+10   0.74242150E+01   0.22453669E+15   0.19846285E+10   0.80234870E+01   0.18654824E+15   0.34457309E+10
   0.12000000E+01   0.25118864E+10   0.79914850E+01   0.18261942E+15   0.14863513E-01   0.26963388E+02   0.37106377E+09   0.59402996E+16   0.18599188E-02   0.29296280E+02   0.23817455E+10   0.73284561E+01   0.22453669E+15   0.24984142E+10   0.79207729E+01   0.18654824E+15   0.34457309E+10
   0.12000000E+01   0.31622777E+10   0.78873788E+01   0.18261942E+15   0.16049253E-01   0.29114397E+02   0.47086645E+09   0.57566944E+16   0.20348018E-02   0.31551719E+02   0.29974156E+10   0.72321634E+01   0.22453669E+15   0.31452067E+10   0.78174964E+01   0.18654824E+15   0.34457309E+10
   0.12000000E+01   0.39810717E+10   0.77825868E+01   0.18261942E+15   0.17329584E-01   0.31437003E+02   0.59763194E+09   0.55754901E+16   0.22267126E-02   0.33979737E+02   0.37721947E+10   0.71352394E+01   0.22453669E+15   0.39594368E+10   0.77135394E+01   0.18654824E+15   0.34457309E+10
   0.12000000E+01   0.50118723E+10   0.76781966E+01   0.18261942E+15   0.18712055E-01   0.33944895E+02   0.75861664E+09   0.53985531E+16   0.24370377E-02   0.36594453E+02   0.47472092E+10   0.70386910E+01   0.22453669E+15   0.49844509E+10   0.76099814E+01   0.18654824E+15   0.34457309E+10
   0.12000000E+01   0.63095734E+10   0.75728445E+01   0.18261942E+15   0.20204812E-01   0.36652854E+02   0.96319243E+09   0.52235711E+16   0.26680611E-02   0.39408858E+02   0.59742043E+10   0.69412701E+01   0.22453669E+15   0.62748473E+10   0.75054838E+01   0.18654824E+15   0.34457309E+10
   0.12000000E+01   0.79432823E+10   0.74675773E+01   0.18261942E+15   0.21816654E-01   0.39576841E+02   0.12231294E+10   0.50522977E+16   0.29215170E-02   0.42439202E+02   0.75182947E+10   0.68439378E+01   0.22453669E+15   0.78992768E+10   0.74010630E+01   0.18654824E+15   0.34457309E+10
   0.12000000E+01   0.10000000E+11   0.73623962E+01   0.18261942E+15   0.23557081E-01   0.42734090E+02   0.15534693E+10   0.48846962E+16   0.31996486E-02   0.45702020E+02   0.94613234E+10   0.67466735E+01   0.22453669E+15   0.99441981E+10   0.72967204E+01   0.18654824E+15   0.34457309E+10
   0.12000000E+01   0.12589254E+11   0.72561581E+01   0.18261942E+15   0.25436351E-01   0.46143209E+02   0.19735543E+10   0.47189635E+16   0.35054847E-02   0.49213665E+02   0.11906317E+11   0.66484300E+01   0.22453669E+15   0.12518477E+11   0.71913291E+01   0.18654824E+15   0.34457309E+10
   0.12000000E+01   0.15848932E+11   0.71504671E+01   0.18261942E+15   0.27465540E-01   0.49824291E+02   0.25075834E+10   0.45575973E+16   0.38410833E-02   0.52995138E+02   0.14983115E+11   0.65507094E+01   0.22453669E+15   0.15759239E+11   0.70864939E+01   0.18654824E+15   0.34457309E+10
   0.12000000E+01   0.19952623E+11   0.70439071E+01   0.18261942E+15   0.29656608E-01   0.53799032E+02   0.31869740E+10   0.43984201E+16   0.42102497E-02   0.57065094E+02   0.18854841E+11   0.64521995E+01   0.22453669E+15   0.19838892E+11   0.69807918E+01   0.18654824E+15   0.34457309E+10
   0.12000000E+01   0.25118864E+11   0.69377832E+01   0.18261942E+15   0.32022469E-01   0.58090859E+02   0.40510871E+10   0.42433718E+16   0.46156629E-02   0.61447462E+02   0.23726574E+11   0.63540742E+01   0.22453669E+15   0.24974547E+11   0.68755144E+01   0.18654824E+15   0.34457309E+10
   0.12000000E+01   0.31622777E+11   0.68315649E+01   0.18261942E+15   0.34577066E-01   0.62725067E+02   0.51506061E+10   0.40916292E+16   0.50613683E-02   0.66165318E+02   0.29856854E+11   0.62558755E+01   0.22453669E+15   0.31439744E+11   0.67701527E+01   0.18654824E+15   0.34457309E+10
   0.12000000E+01   0.39810717E+11   0.67248796E+01   0.18261942E+15   0.37335457E-01   0.67728969E+02   0.65502515E+10   0.39426556E+16   0.55518403E-02   0.71243576E+02   0.37570755E+11   0.61572629E+01   0.22453669E+15   0.39578571E+11   0.66643297E+01   0.18654824E+15   0.34457309E+10
   0.12000000E+01   0.50118723E+11   0.66186905E+01   0.18261942E+15   0.40313900E-01   0.73132059E+02   0.83317135E+10   0.37977631E+16   0.60909178E-02   0.76711592E+02   0.47276654E+11   0.60590917E+01   0.22453669E+15   0.49823994E+11   0.65589882E+01   0.18654824E+15   0.34457309E+10
   0.12000000E+01   0.63095734E+11   0.65119365E+01   0.18261942E+15   0.43529948E-01   0.78966180E+02   0.10600737E+11   0.36554752E+16   0.66846394E-02   0.82596992E+02   0.59489723E+11   0.59604267E+01   0.22453669E+15   0.62722038E+11   0.64531061E+01   0.18654824E+15   0.34457309E+10
   0.12000000E+01   0.79432823E+11   0.64061881E+01   0.18261942E+15   0.47002556E-01   0.85265720E+02   0.13489591E+11   0.35178327E+16   0.73370552E-02   0.88935203E+02   0.74856481E+11   0.58626779E+01   0.22453669E+15   0.78958230E+11   0.63482022E+01   0.18654824E+15   0.34457309E+10
   0.12000000E+01   0.10000000E+12   0.62995777E+01   0.18261942E+15   0.50752193E-01   0.92067807E+02   0.17171527E+11   0.33823657E+16   0.80564437E-02   0.95756437E+02   0.94191322E+11   0.57641456E+01   0.22453669E+15   0.99397709E+11   0.62424560E+01   0.18654824E+15   0.34457309E+10
   0.12000000E+01   0.12589254E+12   0.61938779E+01   0.18261942E+15   0.54800957E-01   0.99412531E+02   0.21862049E+11   0.32512929E+16   0.88476005E-02   0.10310219E+03   0.11851903E+12   0.56664607E+01   0.22453669E+15   0.12512773E+12   0.61376072E+01   0.18654824E+15   0.34457309E+10
   0.12000000E+01   0.15848932E+12   0.60881996E+01   0.18261942E+15   0.59172712E-01   0.10734318E+03   0.27841256E+11   0.31234374E+16   0.97192464E-02   0.11101031E+03   0.14912768E+12   0.55687986E+01   0.22453669E+15   0.15751818E+12   0.60327831E+01   0.18654824E+15   0.34457309E+10
   0.12000000E+01   0.19952623E+12   0.59834382E+01   0.18261942E+15   0.63893225E-01   0.11590650E+03   0.35462046E+11   0.29998087E+16   0.10678346E-01   0.11952675E+03   0.18763964E+12   0.54719933E+01   0.22453669E+15   0.19829296E+12   0.59288687E+01   0.18654824E+15   0.34457309E+10
   0.12000000E+01   0.25118864E+12   0.58783969E+01   0.18261942E+15   0.68990317E-01   0.12515296E+03   0.45183283E+11   0.28789348E+16   0.11736247E-01   0.12869435E+03   0.23609326E+12   0.53749363E+01   0.22453669E+15   0.24962263E+12   0.58246811E+01   0.18654824E+15   0.34457309E+10
   0.12000000E+01   0.31622777E+12   0.57749668E+01   0.18261942E+15   0.74494031E-01   0.13513706E+03   0.57575783E+11   0.27629031E+16   0.12899474E-01   0.13856997E+03   0.29705548E+12   0.52793675E+01   0.22453669E+15   0.31423777E+12   0.57220838E+01   0.18654824E+15   0.34457309E+10
   0.12000000E+01   0.39810717E+12   0.56715780E+01   0.18261942E+15   0.80436805E-01   0.14591764E+03   0.73389236E+11   0.26498508E+16   0.14182438E-01   0.14920244E+03   0.37375495E+12   0.51838542E+01   0.22453669E+15   0.39558055E+12   0.56195406E+01   0.18654824E+15   0.34457309E+10
   0.12000000E+01   0.50118723E+12   0.55695699E+01   0.18261942E+15   0.86853664E-01   0.15755824E+03   0.93559626E+11   0.25411528E+16   0.15594322E-01   0.16065572E+03   0.47024927E+12   0.50896070E+01   0.22453669E+15   0.49797437E+12   0.55183501E+01   0.18654824E+15   0.34457309E+10
   0.12000000E+01   0.63095734E+12   0.54683885E+01   0.18261942E+15   0.93782429E-01   0.17012748E+03   0.11929970E+12   0.24360982E+16   0.17149921E-01   0.17299113E+03   0.59165310E+12   0.49961441E+01   0.22453669E+15   0.62687715E+12   0.54179971E+01   0.18654824E+15   0.34457309E+10
   0.12000000E+01   0.79432823E+12   0.53688405E+01   0.18261942E+15   0.10126394E+00   0.18369943E+03   0.15213944E+12   0.23353966E+16   0.18861417E-01   0.18628117E+03   0.74438870E+12   0.49041864E+01   0.22453669E+15   0.78913986E+12   0.53192502E+01   0.18654824E+15   0.34457309E+10
   0.12000000E+01   0.10000000E+13   0.52703753E+01   0.18261942E+15   0.10934228E+00   0.19835408E+03   0.19405608E+12   0.22383562E+16   0.20746584E-01   0.20059751E+03   0.93654556E+12   0.48132423E+01   0.22453669E+15   0.99340872E+12   0.52215903E+01   0.18654824E+15   0.34457309E+10
   0.12000000E+01   0.12589254E+13   0.51741268E+01   0.18261942E+15   0.11806508E+00   0.21417781E+03   0.24753085E+12   0.21459415E+16   0.22818359E-01   0.21602682E+03   0.11783010E+13   0.47243532E+01   0.22453669E+15   0.12505535E+13   0.51261317E+01   0.18654824E+15   0.34457309E+10
   0.12000000E+01   0.15848932E+13   0.50795951E+01   0.18261942E+15   0.12748374E+00   0.23126387E+03   0.31577313E+12   0.20574997E+16   0.25097226E-01   0.23265368E+03   0.14824427E+13   0.46370483E+01   0.22453669E+15   0.15742446E+13   0.50323606E+01   0.18654824E+15   0.34457309E+10
   0.12000000E+01   0.19952623E+13   0.49875060E+01   0.18261942E+15   0.13765378E+00   0.24971299E+03   0.40282592E+12   0.19735359E+16   0.27599722E-01   0.25057720E+03   0.18650922E+13   0.45520122E+01   0.22453669E+15   0.19817374E+13   0.49410289E+01   0.18654824E+15   0.34457309E+10
   0.12000000E+01   0.25118864E+13   0.48981159E+01   0.18261942E+15   0.14863513E+00   0.26963388E+03   0.51384745E+12   0.18940817E+16   0.30345369E-01   0.26990200E+03   0.23465043E+13   0.44694703E+01   0.22453669E+15   0.24946868E+13   0.48523597E+01   0.18654824E+15   0.34457309E+10
   0.12000000E+01   0.31622777E+13   0.48114417E+01   0.18261942E+15   0.16049253E+00   0.29114397E+03   0.65541693E+12   0.18189496E+16   0.33356431E-01   0.29073963E+03   0.29521853E+13   0.43894453E+01   0.22453669E+15   0.31404370E+13   0.47664004E+01   0.18654824E+15   0.34457309E+10
   0.12000000E+01   0.39810717E+13   0.47281736E+01   0.18261942E+15   0.17329584E+00   0.31437003E+03   0.83582153E+12   0.17485220E+16   0.36651752E-01   0.31321649E+03   0.37142290E+13   0.43125702E+01   0.22453669E+15   0.39533197E+13   0.46838105E+01   0.18654824E+15   0.34457309E+10
   0.12000000E+01   0.50118723E+13   0.46487085E+01   0.18261942E+15   0.18712055E+00   0.33944895E+03   0.10655731E+13   0.16828970E+16   0.40252157E-01   0.33746773E+03   0.46730277E+13   0.42392105E+01   0.22453669E+15   0.49766345E+13   0.46049985E+01   0.18654824E+15   0.34457309E+10
   0.12000000E+01   0.63095734E+13   0.45729992E+01   0.18261942E+15   0.20204812E+00   0.36652854E+03   0.13580534E+13   0.16218009E+16   0.44182846E-01   0.36363593E+03   0.58794153E+13   0.41693247E+01   0.22453669E+15   0.62648064E+13   0.45299034E+01   0.18654824E+15   0.34457309E+10
   0.12000000E+01   0.79432823E+13   0.45017461E+01   0.18261942E+15   0.21816654E+00   0.39576841E+03   0.17300154E+13   0.15655621E+16   0.48462648E-01   0.39188317E+03   0.73973787E+13   0.41035541E+01   0.22453669E+15   0.78865072E+13   0.44592432E+01   0.18654824E+15   0.34457309E+10
   0.12000000E+01   0.10000000E+14   0.44354637E+01   0.18261942E+15   0.23557081E+00   0.42734090E+03   0.22025588E+13   0.15143349E+16   0.53110752E-01   0.42238427E+03   0.93075254E+13   0.40423786E+01   0.22453669E+15   0.99279416E+13   0.43935007E+01   0.18654824E+15   0.34457309E+10
   0.12000000E+01   0.12589254E+14   0.43740109E+01   0.18261942E+15   0.25436351E+00   0.46143209E+03   0.28024712E+13   0.14677702E+16   0.58153378E-01   0.45532165E+03   0.11711245E+14   0.39856647E+01   0.22453669E+15   0.12497849E+14   0.43325496E+01   0.18654824E+15   0.34457309E+10
   0.12000000E+01   0.15848932E+14   0.43179969E+01   0.18261942E+15   0.27465540E+00   0.49824291E+03   0.35630813E+13   0.14261002E+16   0.63607132E-01   0.49090240E+03   0.14736244E+14   0.39339709E+01   0.22453669E+15   0.15733063E+14   0.42769944E+01   0.18654824E+15   0.34457309E+10
   0.12000000E+01   0.19952623E+14   0.42677132E+01   0.18261942E+15   0.29656608E+00   0.53799032E+03   0.45262484E+13   0.13893172E+16   0.69490630E-01   0.52934799E+03   0.18543362E+14   0.38875674E+01   0.22453669E+15   0.19805850E+14   0.42271240E+01   0.18654824E+15   0.34457309E+10
   0.12000000E+01   0.25118864E+14   0.42231071E+01   0.18261942E+15   0.32022469E+00   0.58090859E+03   0.57446468E+13   0.13571784E+16   0.75826798E-01   0.57089404E+03   0.23335185E+14   0.38464113E+01   0.22453669E+15   0.24933085E+14   0.41828860E+01   0.18654824E+15   0.34457309E+10
   0.12000000E+01   0.31622777E+14   0.41843273E+01   0.18261942E+15   0.34577066E+00   0.62725067E+03   0.72840046E+13   0.13296106E+16   0.82634709E-01   0.61579911E+03   0.29366542E+14   0.38106271E+01   0.22453669E+15   0.31387814E+14   0.41444279E+01   0.18654824E+15   0.34457309E+10
   0.12000000E+01   0.39810717E+14   0.41510331E+01   0.18261942E+15   0.37335457E+00   0.67728969E+03   0.92271957E+13   0.13062180E+16   0.89942566E-01   0.66433546E+03   0.36958499E+14   0.37799048E+01   0.22453669E+15   0.39513780E+14   0.41114119E+01   0.18654824E+15   0.34457309E+10
   0.12000000E+01   0.50118723E+14   0.41231046E+01   0.18261942E+15   0.40313900E+00   0.73132059E+03   0.11677706E+14   0.12867908E+16   0.97775592E-01   0.71680124E+03   0.46515456E+14   0.37541360E+01   0.22453669E+15   0.49743303E+14   0.40837062E+01   0.18654824E+15   0.34457309E+10
   0.12000000E+01   0.63095734E+14   0.40998877E+01   0.18261942E+15   0.43529948E+00   0.78966180E+03   0.14766442E+14   0.12707762E+16   0.10617351E+00   0.77350841E+03   0.58546345E+14   0.37327174E+01   0.22453669E+15   0.62621989E+14   0.40606870E+01   0.18654824E+15   0.34457309E+10
   0.12000000E+01   0.79432823E+14   0.40807879E+01   0.18261942E+15   0.47002556E+00   0.85265720E+03   0.18658012E+14   0.12576933E+16   0.11518010E+00   0.83479369E+03   0.73691926E+14   0.37151002E+01   0.22453669E+15   0.78834650E+14   0.40417396E+01   0.18654824E+15   0.34457309E+10
   0.12000000E+01   0.10000000E+15   0.40651938E+01   0.18261942E+15   0.50752193E+00   0.92067807E+03   0.23559757E+14   0.12470731E+16   0.12484569E+00   0.90101876E+03   0.92757822E+14   0.37007066E+01   0.22453669E+15   0.99246025E+14   0.40262823E+01   0.18654824E+15   0.34457309E+10
   0.12000000E+01   0.12589254E+15   0.40525014E+01   0.18261942E+15   0.54800957E+00   0.99412531E+03   0.29732984E+14   0.12384696E+16   0.13522749E+00   0.97257246E+03   0.11676074E+15   0.36890001E+01   0.22453669E+15   0.12494146E+15   0.40136912E+01   0.18654824E+15   0.34457309E+10
   0.12000000E+01   0.15848932E+15   0.40422052E+01   0.18261942E+15   0.59172712E+00   0.10734318E+04   0.37506629E+14   0.12315171E+16   0.14638720E+00   0.10498752E+04   0.14697828E+15   0.36795041E+01   0.22453669E+15   0.15729005E+15   0.40034773E+01   0.18654824E+15   0.34457309E+10
   0.12000000E+01   0.19952623E+15   0.40338709E+01   0.18261942E+15   0.63893225E+00   0.11590650E+04   0.47294883E+14   0.12259068E+16   0.15839185E+00   0.11333809E+04   0.18501933E+15   0.36718160E+01   0.22453669E+15   0.19801448E+15   0.39952096E+01   0.18654824E+15   0.34457309E+10
   0.12000000E+01   0.25118864E+15   0.40271203E+01   0.18261942E+15   0.68990317E+00   0.12515296E+04   0.59619396E+14   0.12213741E+16   0.17131427E+00   0.12235796E+04   0.23290813E+15   0.36655800E+01   0.22453669E+15   0.24928346E+15   0.39885131E+01   0.18654824E+15   0.34457309E+10
   0.12000000E+01   0.31622777E+15   0.40216602E+01   0.18261942E+15   0.74494031E+00   0.13513706E+04   0.75136741E+14   0.12177154E+16   0.18523204E+00   0.13210016E+04   0.29319814E+15   0.36605443E+01   0.22453669E+15   0.31382928E+15   0.39831053E+01   0.18654824E+15   0.34457309E+10
   0.12000000E+01   0.39810717E+15   0.40172627E+01   0.18261942E+15   0.80436805E+00   0.14591764E+04   0.94673259E+14   0.12147736E+16   0.20022789E+00   0.14262202E+04   0.36909853E+15   0.36564885E+01   0.22453669E+15   0.39508654E+15   0.39787462E+01   0.18654824E+15   0.34457309E+10
   0.12000000E+01   0.50118723E+15   0.40137269E+01   0.18261942E+15   0.86853664E+00   0.15755824E+04   0.11926945E+15   0.12124114E+16   0.21639156E+00   0.15398544E+04   0.46465125E+15   0.36532277E+01   0.22453669E+15   0.49738236E+15   0.39752387E+01   0.18654824E+15   0.34457309E+10
   0.12000000E+01   0.63095734E+15   0.40108917E+01   0.18261942E+15   0.93782429E+00   0.17012748E+04   0.15023516E+15   0.12105193E+16   0.23381940E+00   0.16625730E+04   0.58494483E+15   0.36506129E+01   0.22453669E+15   0.62616515E+15   0.39724261E+01   0.18654824E+15   0.34457309E+10
   0.12000000E+01   0.79432823E+15   0.40086244E+01   0.18261942E+15   0.10126394E+01   0.18369943E+04   0.18921936E+15   0.12090075E+16   0.25261518E+00   0.17950984E+04   0.73638535E+15   0.36485219E+01   0.22453669E+15   0.78829307E+15   0.39701770E+01   0.18654824E+15   0.34457309E+10
   0.12000000E+01   0.10000000E+16   0.40068157E+01   0.18261942E+15   0.10934228E+01   0.19835408E+04   0.23829801E+15   0.12078023E+16   0.27289073E+00   0.19382109E+04   0.92703759E+15   0.36468539E+01   0.22453669E+15   0.99240000E+15   0.39683827E+01   0.18654824E+15   0.34457309E+10
   0.12000000E+01   0.12589254E+16   0.40053779E+01   0.18261942E+15   0.11806508E+01   0.21417781E+04   0.30008452E+15   0.12068448E+16   0.29476640E+00   0.20927532E+04   0.11670545E+16   0.36455279E+01   0.22453669E+15   0.12493554E+16   0.39669564E+01   0.18654824E+15   0.34457309E+10
   0.12000000E+01   0.15848932E+16   0.40042380E+01   0.18261942E+15   0.12748374E+01   0.23126387E+04   0.37786902E+15   0.12060859E+16   0.31837205E+00   0.22596355E+04   0.14692180E+16   0.36444766E+01   0.22453669E+15   0.15728431E+16   0.39658256E+01   0.18654824E+15   0.34457309E+10
   0.12000000E+01   0.19952623E+16   0.40033363E+01   0.18261942E+15   0.13765378E+01   0.24971299E+04   0.47579359E+15   0.12054859E+16   0.34384766E+00   0.24398406E+04   0.18496193E+16   0.36436451E+01   0.22453669E+15   0.19800900E+16   0.39649311E+01   0.18654824E+15   0.34457309E+10
   0.12000000E+01   0.25118864E+16   0.40026246E+01   0.18261942E+15   0.14863513E+01   0.26963388E+04   0.59907283E+15   0.12050124E+16   0.37134418E+00   0.26344303E+04   0.23285162E+16   0.36429887E+01   0.22453669E+15   0.24927835E+16   0.39642251E+01   0.18654824E+15   0.34457309E+10
   0.12000000E+01   0.31622777E+16   0.40020639E+01   0.18261942E+15   0.16049253E+01   0.29114397E+04   0.75427153E+15   0.12046395E+16   0.40102439E+00   0.28445506E+04   0.29314119E+16   0.36424717E+01   0.22453669E+15   0.31382263E+16   0.39636689E+01   0.18654824E+15   0.34457309E+10
   0.12000000E+01   0.39810717E+16   0.40016233E+01   0.18261942E+15   0.17329584E+01   0.31437003E+04   0.94965425E+15   0.12043465E+16   0.43306386E+00   0.30714397E+04   0.36904128E+16   0.36420653E+01   0.22453669E+15   0.39507908E+16   0.39632318E+01   0.18654824E+15   0.34457309E+10
   0.12000000E+01   0.50118723E+16   0.40012774E+01   0.18261942E+15   0.18712055E+01   0.33944895E+04   0.11956256E+16   0.12041165E+16   0.46765202E+00   0.33164343E+04   0.46459385E+16   0.36417463E+01   0.22453669E+15   0.49737488E+16   0.39628887E+01   0.18654824E+15   0.34457309E+10
   0.12000000E+01   0.63095734E+16   0.40010061E+01   0.18261942E+15   0.20204812E+01   0.36652854E+04   0.15052841E+16   0.12039361E+16   0.50499328E+00   0.35809779E+04   0.58488742E+16   0.36414961E+01   0.22453669E+15   0.62615767E+16   0.39626195E+01   0.18654824E+15   0.34457309E+10
   0.12000000E+01   0.79432823E+16   0.40007935E+01   0.18261942E+15   0.21816654E+01   0.39576841E+04   0.18951200E+16   0.12037948E+16   0.54530818E+00   0.38666295E+04   0.73632808E+16   0.36413001E+01   0.22453669E+15   0.78828560E+16   0.39624086E+01   0.18654824E+15   0.34457309E+10
   0.12000000E+01   0.10000000E+17   0.40006269E+01   0.18261942E+15   0.23557081E+01   0.42734090E+04   0.23858933E+16   0.12036840E+16   0.58883474E+00   0.41750723E+04   0.92698060E+16   0.36411464E+01   0.22453669E+15   0.99239257E+16   0.39622434E+01   0.18654824E+15   0.34457309E+10
   0.12000000E+01   0.12589254E+17   0.40004964E+01   0.18261942E+15   0.25436351E+01   0.46143209E+04   0.30037392E+16   0.12035973E+16   0.63582988E+00   0.45081240E+04   0.11669979E+17   0.36410260E+01   0.22453669E+15   0.12493480E+17   0.39621139E+01   0.18654824E+15   0.34457309E+10
