         1        92   0.90000000E+00   0.31562220E+00   0.68437780E+00   0.82883870E+00   0.96580000E+00   0.22242000E-01  ---------------   0.27255000E+01  ---------------      0.67238290E+00                                 
   0.90000000E+00   0.10000000E+08   0.12298969E+02   0.12312896E+15   0.26864807E-02   0.40016891E+01   0.11615218E+07   0.11479530E+17   0.21843137E-03   0.47829010E+01   0.94840206E+07   0.11116257E+02   0.15815508E+15   0.10050391E+08   0.12420006E+02   0.12016664E+15   0.42259007E+10
   0.90000000E+00   0.12589254E+08   0.12183007E+02   0.12312896E+15   0.29007951E-02   0.43209245E+01   0.14694239E+07   0.11212466E+17   0.23810174E-03   0.51526123E+01   0.11937000E+08   0.11010623E+02   0.15815508E+15   0.12653004E+08   0.12303003E+02   0.12016664E+15   0.42259007E+10
   0.90000000E+00   0.15848932E+08   0.12067206E+02   0.12312896E+15   0.31322065E-02   0.46656269E+01   0.18590519E+07   0.10949701E+17   0.25956353E-03   0.55508453E+01   0.15024390E+08   0.10905143E+02   0.15815508E+15   0.15929515E+08   0.12186145E+02   0.12016664E+15   0.42259007E+10
   0.90000000E+00   0.19952623E+08   0.11949518E+02   0.12312896E+15   0.33820788E-02   0.50378281E+01   0.23523386E+07   0.10686650E+17   0.28303056E-03   0.59795494E+01   0.18910159E+08   0.10797945E+02   0.15815508E+15   0.20054498E+08   0.12067383E+02   0.12016664E+15   0.42259007E+10
   0.90000000E+00   0.25118864E+08   0.11831843E+02   0.12312896E+15   0.36518847E-02   0.54397216E+01   0.29767188E+07   0.10427631E+17   0.30864884E-03   0.64412742E+01   0.23800814E+08   0.10690763E+02   0.15815508E+15   0.25247665E+08   0.11948634E+02   0.12016664E+15   0.42259007E+10
   0.90000000E+00   0.31622777E+08   0.11714353E+02   0.12312896E+15   0.39432144E-02   0.58736763E+01   0.37670623E+07   0.10172984E+17   0.33661392E-03   0.69385796E+01   0.29956209E+08   0.10583751E+02   0.15815508E+15   0.31785627E+08   0.11830071E+02   0.12016664E+15   0.42259007E+10
   0.90000000E+00   0.39810717E+08   0.11596518E+02   0.12312896E+15   0.42577849E-02   0.63422498E+01   0.47676663E+07   0.99215448E+16   0.36716063E-03   0.74741201E+01   0.37703284E+08   0.10476423E+02   0.15815508E+15   0.40016635E+08   0.11711160E+02   0.12016664E+15   0.42259007E+10
   0.90000000E+00   0.50118723E+08   0.11476999E+02   0.12312896E+15   0.45974504E-02   0.68482038E+01   0.60349643E+07   0.96705315E+16   0.40057949E-03   0.80505992E+01   0.47453397E+08   0.10367558E+02   0.15815508E+15   0.50379136E+08   0.11590549E+02   0.12016664E+15   0.42259007E+10
   0.90000000E+00   0.63095734E+08   0.11357708E+02   0.12312896E+15   0.49642128E-02   0.73945204E+01   0.76396403E+07   0.94240077E+16   0.43707874E-03   0.86714519E+01   0.59724783E+08   0.10258911E+02   0.15815508E+15   0.63425197E+08   0.11470176E+02   0.12016664E+15   0.42259007E+10
   0.90000000E+00   0.79432823E+08   0.11238659E+02   0.12312896E+15   0.53602337E-02   0.79844194E+01   0.96716563E+07   0.91819504E+16   0.47694601E-03   0.93400891E+01   0.75169308E+08   0.10150491E+02   0.15815508E+15   0.79849735E+08   0.11350049E+02   0.12016664E+15   0.42259007E+10
   0.90000000E+00   0.10000000E+09   0.11118126E+02   0.12312896E+15   0.57878472E-02   0.86213778E+01   0.12246026E+08   0.89408862E+16   0.52057757E-03   0.10059817E+02   0.94606938E+08   0.10040722E+02   0.15815508E+15   0.10052738E+09   0.11228416E+02   0.12016664E+15   0.42259007E+10
   0.90000000E+00   0.12589254E+09   0.10997257E+02   0.12312896E+15   0.62495736E-02   0.93091496E+01   0.15507218E+08   0.87031726E+16   0.56828477E-03   0.10834756E+02   0.11907016E+09   0.99306505E+01   0.15815508E+15   0.12655971E+09   0.11106442E+02   0.12016664E+15   0.42259007E+10
   0.90000000E+00   0.15848932E+09   0.10876648E+02   0.12312896E+15   0.67481344E-02   0.10051789E+02   0.19638373E+08   0.84699602E+16   0.62042406E-03   0.11669269E+02   0.14985833E+09   0.98208197E+01   0.15815508E+15   0.15933339E+09   0.10984732E+02   0.12016664E+15   0.42259007E+10
   0.90000000E+00   0.19952623E+09   0.10755184E+02   0.12312896E+15   0.72864679E-02   0.10853672E+02   0.24873400E+08   0.82390896E+16   0.67748429E-03   0.12567624E+02   0.18860606E+09   0.97102124E+01   0.15815508E+15   0.20059423E+09   0.10862157E+02   0.12016664E+15   0.42259007E+10
   0.90000000E+00   0.25118864E+09   0.10632685E+02   0.12312896E+15   0.78677470E-02   0.11719525E+02   0.31508572E+08   0.80102877E+16   0.73995866E-03   0.13534613E+02   0.23737059E+09   0.95986669E+01   0.15815508E+15   0.25254015E+09   0.10738538E+02   0.12016664E+15   0.42259007E+10
   0.90000000E+00   0.31622777E+09   0.10510496E+02   0.12312896E+15   0.84953978E-02   0.12654452E+02   0.39917026E+08   0.77860729E+16   0.80827750E-03   0.14575855E+02   0.29874182E+09   0.94874082E+01   0.15815508E+15   0.31793816E+09   0.10615233E+02   0.12016664E+15   0.42259007E+10
   0.90000000E+00   0.39810717E+09   0.10387852E+02   0.12312896E+15   0.91731196E-02   0.13663963E+02   0.50575703E+08   0.75650142E+16   0.88306224E-03   0.15696778E+02   0.37597766E+09   0.93757375E+01   0.15815508E+15   0.40027199E+09   0.10491467E+02   0.12016664E+15   0.42259007E+10
   0.90000000E+00   0.50118723E+09   0.10263853E+02   0.12312896E+15   0.99049067E-02   0.14754008E+02   0.64091824E+08   0.73455532E+16   0.96502810E-03   0.16903107E+02   0.47317727E+09   0.92628380E+01   0.15815508E+15   0.50392763E+09   0.10366335E+02   0.12016664E+15   0.42259007E+10
   0.90000000E+00   0.63095734E+09   0.10140223E+02   0.12312896E+15   0.10695072E-01   0.15931011E+02   0.81227379E+08   0.71307549E+16   0.10547177E-02   0.18201966E+02   0.59550215E+09   0.91502780E+01   0.15815508E+15   0.63442659E+09   0.10241574E+02   0.12016664E+15   0.42259007E+10
   0.90000000E+00   0.79432823E+09   0.10016175E+02   0.12312896E+15   0.11548273E-01   0.17201910E+02   0.10295827E+09   0.69192267E+16   0.11529624E-02   0.19600098E+02   0.74944442E+09   0.90373425E+01   0.15815508E+15   0.79872068E+09   0.10116392E+02   0.12016664E+15   0.42259007E+10
   0.90000000E+00   0.10000000E+10   0.98908801E+01   0.12312896E+15   0.12469539E-01   0.18574195E+02   0.13052728E+09   0.67096010E+16   0.12607107E-02   0.21104648E+02   0.94317234E+09   0.89232756E+01   0.15815508E+15   0.10055593E+10   0.99899410E+01   0.12016664E+15   0.42259007E+10
   0.90000000E+00   0.12589254E+10   0.97660197E+01   0.12312896E+15   0.13464298E-01   0.20055955E+02   0.16549463E+09   0.65047001E+16   0.13786884E-02   0.22724487E+02   0.11869729E+10   0.88096140E+01   0.15815508E+15   0.12659637E+10   0.98639330E+01   0.12016664E+15   0.42259007E+10
   0.90000000E+00   0.15848932E+10   0.96404366E+01   0.12312896E+15   0.14538415E-01   0.21655922E+02   0.20986474E+09   0.63026062E+16   0.15080660E-02   0.24467791E+02   0.14937760E+10   0.86952928E+01   0.15815508E+15   0.15938079E+10   0.97372008E+01   0.12016664E+15   0.42259007E+10
   0.90000000E+00   0.19952623E+10   0.95139877E+01   0.12312896E+15   0.15698219E-01   0.23383527E+02   0.26617939E+09   0.61031323E+16   0.16500147E-02   0.26343806E+02   0.18798608E+10   0.85801886E+01   0.15815508E+15   0.20065554E+10   0.96095947E+01   0.12016664E+15   0.42259007E+10
   0.90000000E+00   0.25118864E+10   0.93879998E+01   0.12312896E+15   0.16950547E-01   0.25248951E+02   0.33764236E+09   0.59083573E+16   0.18055547E-02   0.28363404E+02   0.23657181E+10   0.84655092E+01   0.15815508E+15   0.25261936E+10   0.94824533E+01   0.12016664E+15   0.42259007E+10
   0.90000000E+00   0.31622777E+10   0.92607280E+01   0.12312896E+15   0.18302780E-01   0.27263190E+02   0.42838575E+09   0.57155890E+16   0.19763867E-02   0.30536323E+02   0.29771107E+10   0.83496667E+01   0.15815508E+15   0.31804066E+10   0.93540160E+01   0.12016664E+15   0.42259007E+10
   0.90000000E+00   0.39810717E+10   0.91333061E+01   0.12312896E+15   0.19762887E-01   0.29438116E+02   0.54360282E+09   0.55265785E+16   0.21638262E-02   0.32874932E+02   0.37464763E+10   0.82336935E+01   0.15815508E+15   0.40040458E+10   0.92254266E+01   0.12016664E+15   0.42259007E+10
   0.90000000E+00   0.50118723E+10   0.90061556E+01   0.12312896E+15   0.21339475E-01   0.31786546E+02   0.68990246E+09   0.53419108E+16   0.23694321E-02   0.35392147E+02   0.47146241E+10   0.81179709E+01   0.15815508E+15   0.50409678E+10   0.90970975E+01   0.12016664E+15   0.42259007E+10
   0.90000000E+00   0.63095734E+10   0.88774048E+01   0.12312896E+15   0.23041835E-01   0.34322323E+02   0.87580613E+09   0.51588944E+16   0.25955598E-02   0.38099886E+02   0.59328700E+10   0.80007982E+01   0.15815508E+15   0.63464579E+10   0.89671669E+01   0.12016664E+15   0.42259007E+10
   0.90000000E+00   0.79432823E+10   0.87492851E+01   0.12312896E+15   0.24880001E-01   0.37060392E+02   0.11119444E+10   0.49807113E+16   0.28436610E-02   0.41014538E+02   0.74658495E+10   0.78842066E+01   0.15815508E+15   0.79900450E+10   0.88378727E+01   0.12016664E+15   0.42259007E+10
   0.90000000E+00   0.10000000E+11   0.86203470E+01   0.12312896E+15   0.26864807E-01   0.40016891E+02   0.14120735E+10   0.48053180E+16   0.31164415E-02   0.44150372E+02   0.93948102E+10   0.77668771E+01   0.15815508E+15   0.10059290E+11   0.87077501E+01   0.12016664E+15   0.42259007E+10
   0.90000000E+00   0.12589254E+11   0.84911970E+01   0.12312896E+15   0.29007951E-01   0.43209245E+02   0.17935628E+10   0.46335510E+16   0.34162381E-02   0.47524705E+02   0.11821989E+11   0.76493544E+01   0.15815508E+15   0.12664400E+11   0.85774044E+01   0.12016664E+15   0.42259007E+10
   0.90000000E+00   0.15848932E+11   0.83622175E+01   0.12312896E+15   0.31322065E-01   0.46656269E+02   0.22785181E+10   0.44658842E+16   0.37456650E-02   0.51156048E+02   0.14876110E+11   0.75319993E+01   0.15815508E+15   0.15944248E+11   0.84472413E+01   0.12016664E+15   0.42259007E+10
   0.90000000E+00   0.19952623E+11   0.82321447E+01   0.12312896E+15   0.33820788E-01   0.50378281E+02   0.28953930E+10   0.43006797E+16   0.41083811E-02   0.55062205E+02   0.18718952E+11   0.74136576E+01   0.15815508E+15   0.20073535E+11   0.83159726E+01   0.12016664E+15   0.42259007E+10
   0.90000000E+00   0.25118864E+11   0.81028762E+01   0.12312896E+15   0.36518847E-01   0.54397216E+02   0.36798158E+10   0.41403237E+16   0.45068993E-02   0.59266505E+02   0.23554160E+11   0.72960438E+01   0.15815508E+15   0.25272183E+11   0.81855064E+01   0.12016664E+15   0.42259007E+10
   0.90000000E+00   0.31622777E+11   0.79722025E+01   0.12312896E+15   0.39432144E-01   0.58736763E+02   0.46782423E+10   0.39820643E+16   0.49462045E-02   0.63788226E+02   0.29637909E+11   0.71771693E+01   0.15815508E+15   0.31817358E+11   0.80536322E+01   0.12016664E+15   0.42259007E+10
   0.90000000E+00   0.39810717E+11   0.78422817E+01   0.12312896E+15   0.42577849E-01   0.63422498E+02   0.59485549E+10   0.38285064E+16   0.54292681E-02   0.68654704E+02   0.37292418E+11   0.70589749E+01   0.15815508E+15   0.40057516E+11   0.79225053E+01   0.12016664E+15   0.42259007E+10
   0.90000000E+00   0.50118723E+11   0.77115378E+01   0.12312896E+15   0.45974504E-01   0.68482038E+02   0.75660449E+10   0.36777524E+16   0.59617816E-02   0.73889313E+02   0.46923258E+11   0.69400521E+01   0.15815508E+15   0.50432053E+11   0.77905593E+01   0.12016664E+15   0.42259007E+10
   0.90000000E+00   0.63095734E+11   0.75811680E+01   0.12312896E+15   0.49642128E-01   0.73945204E+02   0.96254024E+10   0.35311637E+16   0.65480844E-02   0.79522041E+02   0.59040108E+11   0.68214629E+01   0.15815508E+15   0.63493305E+11   0.76589787E+01   0.12016664E+15   0.42259007E+10
   0.90000000E+00   0.79432823E+11   0.74504508E+01   0.12312896E+15   0.53602337E-01   0.79844194E+02   0.12248728E+11   0.33878895E+16   0.71945092E-02   0.85581543E+02   0.74285071E+11   0.67025812E+01   0.15815508E+15   0.79937751E+11   0.75270584E+01   0.12016664E+15   0.42259007E+10
   0.90000000E+00   0.10000000E+12   0.73201510E+01   0.12312896E+15   0.57878472E-01   0.86213778E+02   0.15590586E+11   0.32487266E+16   0.79067319E-02   0.92101758E+02   0.93464398E+11   0.65840704E+01   0.15815508E+15   0.10064093E+12   0.73955477E+01   0.12016664E+15   0.42259007E+10
   0.90000000E+00   0.12589254E+12   0.71896593E+01   0.12312896E+15   0.62495736E-01   0.93091496E+02   0.19849989E+11   0.31129762E+16   0.86924475E-02   0.99116121E+02   0.11759441E+12   0.64654123E+01   0.15815508E+15   0.12670684E+12   0.72638538E+01   0.12016664E+15   0.42259007E+10
   0.90000000E+00   0.15848932E+12   0.70594538E+01   0.12312896E+15   0.67481344E-01   0.10051789E+03   0.25279682E+11   0.29810929E+16   0.95590035E-02   0.10666322E+03   0.14795027E+12   0.63470031E+01   0.15815508E+15   0.15952337E+12   0.71324374E+01   0.12016664E+15   0.42259007E+10
   0.90000000E+00   0.19952623E+12   0.69291138E+01   0.12312896E+15   0.72864679E-01   0.10853672E+03   0.32204610E+11   0.28526055E+16   0.10515728E-01   0.11478220E+03   0.18613952E+12   0.62284919E+01   0.15815508E+15   0.20084051E+12   0.70008949E+01   0.12016664E+15   0.42259007E+10
   0.90000000E+00   0.25118864E+12   0.67993670E+01   0.12312896E+15   0.78677470E-01   0.11719525E+03   0.41037044E+11   0.27281744E+16   0.11571293E-01   0.12351858E+03   0.23418214E+12   0.61105283E+01   0.15815508E+15   0.25285828E+12   0.68699405E+01   0.12016664E+15   0.42259007E+10
   0.90000000E+00   0.31622777E+12   0.66697972E+01   0.12312896E+15   0.84953978E-01   0.12654452E+03   0.52307939E+11   0.26073306E+16   0.12737116E-01   0.13291790E+03   0.29461697E+12   0.59927235E+01   0.15815508E+15   0.31834932E+12   0.67391642E+01   0.12016664E+15   0.42259007E+10
   0.90000000E+00   0.39810717E+12   0.65411851E+01   0.12312896E+15   0.91731196E-01   0.13663963E+03   0.66690643E+11   0.24907195E+16   0.14023636E-01   0.14303336E+03   0.37064379E+12   0.58758094E+01   0.15815508E+15   0.40080510E+12   0.66093631E+01   0.12016664E+15   0.42259007E+10
   0.90000000E+00   0.50118723E+12   0.64122476E+01   0.12312896E+15   0.99049067E-01   0.14754008E+03   0.85060656E+11   0.23771149E+16   0.15446856E-01   0.15391449E+03   0.46627947E+12   0.57586153E+01   0.15815508E+15   0.50461690E+12   0.64792237E+01   0.12016664E+15   0.42259007E+10
   0.90000000E+00   0.63095734E+12   0.62846453E+01   0.12312896E+15   0.10695072E+00   0.15931011E+03   0.10851548E+12   0.22679036E+16   0.17017782E-01   0.16562640E+03   0.58657677E+12   0.56426278E+01   0.15815508E+15   0.63531783E+12   0.63504312E+01   0.12016664E+15   0.42259007E+10
   0.90000000E+00   0.79432823E+12   0.61575301E+01   0.12312896E+15   0.11548273E+00   0.17201910E+03   0.13848300E+12   0.21622538E+16   0.18754717E-01   0.17822892E+03   0.73789355E+12   0.55270933E+01   0.15815508E+15   0.79987340E+12   0.62221297E+01   0.12016664E+15   0.42259007E+10
   0.90000000E+00   0.10000000E+13   0.60315252E+01   0.12312896E+15   0.12469539E+00   0.18574195E+03   0.17677429E+12   0.20605879E+16   0.20673940E-01   0.19179317E+03   0.92823023E+12   0.54125850E+01   0.15815508E+15   0.10070568E+13   0.60949558E+01   0.12016664E+15   0.42259007E+10
   0.90000000E+00   0.12589254E+13   0.59064392E+01   0.12312896E+15   0.13464298E+00   0.20055955E+03   0.22572166E+12   0.19626418E+16   0.22795965E-01   0.20639199E+03   0.11676435E+13   0.52989299E+01   0.15815508E+15   0.12679030E+13   0.59687012E+01   0.12016664E+15   0.42259007E+10
   0.90000000E+00   0.15848932E+13   0.57827086E+01   0.12312896E+15   0.14538415E+00   0.21655922E+03   0.28829789E+12   0.18686415E+16   0.25141185E-01   0.22210742E+03   0.14687774E+13   0.51865152E+01   0.15815508E+15   0.15963157E+13   0.58438134E+01   0.12016664E+15   0.42259007E+10
   0.90000000E+00   0.19952623E+13   0.56607565E+01   0.12312896E+15   0.15698219E+00   0.23383527E+03   0.36830252E+12   0.17787655E+16   0.27731663E-01   0.23902845E+03   0.18475313E+13   0.50757173E+01   0.15815508E+15   0.20097974E+13   0.57207196E+01   0.12016664E+15   0.42259007E+10
   0.90000000E+00   0.25118864E+13   0.55398122E+01   0.12312896E+15   0.16950547E+00   0.25248951E+03   0.47065900E+12   0.16923184E+16   0.30597693E-01   0.25724328E+03   0.23238983E+13   0.49658443E+01   0.15815508E+15   0.25303859E+13   0.55986423E+01   0.12016664E+15   0.42259007E+10
   0.90000000E+00   0.31622777E+13   0.54214226E+01   0.12312896E+15   0.18302780E+00   0.27263190E+03   0.60154030E+12   0.16102566E+16   0.33760106E-01   0.27686348E+03   0.29230537E+13   0.48583024E+01   0.15815508E+15   0.31858238E+13   0.54791426E+01   0.12016664E+15   0.42259007E+10
   0.90000000E+00   0.39810717E+13   0.53052982E+01   0.12312896E+15   0.19762887E+00   0.29438116E+03   0.76894273E+12   0.15321949E+16   0.37251227E-01   0.29799701E+03   0.36766307E+13   0.47528287E+01   0.15815508E+15   0.40110431E+13   0.53619284E+01   0.12016664E+15   0.42259007E+10
   0.90000000E+00   0.50118723E+13   0.51912342E+01   0.12312896E+15   0.21339475E+00   0.31786546E+03   0.98311677E+12   0.14578323E+16   0.41106746E-01   0.32076074E+03   0.46244198E+13   0.46492410E+01   0.15815508E+15   0.50500389E+13   0.52467974E+01   0.12016664E+15   0.42259007E+10
   0.90000000E+00   0.63095734E+13   0.50804965E+01   0.12312896E+15   0.23041835E+00   0.34322323E+03   0.12569549E+13   0.13878060E+16   0.45353509E-01   0.34529445E+03   0.58165202E+13   0.45486891E+01   0.15815508E+15   0.63581624E+13   0.51350199E+01   0.12016664E+15   0.42259007E+10
   0.90000000E+00   0.79432823E+13   0.49728598E+01   0.12312896E+15   0.24880001E+00   0.37060392E+03   0.16071051E+13   0.13217628E+16   0.50031575E-01   0.37173654E+03   0.73158760E+13   0.44509633E+01   0.15815508E+15   0.80051286E+13   0.50263696E+01   0.12016664E+15   0.42259007E+10
   0.90000000E+00   0.10000000E+14   0.48693490E+01   0.12312896E+15   0.26864807E+00   0.40016891E+03   0.20544942E+13   0.12601093E+16   0.55171250E-01   0.40024991E+03   0.92017643E+13   0.43569939E+01   0.15815508E+15   0.10078707E+14   0.49218828E+01   0.12016664E+15   0.42259007E+10
   0.90000000E+00   0.12589254E+14   0.47696291E+01   0.12312896E+15   0.29007951E+00   0.43209245E+03   0.26260961E+13   0.12024168E+16   0.60818044E-01   0.43099704E+03   0.11573819E+14   0.42664748E+01   0.15815508E+15   0.12689403E+14   0.48212216E+01   0.12016664E+15   0.42259007E+10
   0.90000000E+00   0.15848932E+14   0.46751122E+01   0.12312896E+15   0.31322065E+00   0.46656269E+03   0.33554557E+13   0.11492598E+16   0.66997462E-01   0.46417504E+03   0.14557442E+14   0.41806718E+01   0.15815508E+15   0.15976320E+14   0.47258114E+01   0.12016664E+15   0.42259007E+10
   0.90000000E+00   0.19952623E+14   0.45858908E+01   0.12312896E+15   0.33820788E+00   0.50378281E+03   0.42854853E+13   0.11004282E+16   0.73749659E-01   0.49998296E+03   0.18310835E+14   0.40997002E+01   0.15815508E+15   0.20114663E+14   0.46357505E+01   0.12016664E+15   0.42259007E+10
   0.90000000E+00   0.25118864E+14   0.45027819E+01   0.12312896E+15   0.36518847E+00   0.54397216E+03   0.54698388E+13   0.10561069E+16   0.81102854E-01   0.53864719E+03   0.23032825E+14   0.40242875E+01   0.15815508E+15   0.25324791E+14   0.45518538E+01   0.12016664E+15   0.42259007E+10
   0.90000000E+00   0.31622777E+14   0.44261581E+01   0.12312896E+15   0.39432144E+00   0.58736763E+03   0.69762240E+13   0.10162294E+16   0.89088874E-01   0.58040838E+03   0.28973401E+14   0.39547506E+01   0.15815508E+15   0.31884416E+14   0.44745068E+01   0.12016664E+15   0.42259007E+10
   0.90000000E+00   0.39810717E+14   0.43570150E+01   0.12312896E+15   0.42577849E+00   0.63422498E+03   0.88885943E+13   0.98104935E+15   0.97722521E-01   0.62553903E+03   0.36448687E+14   0.38920228E+01   0.15815508E+15   0.40142767E+14   0.44047060E+01   0.12016664E+15   0.42259007E+10
   0.90000000E+00   0.50118723E+14   0.42955241E+01   0.12312896E+15   0.45974504E+00   0.68482038E+03   0.11312706E+14   0.95039811E+15   0.10702886E+00   0.67432305E+03   0.45855332E+14   0.38362343E+01   0.15815508E+15   0.50539929E+14   0.43426330E+01   0.12016664E+15   0.42259007E+10
   0.90000000E+00   0.63095734E+14   0.42421960E+01   0.12312896E+15   0.49642128E+00   0.73945204E+03   0.14379658E+14   0.92429653E+15   0.11701988E+00   0.72707572E+03   0.57694029E+14   0.37878552E+01   0.15815508E+15   0.63629525E+14   0.42887992E+01   0.12016664E+15   0.42259007E+10
   0.90000000E+00   0.79432823E+14   0.41965975E+01   0.12312896E+15   0.53602337E+00   0.79844194E+03   0.18255043E+14   0.90233000E+15   0.12772809E+00   0.78412162E+03   0.72594830E+14   0.37464928E+01   0.15815508E+15   0.80108663E+14   0.42427676E+01   0.12016664E+15   0.42259007E+10
   0.90000000E+00   0.10000000E+15   0.41585553E+01   0.12312896E+15   0.57878472E+00   0.86213778E+03   0.23145001E+14   0.88425035E+15   0.13917928E+00   0.84581721E+03   0.91351408E+14   0.37119882E+01   0.15815508E+15   0.10085489E+15   0.42043632E+01   0.12016664E+15   0.42259007E+10
   0.90000000E+00   0.12589254E+15   0.41270700E+01   0.12312896E+15   0.62495736E+00   0.93091496E+03   0.29311052E+14   0.86945578E+15   0.15142883E+00   0.91252890E+03   0.11496159E+15   0.36834245E+01   0.15815508E+15   0.12697334E+15   0.41725810E+01   0.12016664E+15   0.42259007E+10
   0.90000000E+00   0.15848932E+15   0.41013967E+01   0.12312896E+15   0.67481344E+00   0.10051789E+04   0.37080939E+14   0.85750497E+15   0.16453259E+00   0.98465613E+03   0.14468443E+15   0.36601430E+01   0.15815508E+15   0.15985429E+15   0.41466620E+01   0.12016664E+15   0.42259007E+10
   0.90000000E+00   0.19952623E+15   0.40806219E+01   0.12312896E+15   0.72864679E+00   0.10853672E+04   0.46868302E+14   0.84790830E+15   0.17856268E+00   0.10626236E+04   0.18210111E+15   0.36412981E+01   0.15815508E+15   0.20124948E+15   0.41256911E+01   0.12016664E+15   0.42259007E+10
   0.90000000E+00   0.25118864E+15   0.40638743E+01   0.12312896E+15   0.78677470E+00   0.11719525E+04   0.59194532E+14   0.84021995E+15   0.19360212E+00   0.11468878E+04   0.22920626E+15   0.36261140E+01   0.15815508E+15   0.25336242E+15   0.41087820E+01   0.12016664E+15   0.42259007E+10
   0.90000000E+00   0.31622777E+15   0.40504447E+01   0.12312896E+15   0.84953978E+00   0.12654452E+04   0.74715713E+14   0.83408568E+15   0.20973988E+00   0.12379431E+04   0.28850603E+15   0.36139324E+01   0.15815508E+15   0.31896944E+15   0.40952256E+01   0.12016664E+15   0.42259007E+10
   0.90000000E+00   0.39810717E+15   0.40397074E+01   0.12312896E+15   0.91731196E+00   0.13663963E+04   0.94258266E+14   0.82920094E+15   0.22707386E+00   0.13363227E+04   0.36315957E+15   0.36041935E+01   0.15815508E+15   0.40156383E+15   0.40843869E+01   0.12016664E+15   0.42259007E+10
   0.90000000E+00   0.50118723E+15   0.40311526E+01   0.12312896E+15   0.99049067E+00   0.14754008E+04   0.11886251E+15   0.82532159E+15   0.24570905E+00   0.14426038E+04   0.45714254E+15   0.35964344E+01   0.15815508E+15   0.50554404E+15   0.40757512E+01   0.12016664E+15   0.42259007E+10
   0.90000000E+00   0.63095734E+15   0.40243623E+01   0.12312896E+15   0.10695072E+01   0.15931011E+04   0.14983809E+15   0.82225033E+15   0.26575818E+00   0.15574101E+04   0.57546201E+15   0.35902800E+01   0.15815508E+15   0.63644583E+15   0.40688935E+01   0.12016664E+15   0.42259007E+10
   0.90000000E+00   0.79432823E+15   0.40189949E+01   0.12312896E+15   0.11548273E+01   0.17201910E+04   0.18883372E+15   0.81982755E+15   0.28734233E+00   0.16814160E+04   0.72441642E+15   0.35854134E+01   0.15815508E+15   0.80124297E+15   0.40634753E+01   0.12016664E+15   0.42259007E+10
   0.90000000E+00   0.10000000E+16   0.40147698E+01   0.12312896E+15   0.12469539E+01   0.18574195E+04   0.23792504E+15   0.81792350E+15   0.31059162E+00   0.18153502E+04   0.91193820E+15   0.35815812E+01   0.15815508E+15   0.10087102E+16   0.40592103E+01   0.12016664E+15   0.42259007E+10
   0.90000000E+00   0.12589254E+16   0.40114570E+01   0.12312896E+15   0.13464298E+01   0.20055955E+04   0.29972519E+15   0.81643248E+15   0.33564608E+00   0.19599998E+04   0.11480147E+16   0.35785766E+01   0.15815508E+15   0.12698960E+16   0.40558663E+01   0.12016664E+15   0.42259007E+10
   0.90000000E+00   0.15848932E+16   0.40088690E+01   0.12312896E+15   0.14538415E+01   0.21655922E+04   0.37752406E+15   0.81526880E+15   0.36265627E+00   0.21162157E+04   0.14452182E+16   0.35762293E+01   0.15815508E+15   0.15987093E+16   0.40532538E+01   0.12016664E+15   0.42259007E+10
   0.90000000E+00   0.19952623E+16   0.40068537E+01   0.12312896E+15   0.15698219E+01   0.23383527E+04   0.47546348E+15   0.81436335E+15   0.39178419E+00   0.22849165E+04   0.18193761E+16   0.35744015E+01   0.15815508E+15   0.20126606E+16   0.40512194E+01   0.12016664E+15   0.42259007E+10
   0.90000000E+00   0.25118864E+16   0.40052893E+01   0.12312896E+15   0.16950547E+01   0.25248951E+04   0.59875780E+15   0.81366090E+15   0.42320407E+00   0.24670950E+04   0.22904140E+16   0.35729826E+01   0.15815508E+15   0.25337944E+16   0.40496402E+01   0.12016664E+15   0.42259007E+10
   0.90000000E+00   0.31622777E+16   0.40040781E+01   0.12312896E+15   0.18302780E+01   0.27263190E+04   0.75397160E+15   0.81311731E+15   0.45710347E+00   0.26638235E+04   0.28834167E+16   0.35718841E+01   0.15815508E+15   0.31898627E+16   0.40484176E+01   0.12016664E+15   0.42259007E+10
   0.90000000E+00   0.39810717E+16   0.40031428E+01   0.12312896E+15   0.19762887E+01   0.29438116E+04   0.94936930E+15   0.81269767E+15   0.49368429E+00   0.28762600E+04   0.36299640E+16   0.35710358E+01   0.15815508E+15   0.40158038E+16   0.40474734E+01   0.12016664E+15   0.42259007E+10
   0.90000000E+00   0.50118723E+16   0.40024218E+01   0.12312896E+15   0.21339475E+01   0.31786546E+04   0.11953553E+16   0.81237430E+15   0.53316406E+00   0.31056555E+04   0.45698127E+16   0.35703819E+01   0.15815508E+15   0.50556018E+16   0.40467456E+01   0.12016664E+15   0.42259007E+10
   0.90000000E+00   0.63095734E+16   0.40018671E+01   0.12312896E+15   0.23041835E+01   0.34322323E+04   0.15050281E+16   0.81212555E+15   0.57577711E+00   0.33533610E+04   0.57530135E+16   0.35698788E+01   0.15815508E+15   0.63646298E+16   0.40461856E+01   0.12016664E+15   0.42259007E+10
   0.90000000E+00   0.79432823E+16   0.40014408E+01   0.12312896E+15   0.24880001E+01   0.37060392E+04   0.18948776E+16   0.81193445E+15   0.62177605E+00   0.36208355E+04   0.72425762E+16   0.35694922E+01   0.15815508E+15   0.80125983E+16   0.40457554E+01   0.12016664E+15   0.42259007E+10
   0.90000000E+00   0.10000000E+17   0.40011137E+01   0.12312896E+15   0.26864807E+01   0.40016891E+04   0.23856638E+16   0.81178779E+15   0.67143323E+00   0.39096548E+04   0.91178259E+16   0.35691955E+01   0.15815508E+15   0.10087268E+17   0.40454251E+01   0.12016664E+15   0.42259007E+10
   0.90000000E+00   0.12589254E+17   0.40008626E+01   0.12312896E+15   0.29007951E+01   0.43209245E+04   0.30035218E+16   0.81167525E+15   0.72504242E+00   0.42215204E+04   0.11478627E+17   0.35689678E+01   0.15815508E+15   0.12699121E+17   0.40451717E+01   0.12016664E+15   0.42259007E+10
