1.129457349633244609e-02 1.312953754812117481e-07
1.421890459647860878e-02 1.319755738693651326e-07
1.790038800397475427e-02 1.328311206598637248e-07
2.253506158077733107e-02 1.339069651809146054e-07
2.836972027291607967e-02 1.352594281963281531e-07
3.571505786565254414e-02 1.369589883561631783e-07
4.496221133222319533e-02 1.390937020200811583e-07
5.660358875766204750e-02 1.427229383069983703e-07
7.125908991825607997e-02 1.460849176125687656e-07
8.970911575444499853e-02 1.502996008387602882e-07
1.129361244814696963e-01 1.555777307253955404e-07
1.421769471879121005e-01 1.621781788197496937e-07
1.789886487116977287e-01 1.712804789679490935e-07
2.253314408650020639e-01 1.815491000281329540e-07
2.836730631118484780e-01 1.949013902604295619e-07
3.571201889374562288e-01 2.121222821841344963e-07
4.495838552581892245e-01 2.316774434930185539e-07
5.659877239374315749e-01 2.564339337875338064e-07
7.125302652692158123e-01 2.864539086980982598e-07
8.970148246196658626e-01 3.226314660700296089e-07
1.129265148173648203e+00 3.659627660328380423e-07
1.421648494405154617e+00 4.173717392835363841e-07
1.789734186796720916e+00 4.775707280912064974e-07
2.253122675538146602e+00 5.468546413654269577e-07
2.836489255485610705e+00 6.248220835007364356e-07
3.570898018042292676e+00 7.097276439391097329e-07
4.495456004495011371e+00 7.979618535799972657e-07
5.659395643964565181e+00 8.839454280722861715e-07
7.124696365151724109e+00 9.593928539928590821e-07
8.969384981900024201e+00 1.013258820483302616e-06
1.129169059709402489e+01 1.033482249224990816e-06
1.421527527225085663e+01 1.008518466104044049e-06
1.789581899435603063e+01 9.345670139022764370e-07
2.252930958740723000e+01 8.210102908171750466e-07
2.836247900391238375e+01 6.916226947005359788e-07
3.570594172566244140e+01 5.714132458128010883e-07
4.495073488958908570e+01 4.684603084388099773e-07
5.658914089533467973e+01 3.726526773393389892e-07
7.124090129199917953e+01 2.817206600076097665e-07
8.968621782549071497e+01 2.049793986951847815e-07
1.129072979421264051e+02 1.471944088414027577e-07
1.421406570338038193e+02 1.037343268493246072e-07
1.789429625032521756e+02 7.189226387727052191e-08
2.252739258256361836e+02 4.966776267450253539e-08
2.836006565833619106e+02 3.447047316583499448e-08
3.570290352944216465e+02 2.426952801671275748e-08
4.494691005970812512e+02 1.764469617747868693e-08
5.658432576077534577e+02 1.328671404427948437e-08
7.123483944832348698e+02 1.042561883478757972e-08
8.967858648138274020e+02 8.434156087642311827e-09
1.128976907308536966e+03 6.938650644019750960e-09
1.421285623743136739e+03 5.699824828291972619e-09
1.789277363586374122e+03 4.600930407603373339e-09
2.252547574083674590e+03 3.614509113271976324e-09
2.835765251811005328e+03 2.760624786698993452e-09
3.569986559174010836e+03 2.063557550403429117e-09
4.494308555527954013e+03 1.525276521643891328e-09
5.657951103593280095e+03 1.124914205114225797e-09
7.122877812044627717e+03 8.315655479925102861e-10
8.967095578662105254e+03 6.158125772217333617e-10
1.128880843370525690e+04 4.549765441733118487e-10
1.421164687439505360e+04 3.336660217629333847e-10
1.789125115096057198e+04 2.421420111735441544e-10
2.252355906221274199e+04 1.741437681753047068e-10
2.835523958321653117e+04 1.248180138698184112e-10
3.569682791253426694e+04 8.945768150033351192e-11
4.493926137627565186e+04 6.370528905533864803e-11
5.657469672077217547e+04 4.461916100219475296e-11
7.122271730832365574e+04 3.069698465860677932e-11
8.966332574115040188e+04 2.084313174278666443e-11
1.128784787606537284e+05 1.397248721192106927e-11
1.421043761426270357e+05 9.256952184039670148e-12
1.788972879560469009e+05 6.065968848025393048e-12
2.252164254667771747e+05 3.934256113375340071e-12
2.835282685363817145e+05 2.534004480925816557e-12
3.569379049180269940e+05 1.622170965134282771e-12
