9.000000000000000000e+01
9.159993520278405299e+01
9.322831254615816476e+01
9.488563764769983777e+01
9.657242511337945245e+01
9.828919869734740189e+01
1.000364914645620757e+02
1.018148459563083179e+02
1.036248143586586110e+02
1.054669586739295255e+02
1.073418508951849049e+02
1.092500731838426304e+02
1.111922180504378161e+02
1.131688885385992336e+02
1.151806984122976019e+02
1.172282723464207095e+02
1.193122461207384646e+02
1.214332668173139780e+02
1.235919930214261200e+02
1.257890950260618013e+02
1.280252550400455505e+02
1.303011673998675235e+02
1.326175387852774747e+02
1.349750884387124756e+02
1.373745483886233387e+02
1.398166636767735724e+02
1.423021925895766913e+02
1.448319068935480516e+02
1.474065920749405052e+02
1.500270475836417745e+02
1.526940870814065647e+02
1.554085386945010612e+02
1.581712452708406715e+02
1.609830646416961883e+02
1.638448698880552570e+02
1.667575496117159162e+02
1.697220082112025636e+02
1.727391661625836150e+02
1.758099603052843918e+02
1.789353441329787699e+02
1.821162880896523291e+02
1.853537798709301114e+02
1.886488247307587187e+02
1.920024457935429893e+02
1.954156843718286893e+02
1.988896002896356947e+02
2.024252722115359688e+02
2.060237979775844792e+02
2.096862949442024160e+02
2.134139003311199190e+02
2.172077715744889304e+02
2.210690866862698840e+02
2.249990446200108636e+02
2.289988656431255265e+02
2.330697917157928316e+02
2.372130868765887044e+02
2.414300376349765997e+02
2.457219533707730648e+02
2.500901667407146647e+02
2.545360340922547664e+02
2.590609358847128192e+02
2.636662771179143760e+02
2.683534877684471098e+02
2.731240232336763256e+02
2.779793647836490891e+02
2.829210200210367248e+02
2.879505233492504885e+02
2.930694364488786618e+02
2.982793487625970101e+02
3.035818779886943730e+02
3.089786705833766973e+02
3.144714022719960553e+02
3.200617785693720521e+02
3.257515353093585873e+02
3.315424391838294014e+02
3.374362882912417376e+02
3.434349126949520041e+02
3.495401749914601055e+02
3.557539708887501888e+02
3.620782297949183430e+02
3.685149154172583508e+02
3.750660263720035346e+02
3.817335968049021631e+02
3.885196970228300302e+02
3.954264341366281315e+02
4.024559527153674026e+02
4.096104354522487370e+02
4.168921038423346204e+02
4.243032188723353784e+02
4.318460817226510358e+02
4.395230344819003108e+02
4.473364608741451320e+02
4.552887869990489662e+02
4.633824820851893946e+02
4.716200592567617491e+02
4.800040763139173805e+02
4.885371365269667763e+02
4.972218894447092907e+02
5.060610317171243651e+02
5.150573079326960624e+02
5.242135114706146624e+02
5.335324853681350987e+02
5.430171232033502520e+02
5.526703699936560952e+02
5.624952231101955249e+02
5.724947332085492917e+02
5.826720051759807575e+02
5.930301990955117617e+02
6.035725312271446228e+02
6.143022750065194941e+02
6.252227620613330146e+02
6.363373832458199786e+02
6.476495896936254439e+02
6.591628938893968552e+02
6.708808707594258749e+02
6.828071587816751844e+02
6.949454611155387056e+02
7.072995467516916506e+02
7.198732516823715741e+02
7.326704800924737810e+02
7.456952055718144265e+02
7.589514723489439803e+02
7.724433965468973611e+02
7.861751674612686429e+02
8.001510488610014136e+02
8.143753803123040598e+02
8.288525785261076635e+02
8.435871387294654369e+02
8.585836360613442366e+02
8.738467269932208410e+02
8.893811507749330758e+02
9.051917309062368986e+02
9.212833766345241884e+02
9.376610844791605359e+02
9.543299397829260897e+02
9.712951182910318266e+02
9.885618877582102186e+02
1.006135609584376311e+03
1.024021740479361370e+03
1.042225834157240797e+03
1.060753543060786114e+03
1.079610620116572591e+03
1.098802920521283340e+03
1.118336403559771725e+03
1.138217134455440828e+03
1.158451286253520493e+03
1.179045141737824679e+03
1.200005095381579167e+03
1.221337655332926261e+03
1.243049445435735151e+03
1.265147207286332332e+03
1.287637802326790734e+03
1.310528213975436984e+03
1.333825549795226380e+03
1.357537043700671575e+03
1.381670058204005045e+03
1.406232086701264052e+03
1.431230755799018198e+03
1.456673827682462388e+03
1.482569202525609626e+03
1.508924920944321912e+03
1.535749166492955283e+03
1.563050268205381599e+03
1.590836703181189932e+03
1.619117099217861096e+03
1.647900237489730898e+03
1.677195055274576134e+03
1.707010648728676415e+03
1.737356275711211310e+03
1.768241358658857962e+03
1.799675487511490019e+03
1.831668422689903764e+03
1.864230098126452503e+03
1.897370624349585341e+03
1.931100291623199837e+03
1.965429573141806031e+03
2.000369128282497741e+03
2.035929805914736562e+03
2.072122647768962452e+03
2.108958891865090663e+03
2.146449976001973482e+03
2.184607541308866530e+03
2.223443435860060163e+03
2.262969718353745520e+03
2.303198661856285071e+03
2.344142757613049525e+03
2.385814718927008016e+03
2.428227485106249333e+03
2.471394225481683861e+03
2.515328343496188609e+03
2.560043480866409482e+03
2.605553521818585068e+03
2.651872597399647475e+03
2.699015089864959918e+03
2.746995637144072589e+03
2.795829137385859212e+03
2.845530753584449030e+03
2.896115918287384829e+03
2.947600338387510419e+03
3.000000000000000000e+03
