1.139284879453916904e-01 1.128523568734951694e-02 1.164749296940181135e-05 1.129694487689993608e-02
1.478757636628313388e-01 1.012375722055180657e-02 1.385804125286491917e-05 1.013770400346809646e-02
1.919383103666484347e-01 8.942239115008059763e-03 1.653442568427676974e-05 8.958886741951249677e-03
2.491301757223904623e-01 7.773924340120679649e-03 1.978002643441064020e-05 7.793852133439280010e-03
3.233635032886786886e-01 6.676532378543392592e-03 2.371525370989328971e-05 6.700435003938197236e-03
4.197161381832946736e-01 5.692689311212974571e-03 2.847614895782593888e-05 5.721400885704900664e-03
5.447789712193723544e-01 4.840380480511614035e-03 3.420625341523965006e-05 4.874880567436522087e-03
7.071067811865475727e-01 4.089022119210159421e-03 4.104170628356232446e-05 4.130430035594662673e-03
9.178034146231011103e-01 3.410216958877144121e-03 4.909110618319032074e-05 3.459759669334756642e-03
1.191281331626196538e+00 2.813743594052224573e-03 5.840968519658253343e-05 2.872698926449237990e-03
1.546247473554958729e+00 2.309850038897939568e-03 6.896799431415711159e-05 2.379465497983217909e-03
2.006982889769072909e+00 1.887605690436755176e-03 8.062615714416514960e-05 1.968993708385855662e-03
2.605003654793457191e+00 1.524918913669914139e-03 9.312270876669012112e-05 1.618939985219463315e-03
3.381216689031207867e+00 1.202419219577748055e-03 1.060848735069774531e-04 1.309568725496036180e-03
4.388717949453173617e+00 9.124437702111877751e-04 1.190456099096037068e-04 1.032742719406404362e-03
5.696424397269586493e+00 6.575311859411151968e-04 1.314700086002710351e-04 7.904366641668042828e-04
7.393788183141568382e+00 4.466575226620300731e-04 1.427984566917509012e-04 5.910179867583716237e-04
9.596915518332425066e+00 2.870597539394147417e-04 1.524778348666544709e-04 4.411131828641982064e-04
1.245650878611952095e+01 1.770424229507633102e-04 1.599655271774167689e-04 3.384468785564545882e-04
1.616817516443392933e+01 1.066978200920297925e-04 1.647349795684696725e-04 2.726002422777203051e-04
2.098580690916472591e+01 6.369519768121562747e-05 1.663113684939153002e-04 2.308426710838053708e-04
2.723894856096862682e+01 3.798225513023159426e-05 1.643362097996299326e-04 2.028494205740916209e-04
3.535533905932738463e+01 2.261598686761201929e-05 1.586279948272183767e-04 1.815522478012378618e-04
4.589017073115505951e+01 1.335762209675670654e-05 1.491856735888096237e-04 1.627314642679419596e-04
5.956406658130983800e+01 7.827277752056419362e-06 1.363064272868780183e-04 1.442785093662097640e-04
7.731237367774792801e+01 4.608929921068680445e-06 1.207189142257725922e-04 1.254437411566388402e-04
1.003491444884536037e+02 2.785547596070315719e-06 1.032720633567192002e-04 1.061071269213477593e-04
1.302501827396729368e+02 1.689734711116567741e-06 8.517873581378443133e-05 8.683827012792516640e-05
1.690608344515604529e+02 9.869931317951678505e-07 6.734134762034096433e-05 6.827865843843527083e-05
2.194358974726587235e+02 5.867862408702195160e-07 5.088061455970510784e-05 5.142725963152826600e-05
