0.000000000000000000e+00 0.000000000000000000e+00 0.000000000000000000e+00 0.000000000000000000e+00
8.016032064128255849e-03 8.418658789885499327e-04 5.877210309828299417e-04 2.278090257832289999e-04
1.603206412825651170e-02 3.035027868972184177e-03 2.050818728615344533e-03 8.245072090303634787e-04
2.404809619238476581e-02 6.664333985979297922e-03 4.380088853865050577e-03 1.816304123890985283e-03
3.206412825651302340e-02 1.181463224603829069e-02 7.566327167699455312e-03 3.229409344514677128e-03
4.008016032064128098e-02 1.857077066517754879e-02 1.160032943108606392e-02 5.090032445051019885e-03
4.809619238476953162e-02 2.760370114487863819e-02 1.673185817208014750e-02 7.590114949634161473e-03
5.611222444889778921e-02 3.848527131015274522e-02 2.270217756008428844e-02 1.061055035390381408e-02
6.412825651302604679e-02 5.116611199452557324e-02 2.951579287935801946e-02 1.413161701932060324e-02
7.214428857715429744e-02 6.560998745281647337e-02 3.719049476445549646e-02 1.813655156299329510e-02
8.016032064128256196e-02 8.177036385809470509e-02 4.574636974338722878e-02 2.260493578473535270e-02
8.817635270541081260e-02 1.000782801758804963e-01 5.548776277309596522e-02 2.763831205456164161e-02
9.619238476953906325e-02 1.200078447669339771e-01 6.619438497357475748e-02 3.308581817265431740e-02
1.042084168336673278e-01 1.414686964591712337e-01 7.786212862689989578e-02 3.891550548886592298e-02
1.122244488977955784e-01 1.644143014256614910e-01 9.051108026108183047e-02 4.510695580300991964e-02
1.202404809619238429e-01 1.887981258394740292e-01 1.041613264041311160e-01 5.163975091489976521e-02
1.282565130260520936e-01 2.149500492684822683e-01 1.191393216505957087e-01 5.857489638113334146e-02
1.362725450901803581e-01 2.424561956006367480e-01 1.352195376421894690e-01 6.580298019074097560e-02
1.442885771543085949e-01 2.712153475343098141e-01 1.523809965016626189e-01 7.329114031814400188e-02
1.523046092184368594e-01 3.011809712425708718e-01 1.706437847570256849e-01 8.101895856315589894e-02
1.603206412825651239e-01 3.323065328984891598e-01 1.900279889362891661e-01 8.896601672559011076e-02
1.683366733466933607e-01 3.648281243676464447e-01 2.108789912473668926e-01 9.715601811499376128e-02
1.763527054108216252e-01 3.984291416744734082e-01 2.329723879021723398e-01 1.055145317765129875e-01
1.843687374749498897e-01 4.329876675744860903e-01 2.562239395035997847e-01 1.140047658633335792e-01
1.923847695390781265e-01 4.684036264293923724e-01 2.805193475796374236e-01 1.225868609539314119e-01
2.004008016032063910e-01 5.045491450823177404e-01 3.056745444547219193e-01 1.312108642493328980e-01
2.084168336673346555e-01 5.413658918238759554e-01 3.315285781470459492e-01 1.397908830937351077e-01
2.164328657314629201e-01 5.785236056923515058e-01 3.576231161862753472e-01 1.482460730757425293e-01
2.244488977955911568e-01 6.158447131561003429e-01 3.837012361621653933e-01 1.565235776325553940e-01
2.324649298597194214e-01 6.531869684776164808e-01 4.095427965495894163e-01 1.645682252302685944e-01
2.404809619238476859e-01 6.904081259193940445e-01 4.349276558234204115e-01 1.723248443349771619e-01
2.484969939879759226e-01 7.272343489146960716e-01 4.593649222038492241e-01 1.796271598690800664e-01
2.565130260521041872e-01 7.634903449833295719e-01 4.826289374806556065e-01 1.864480267138337588e-01
2.645290581162324517e-01 7.990590769694788653e-01 5.045600447814827527e-01 1.927612714355845525e-01
2.725450901803607162e-01 8.337982991356378548e-01 5.249381025812037693e-01 1.985117225004275066e-01
2.805611222444889807e-01 8.675657657443011095e-01 5.435429693546920404e-01 2.036442083744575970e-01
2.885771543086171897e-01 8.998946693495986082e-01 5.595886874291071678e-01 2.079208116032505715e-01
2.965931863727454543e-01 9.307196179964233318e-01 5.730125250444010332e-01 2.113506062707648514e-01
3.046092184368737188e-01 9.600066448830063548e-01 5.837869647710760557e-01 2.139428421174680850e-01
3.126252505010019833e-01 9.876349031139666224e-01 5.917350058842830718e-01 2.156533390315735488e-01
3.206412825651302478e-01 1.013516052431960635e+00 5.967451821573053206e-01 2.164546137944363402e-01
3.286573146292585124e-01 1.037298220835185525e+00 5.983466643726442769e-01 2.161924268826914131e-01
3.366733466933867214e-01 1.059272918629695415e+00 5.971587219364137278e-01 2.150446118193669875e-01
3.446893787575149859e-01 1.079678400284671325e+00 5.936567562347584426e-01 2.131501636293763879e-01
3.527054108216432504e-01 1.098570400189748275e+00 5.880197604748944595e-01 2.105556024094061285e-01
3.607214428857715149e-01 1.116004652734561953e+00 5.804267278640375949e-01 2.073074482561427512e-01
3.687374749498997795e-01 1.131764468440434657e+00 5.707522210777956628e-01 2.033427049664563169e-01
3.767535070140280440e-01 1.146067032660258445e+00 5.594492525589837006e-01 1.987921363904500971e-01
3.847695390781562530e-01 1.159133683427079564e+00 5.469026755980975762e-01 1.937731340778634792e-01
3.927855711422845175e-01 1.171020155130533480e+00 5.332914834023528838e-01 1.883322181253829497e-01
4.008016032064127820e-01 1.181782182160255656e+00 5.187946691789655507e-01 1.825159086296950783e-01
4.088176352705410466e-01 1.191285487216627192e+00 5.035152453029326791e-01 1.763225130155017251e-01
4.168336673346693111e-01 1.199690589119853490e+00 4.877966779728882263e-01 1.698504645005154412e-01
4.248496993987975756e-01 1.207193080256609319e+00 4.719049170241197966e-01 1.631881816390345352e-01
4.328657314629258401e-01 1.213848695016529478e+00 4.560189556638432617e-01 1.563821845277455214e-01
4.408817635270540491e-01 1.219712459972349672e+00 4.403124091507887861e-01 1.494780860952877877e-01
4.488977955911823137e-01 1.224718661727979052e+00 4.250502496559737664e-01 1.425216952277750804e-01
4.569138276553105782e-01 1.228961238305812387e+00 4.103136123142230307e-01 1.355585152321354403e-01
4.649298597194388427e-01 1.232581710097667482e+00 3.960730501104905432e-01 1.286156337907505276e-01
4.729458917835671072e-01 1.235616314354933909e+00 3.823594182164257171e-01 1.217145826440985817e-01
4.809619238476953718e-01 1.238101288329002569e+00 3.692035718036781877e-01 1.148768935326577451e-01
4.889779559118235808e-01 1.239996581585385949e+00 3.567452125957922271e-01 1.081448395126889395e-01
4.969939879759518453e-01 1.241369827736450882e+00 3.450317052822456376e-01 1.015547211634680175e-01
5.050100200400801098e-01 1.242337675040544598e+00 3.339987931431161461e-01 9.511366544027245740e-02
5.130260521042083743e-01 1.242936360749057556e+00 3.236773313500529436e-01 8.884320408358047094e-02
5.210420841683366389e-01 1.243202122113379549e+00 3.140981750747056656e-01 8.276486883387028370e-02
5.290581162324649034e-01 1.243134617805655484e+00 3.054212057505624189e-01 7.693934541917060721e-02
5.370741482965931679e-01 1.242792385019766188e+00 2.977133060100182194e-01 7.140789344288230034e-02
5.450901803607214324e-01 1.242261459325913142e+00 2.908705214802896899e-01 6.615426816438998991e-02
5.531062124248496970e-01 1.241578077975486361e+00 2.849237073330261327e-01 6.120000132417190847e-02
5.611222444889779615e-01 1.240778478219876524e+00 2.799037187398769611e-01 5.656662466270626771e-02
5.691382765531061150e-01 1.239896287283184018e+00 2.759857288962908051e-01 5.232982561100107954e-02
5.771543086172343795e-01 1.238981960190857157e+00 2.732539547331995222e-01 4.853546001047867597e-02
5.851703406813626440e-01 1.238048999706206965e+00 2.715185171375107953e-01 4.511566586474479584e-02
5.931863727454909085e-01 1.237099369247238512e+00 2.707711096487558367e-01 4.206844846614714306e-02
6.012024048096191731e-01 1.236133771517812230e+00 2.710019853016061853e-01 3.939094772014749973e-02
6.092184368737474376e-01 1.235151084669922961e+00 2.723247628627234462e-01 3.712721269820250941e-02
6.172344689378757021e-01 1.234151509021439441e+00 2.747894642507221485e-01 3.529768816149185529e-02
6.252505010020039666e-01 1.233138763003010618e+00 2.781936539282268694e-01 3.382649653476180185e-02
6.332665330661322312e-01 1.232113549318495149e+00 2.825275849299090924e-01 3.271077772347413815e-02
6.412825651302604957e-01 1.231076570671753467e+00 2.877815102904403011e-01 3.194767163309066710e-02
6.492985971943887602e-01 1.230027379370782770e+00 2.940496405583885586e-01 3.157443389481639356e-02
6.573146292585170247e-01 1.228966191084384985e+00 3.014018991855419438e-01 3.161954586786409199e-02
6.653306613226452892e-01 1.227896034736272846e+00 3.096353573194450259e-01 3.200588681919856737e-02
6.733466933867734427e-01 1.226817613030307230e+00 3.187402679947691220e-01 3.273059665428160181e-02
6.813627254509017073e-01 1.225731628670347462e+00 3.287068842461861595e-01 3.379081527857501904e-02
6.893787575150299718e-01 1.224638196800968970e+00 3.396115524778856587e-01 3.521745796731543671e-02
6.973947895791582363e-01 1.223537771080753567e+00 3.515410095273986402e-01 3.704613650918218981e-02
7.054108216432865008e-01 1.222418415017630045e+00 3.642822531980808853e-01 3.920018726857281421e-02
7.134268537074147654e-01 1.221234350477565789e+00 3.777890329871890218e-01 4.168084271926313089e-02
7.214428857715430299e-01 1.219929516883832443e+00 3.920070231173367059e-01 4.449024068874175147e-02
7.294589178356712944e-01 1.218415401369105977e+00 4.069262916754022852e-01 4.766125249997019142e-02
7.374749498997995589e-01 1.216547180333834799e+00 4.225328460792837082e-01 5.124854620566137581e-02
7.454909819639278235e-01 1.214307913147667284e+00 4.386130653349830655e-01 5.517548147482238124e-02
7.535070140280560880e-01 1.211634719246373670e+00 4.551072676156062702e-01 5.944479662464934033e-02
7.615230460921843525e-01 1.208464718065725307e+00 4.719557710942595130e-01 6.405922997233834404e-02
7.695390781563125060e-01 1.204684555443816585e+00 4.891140916780748471e-01 6.904843584621508934e-02
7.775551102204407705e-01 1.200077064720863840e+00 5.065215229457170620e-01 7.447883025034764126e-02
7.855711422845690350e-01 1.194722489621328432e+00 5.240457099221674797e-01 8.026524189702374801e-02
7.935871743486972996e-01 1.188557949580981044e+00 5.416269707805322353e-01 8.641040910343954218e-02
8.016032064128255641e-01 1.181520564035593246e+00 5.592056236939171310e-01 9.291707018679112862e-02
8.096192384769538286e-01 1.173482098806180041e+00 5.767120869365435221e-01 9.981122868794536918e-02
8.176352705410820931e-01 1.164133121617720867e+00 5.940200311541730116e-01 1.071719161479714882e-01
8.256513026052103577e-01 1.153661021826992927e+00 6.110878219376008058e-01 1.149049965296149306e-01
8.336673346693386222e-01 1.142017155183719046e+00 6.278627283326706499e-01 1.230112107600509624e-01
8.416833667334668867e-01 1.129180494330805473e+00 6.443055033186788627e-01 1.314874250481084250e-01
8.496993987975951512e-01 1.115109294376427806e+00 6.603755520043538274e-01 1.403427335823805577e-01
8.577154308617234157e-01 1.099593845909225154e+00 6.759654784588147169e-01 1.496399193849626275e-01
8.657314629258516803e-01 1.082993723394029884e+00 6.911607152865887338e-01 1.592677202689409544e-01
8.737474949899798338e-01 1.065340332673767598e+00 7.059476159490768454e-01 1.692156459356357057e-01
8.817635270541080983e-01 1.046665079591362346e+00 7.203125339076805744e-01 1.794732060863677148e-01
8.897795591182363628e-01 1.026964946623191821e+00 7.342251323324077150e-01 1.900402504717122187e-01
8.977955911823646273e-01 1.006047478238043524e+00 7.475475013615133779e-01 2.009729565988890576e-01
9.058116232464928919e-01 9.842331489645717024e-01 7.603935717608254485e-01 2.121735437440715744e-01
9.138276553106211564e-01 9.615533646457005146e-01 7.727496969917450054e-01 2.236315216085802415e-01
9.218436873747494209e-01 9.380395311243547862e-01 7.846022305156731269e-01 2.353363998937355595e-01
9.298597194388776854e-01 9.137055017499055021e-01 7.959250131000782380e-01 2.472828142313949762e-01
9.378757515030059499e-01 8.883860252373639854e-01 8.065452972965579947e-01 2.595170129549153049e-01
9.458917835671342145e-01 8.623575009961671478e-01 8.166076738601372176e-01 2.719563586330508431e-01
9.539078156312624790e-01 8.356513348692394816e-01 8.260984962522172070e-01 2.845903609671220913e-01
9.619238476953907435e-01 8.083046419438767449e-01 8.350100670192818209e-01 2.974100121680973152e-01
9.699398797595190080e-01 7.803555412888774079e-01 8.433354560385030174e-01 3.104096076828464779e-01
9.779559118236471615e-01 7.517995175836789112e-01 8.509915275232212695e-01 3.236542331686266816e-01
9.859719438877754261e-01 7.229359991456522083e-01 8.582308012447283918e-01 3.370967730005701157e-01
9.939879759519036906e-01 6.938684710279134915e-01 8.651147378635988261e-01 3.507454535643003135e-01
1.002004008016031955e+00 6.647004182835780650e-01 8.717047980404070140e-01 3.646085012454408081e-01
1.010020040080160220e+00 6.355353259657612330e-01 8.780624424357267310e-01 3.786941424296152436e-01
1.018036072144288484e+00 6.065778874309528668e-01 8.842329974904719059e-01 3.930910445840976597e-01
1.026052104208416749e+00 5.779323357085831558e-01 8.903538328070780272e-01 4.077358366024418923e-01
1.034068136272545013e+00 5.497016354162214125e-01 8.964868779417096700e-01 4.226359647675891895e-01
1.042084168336673278e+00 5.219892716069830518e-01 9.026935935549414980e-01 4.377996554651629180e-01
1.050100200400801542e+00 4.948987293339834337e-01 9.090354403073478418e-01 4.532351350807867774e-01
1.058116232464929807e+00 4.688231966459767697e-01 9.156728052010827401e-01 4.690431002524503845e-01
1.066132264529058071e+00 4.436907396671774251e-01 9.226322069088978006e-01 4.851520856073479049e-01
1.074148296593186336e+00 4.195919952281059739e-01 9.299713653554008141e-01 5.015656025240646798e-01
1.082164328657314600e+00 3.966304483818778870e-01 9.377517412011664444e-01 5.182918773882242425e-01
1.090180360721442865e+00 3.749082936872582539e-01 9.460333565843574988e-01 5.353388162417190843e-01
1.098196392785571129e+00 3.549360458977300903e-01 9.550208654415268672e-01 5.528042448917627194e-01
1.106212424849699394e+00 3.362877542202385994e-01 9.644146093755723292e-01 5.705589228631580134e-01
1.114228456913827658e+00 3.188515474539740935e-01 9.740646413192055597e-01 5.885579838179021417e-01
1.122244488977955923e+00 3.025571240795507655e-01 9.838387009149307527e-01 6.067665145191885046e-01
1.130260521042083965e+00 2.873341825775830860e-01 9.936045278052514362e-01 6.251496017302099473e-01
1.138276553106212230e+00 2.733599910797705479e-01 1.003117323645321246e+00 6.436931193690224040e-01
1.146292585170340494e+00 2.602897166801086959e-01 1.012219224973436749e+00 6.623125342941917904e-01
1.154308617234468759e+00 2.480111101846537991e-01 1.020786471183143806e+00 6.809675441330939050e-01
1.162324649298597024e+00 2.364538700740199673e-01 1.028686801916946170e+00 6.996232356489220372e-01
1.170340681362725288e+00 2.255476948288213934e-01 1.035787956817348032e+00 7.182446956048698095e-01
1.178356713426853553e+00 2.153441847510947638e-01 1.041635612472125993e+00 7.367601402742205430e-01
1.186372745490981817e+00 2.056134158832750303e-01 1.046234291890277612e+00 7.551325993851417673e-01
1.194388777555110082e+00 1.962538979126420835e-01 1.049507373062024795e+00 7.733318653401797249e-01
1.202404809619238346e+00 1.871953293198101997e-01 1.051322595629871071e+00 7.913230249025277052e-01
1.210420841683366611e+00 1.783674085853934610e-01 1.051547699236320410e+00 8.090711648353788865e-01
1.218436873747494875e+00 1.697072050561233836e-01 1.049539787537613345e+00 8.264523745770370189e-01
1.226452905811623140e+00 1.611014252704735805e-01 1.045490778742391269e+00 8.434758234055967918e-01
1.234468937875751404e+00 1.525519990631357958e-01 1.039619479532030821e+00 8.601596755821683260e-01
1.242484969939879669e+00 1.440731300887050370e-01 1.032029279681665024e+00 8.765029614478840880e-01
1.250501002004007933e+00 1.356848345269707490e-01 1.022839777705709663e+00 8.925070460873326672e-01
1.258517034068136198e+00 1.274434520703968121e-01 1.011861375861797363e+00 9.080908615475626888e-01
1.266533066132264462e+00 1.193620894129024529e-01 9.995208391569292417e-01 9.233115260586322037e-01
1.274549098196392727e+00 1.114509685272664224e-01 9.860570260967171929e-01 9.381984226504106461e-01
1.282565130260520991e+00 1.037301055932781102e-01 9.715895351955761150e-01 9.527529164074866053e-01
1.290581162324649256e+00 9.621951679072694719e-02 9.562379649679212390e-01 9.669763724144485595e-01
1.298597194388777520e+00 8.900132357866744059e-02 9.399952111015543732e-01 9.807940707546719539e-01
1.306613226452905785e+00 8.207591239742902112e-02 9.231551439097268608e-01 9.942530826606045258e-01
1.314629258517034049e+00 7.544044370678962275e-02 9.059070231616315194e-01 1.007386490123399536e+00
1.322645290581162314e+00 6.911493368653867653e-02 8.883704473716834693e-01 1.020195658227645019e+00
1.330661322645290578e+00 6.311939851646558575e-02 8.706650150542977196e-01 1.032681952057930008e+00
1.338677354709418621e+00 5.755857054224895741e-02 8.529471690281319463e-01 1.044776783482932014e+00
1.346693386773546885e+00 5.242645771056137632e-02 8.354157775113134621e-01 1.056517609239537636e+00
1.354709418837675150e+00 4.769620729997995495e-02 8.181651896142964064e-01 1.067933778524921662e+00
1.362725450901803415e+00 4.336313562636970320e-02 8.012313070227169431e-01 1.079003751035753522e+00
1.370741482965931679e+00 3.941259297470922629e-02 7.846162609859345105e-01 1.089696744482425261e+00
1.378757515030059944e+00 3.589167222921623573e-02 7.683599071951706660e-01 1.099878606719534968e+00
1.386773547094188208e+00 3.273713097702080771e-02 7.524101328973519243e-01 1.109524555506107069e+00
1.394789579158316473e+00 2.988506573385738690e-02 7.367139963910243061e-01 1.118650841120856665e+00
1.402805611222444737e+00 2.731536367807249274e-02 7.212551168923720946e-01 1.127221615069072591e+00
1.410821643286573002e+00 2.500791198801266893e-02 7.060171136175796835e-01 1.135201028856043459e+00
1.418837675350701266e+00 2.298236782152961524e-02 6.910174005246976225e-01 1.142420099978801229e+00
1.426853707414829531e+00 2.119132939626678508e-02 6.762169598752335586e-01 1.148854139535628649e+00
1.434869739478957795e+00 1.958248832381123683e-02 6.615721966863236103e-01 1.154554134823548850e+00
1.442885771543086060e+00 1.813573178250950033e-02 6.470667301741518385e-01 1.159484237347850444e+00
1.450901803607214324e+00 1.683094695070811581e-02 6.326841795549029701e-01 1.163608598613823153e+00
1.458917835671342589e+00 1.566354144946168273e-02 6.184221120291101270e-01 1.166729084730389943e+00
1.466933867735470853e+00 1.459558174778923835e-02 6.042494149215540400e-01 1.168809742196174284e+00
1.474949899799599118e+00 1.358954074269936446e-02 5.901344349436148384e-01 1.169941974295967135e+00
1.482965931863727382e+00 1.262793176306129667e-02 5.760639770445868946e-01 1.170096150974772486e+00
1.490981963927855647e+00 1.169770420281641445e-02 5.620302274796932229e-01 1.169253146298735890e+00
1.498997995991983911e+00 1.080088338184126244e-02 5.480470810165998241e-01 1.167256899674052217e+00
1.507014028056112176e+00 9.939788122437001258e-03 5.341312139105126588e-01 1.164136817579443095e+00
1.515030060120240440e+00 9.111148027547501943e-03 5.202852696980805325e-01 1.160068969389755456e+00
1.523046092184368705e+00 8.316356318989033547e-03 5.065189561666307849e-01 1.155068430589569761e+00
1.531062124248496970e+00 7.556806218577882470e-03 4.928419811034907005e-01 1.149150276663466475e+00
1.539078156312625012e+00 6.839855380988684765e-03 4.792817374627375560e-01 1.142195611130260691e+00
1.547094188376753277e+00 6.168804744091948601e-03 4.658575927139252393e-01 1.134209943947472210e+00
1.555110220440881541e+00 5.538541014056818333e-03 4.525614253493197570e-01 1.125366665052639936e+00
1.563126252505009806e+00 4.950457412699569952e-03 4.394029431562484489e-01 1.115680849930344110e+00
1.571142284569138070e+00 4.405947161836479449e-03 4.263918539220385440e-01 1.105167574065164304e+00
1.579158316633266335e+00 3.913007988940995531e-03 4.135620865635018517e-01 1.093732128738849285e+00
1.587174348697394599e+00 3.476364364266119021e-03 4.009387754991408093e-01 1.081360903778872506e+00
1.595190380761522864e+00 3.088839388799694604e-03 3.885014963095383411e-01 1.068222221489885992e+00
1.603206412825651128e+00 2.751826284357999138e-03 3.762599567820218982e-01 1.054331157356469761e+00
1.611222444889779393e+00 2.466462927891618570e-03 3.642237170391218748e-01 1.039704171452895620e+00
1.619238476953907657e+00 2.240002708435756724e-03 3.524310311289294839e-01 1.024274664725548067e+00
1.627254509018035922e+00 2.071362141524012331e-03 3.409114389473863471e-01 1.008056289048314458e+00
1.635270541082164186e+00 1.946006605093829550e-03 3.296277413660318456e-01 9.912374211056718121e-01
1.643286573146292451e+00 1.860255911498905979e-03 3.185867122421321418e-01 9.738606465904882104e-01
1.651302605210420715e+00 1.810429873092939861e-03 3.077951254329532871e-01 9.559685511956319548e-01
1.659318637274548980e+00 1.795801127231958340e-03 2.972899650997557486e-01 9.375582995057640812e-01
1.667334669338677244e+00 1.812958674043098177e-03 2.871100098036742376e-01 9.186591029451968149e-01
1.675350701402805509e+00 1.851393000460884591e-03 2.772064581155904150e-01 8.994140849953827788e-01
1.683366733466933773e+00 1.907423918839014094e-03 2.675860838927704433e-01 8.798658313491901639e-01
1.691382765531062038e+00 1.977371241531184279e-03 2.582556609924802626e-01 8.600569276994871615e-01
1.699398797595190302e+00 2.057973964629765656e-03 2.492526434961926940e-01 8.400151807221309941e-01
1.707414829659318567e+00 2.143746620505297511e-03 2.406280154317876618e-01 8.197911592016371429e-01
1.715430861723446831e+00 2.228787805112558522e-03 2.323202999831893156e-01 7.994759871680587882e-01
1.723446893787575096e+00 2.309417330805246284e-03 2.243362710076637345e-01 7.791122503142641209e-01
1.731462925851703361e+00 2.381955009937059258e-03 2.166827023624769422e-01 7.587425343331212213e-01
1.739478957915831625e+00 2.441189197359885672e-03 2.093964449630145164e-01 7.384185417433078991e-01
1.747494989979959668e+00 2.479818606089184436e-03 2.025369051445339574e-01 7.182199038236438682e-01
1.755511022044087932e+00 2.502092546147574245e-03 1.960082159326194118e-01 6.981588514547493185e-01
1.763527054108216197e+00 2.508848565341090502e-03 1.897983485435938977e-01 6.782596178907118745e-01
1.771543086172344461e+00 2.501023251207440054e-03 1.838948619942318008e-01 6.585460340555945313e-01
1.779559118236472726e+00 2.478665360962211198e-03 1.783053452854398979e-01 6.390600268993847921e-01
1.787575150300600990e+00 2.441052931546048611e-03 1.730599801221929801e-01 6.198849423704209105e-01
1.795591182364729255e+00 2.392586972665671895e-03 1.680714782218106773e-01 6.009903593671435118e-01
1.803607214428857519e+00 2.334204071858788331e-03 1.633273986010674028e-01 5.824001088136162574e-01
1.811623246492985784e+00 2.266840816663103896e-03 1.588153002767375421e-01 5.641380216339023645e-01
1.819639278557114048e+00 2.191041221170895309e-03 1.545346960245684576e-01 5.462512287822127721e-01
1.827655310621242313e+00 2.106910344781218799e-03 1.505077771017129251e-01 5.288589143481056132e-01
1.835671342685370577e+00 2.017526917865694863e-03 1.466633218984720044e-01 5.118896150845784199e-01
1.843687374749498842e+00 1.923827527962029913e-03 1.429888894316200254e-01 4.953671619156941874e-01
1.851703406813627106e+00 1.826748762607931014e-03 1.394720387179314292e-01 4.793153857655164107e-01
1.859719438877755371e+00 1.727181522469358518e-03 1.361061771568220502e-01 4.637828463965883996e-01
1.867735470941883635e+00 1.626354630009788256e-03 1.329015638599669868e-01 4.489321164314709067e-01
1.875751503006011900e+00 1.525736509532693791e-03 1.298049948678695886e-01 4.346395372520518441e-01
1.883767535070140164e+00 1.425799524763027466e-03 1.268039631432519854e-01 4.209044149029348980e-01
1.891783567134268429e+00 1.326945481299064570e-03 1.238859516091744273e-01 4.077223278527055128e-01
1.899799599198396693e+00 1.229586438061352777e-03 1.210401367567935094e-01 3.951037047465708607e-01
1.907815631262524958e+00 1.134771754835428885e-03 1.182606761966598641e-01 3.831775311322300759e-01
1.915831663326653223e+00 1.042420420894797162e-03 1.155143842410977228e-01 3.717752320155217616e-01
1.923847695390781487e+00 9.528792551597031627e-04 1.127887359891548008e-01 3.608894809264789894e-01
1.931863727454909752e+00 8.664950765503909216e-04 1.100712065398788131e-01 3.505129513951347198e-01
1.939879759519038016e+00 7.836950541956332755e-04 1.073488037205389406e-01 3.406480995489470920e-01
1.947895791583166281e+00 7.061713622008338994e-04 1.045957167210780359e-01 3.314256382670188184e-01
1.955911823647294323e+00 6.331850653114073002e-04 1.018008969383155798e-01 3.226832377415342346e-01
1.963927855711422588e+00 5.650829824475940436e-04 9.895181947129919053e-02 3.144135715025258571e-01
1.971943887775550852e+00 5.022119325296414173e-04 9.603595941907663858e-02 3.066093130800268685e-01
1.979959919839679117e+00 4.449592532834189033e-04 9.304014008775488009e-02 2.992661067126523577e-01
1.987975951903807381e+00 3.957698163564525693e-04 8.991461396121849803e-02 2.925140713530967607e-01
1.995991983967935646e+00 3.531918203549354990e-04 8.667245366350746771e-02 2.861982830087956842e-01
2.004008016032063910e+00 3.174285903163234085e-04 8.330655770522034376e-02 2.803072860190150006e-01
2.012024048096192175e+00 2.883921586960098375e-04 7.982083412240394138e-02 2.748212424657635600e-01
2.020040080160320439e+00 2.657032653673270712e-04 7.623020047655329479e-02 2.697119321737929676e-01
2.028056112224448704e+00 2.503843255905093402e-04 7.254066000274819737e-02 2.650374465260676438e-01
2.036072144288576968e+00 2.398920485839651248e-04 6.880633257426525817e-02 2.606454716715461695e-01
2.044088176352705233e+00 2.336666453957659054e-04 6.504805618338636852e-02 2.565014731957497851e-01
2.052104208416833497e+00 2.311853620164543469e-04 6.128617180315745760e-02 2.525731017326631744e-01
2.060120240480961762e+00 2.319254444365728978e-04 5.754102040662445461e-02 2.488280079162711877e-01
2.068136272545090026e+00 2.358828940933913401e-04 5.385665608952172612e-02 2.452609795341274268e-01
2.076152304609218291e+00 2.415527945259644371e-04 5.025057057527215765e-02 2.417835329384966925e-01
2.084168336673346555e+00 2.483633962846820242e-04 4.674217914535675616e-02 2.383606071070046017e-01
2.092184368737474820e+00 2.557919453600868208e-04 4.335182277282147167e-02 2.349598526736358661e-01
2.100200400801603084e+00 2.633156877427214647e-04 4.009984243071221255e-02 2.315489202723751971e-01
2.108216432865731349e+00 2.699870235632406213e-04 3.706512074305422233e-02 2.280644187474080153e-01
2.116232464929859614e+00 2.751737856486454544e-04 3.423496594814413180e-02 2.244714453502210105e-01
2.124248496993987878e+00 2.783750765679945428e-04 3.162414828429833263e-02 2.207395371025861475e-01
2.132264529058116143e+00 2.791400163730251558e-04 2.924995589464514725e-02 2.168407600598226681e-01
2.140280561122244407e+00 2.771099528931141791e-04 2.712575957418848771e-02 2.127528460833870982e-01
2.148296593186372672e+00 2.717136217962955831e-04 2.530950164562609586e-02 2.084353496774270509e-01
2.156312625250500936e+00 2.639571626921554228e-04 2.372519981889642179e-02 2.039539047932902027e-01
2.164328657314629201e+00 2.542108111894404829e-04 2.234928268999925374e-02 1.993318472132320218e-01
2.172344689378757465e+00 2.427227102890301864e-04 2.116934760489947581e-02 1.945841858956391668e-01
2.180360721442885730e+00 2.297410029918043088e-04 2.017299190956194782e-02 1.897259297988983240e-01
2.188376753507013994e+00 2.153049537855821545e-04 1.938756543883041542e-02 1.847540034761316063e-01
2.196392785571142259e+00 2.000462842624931578e-04 1.875869506627611191e-02 1.797108558536193446e-01
2.204408817635270523e+00 1.842816666233172359e-04 1.826403906445316083e-02 1.746168520784089906e-01
2.212424849699398788e+00 1.682592438689340015e-04 1.789119477932643587e-02 1.694870011088872586e-01
2.220440881763527052e+00 1.522271590002231216e-04 1.762775955686080379e-02 1.643363119034409736e-01
2.228456913827655317e+00 1.366133481481097349e-04 1.748020916858973942e-02 1.591854870186931725e-01
2.236472945891783581e+00 1.217537344519017869e-04 1.741185009796357430e-02 1.540585456694050781e-01
2.244488977955911846e+00 1.078721169220948765e-04 1.740353507096759761e-02 1.489705047106422986e-01
2.252505010020040110e+00 9.521663855956867051e-05 1.744286143356668303e-02 1.439363731007914926e-01
2.260521042084167931e+00 8.402741534146029466e-05 1.751757556165679103e-02 1.389710654707728699e-01
2.268537074148296195e+00 7.497430663400085540e-05 1.761723864864643205e-02 1.341154221870733410e-01
2.276553106212424460e+00 6.768579077663267897e-05 1.772800952374871050e-02 1.293740268350525024e-01
2.284569138276552724e+00 6.187930100815909400e-05 1.784284723081394283e-02 1.247497732098773182e-01
2.292585170340680989e+00 5.742879753036929358e-05 1.795629620336400278e-02 1.202532731587918902e-01
2.300601202404809253e+00 5.420824054505230140e-05 1.806290087492074675e-02 1.158951385290403480e-01
2.308617234468937518e+00 5.229172274069687792e-05 1.815209538386769114e-02 1.117245878852377722e-01
2.316633266533065783e+00 5.133526077833436735e-05 1.821677528860012052e-02 1.077392375812867564e-01
2.324649298597194047e+00 5.110708195318958619e-05 1.825289665744609865e-02 1.039344899520572435e-01
2.332665330661322312e+00 5.148114646705161910e-05 1.825500392392749235e-02 1.003209568447933214e-01
2.340681362725450576e+00 5.233141452170961174e-05 1.821764152156617883e-02 9.690925010673914763e-02
2.348697394789578841e+00 5.355814747912348862e-05 1.812351782148020202e-02 9.376000904522208135e-02
2.356713426853707105e+00 5.492043256972533558e-05 1.796839287669760657e-02 9.086860181644139389e-02
2.364729458917835370e+00 5.625725784586796857e-05 1.775208402817915129e-02 8.822125821025803005e-02
2.372745490981963634e+00 5.744258350934051293e-05 1.746913570944672381e-02 8.582859007391611950e-02
2.380761523046091899e+00 5.835036976193208721e-05 1.711409235402217358e-02 8.370120925465981965e-02
2.388777555110220163e+00 5.872701333978058968e-05 1.666380081391305792e-02 8.190949471781679148e-02
2.396793587174348428e+00 5.844362539101610304e-05 1.611985836585221044e-02 8.043866579161298991e-02
2.404809619238476692e+00 5.759749193663382791e-05 1.550292239634858821e-02 7.922549281540855470e-02
2.412825651302604957e+00 5.622855739351728530e-05 1.482349931654831400e-02 7.824234727524484456e-02
2.420841683366733221e+00 5.438556290932381040e-05 1.409294148080783050e-02 7.745957401769029693e-02
2.428857715430861486e+00 5.205306574420155062e-05 1.331887770759925850e-02 7.686989369873448164e-02
2.436873747494989750e+00 4.933433922090977013e-05 1.252240739389386646e-02 7.641486079436572709e-02
2.444889779559118015e+00 4.633555217592985381e-05 1.171998694257785946e-02 7.604216678964080545e-02
2.452905811623246279e+00 4.310544575691919105e-05 1.092296870800767844e-02 7.572215653112819578e-02
2.460921843687374544e+00 3.969276111153516447e-05 1.014270504453977477e-02 7.542517486539632166e-02
2.468937875751502808e+00 3.613771370814194641e-05 9.399000423506942425e-03 7.511124898586052367e-02
2.476953907815631073e+00 3.252684723465926696e-05 8.710633247583476901e-03 7.472977167907744744e-02
2.484969939879759337e+00 2.892740195419200321e-05 8.084205261091884781e-03 7.425328958210980490e-02
2.492985971943887602e+00 2.538811901439754455e-05 7.531068818388604418e-03 7.365214754152604737e-02
2.501002004008015867e+00 2.195773956293328377e-05 7.062576273830082838e-03 7.289669040389452903e-02
2.509018036072144131e+00 1.872441590645349522e-05 6.708909358840454626e-03 7.191894974614464198e-02
2.517034068136272396e+00 1.577340483789020718e-05 6.490122267335717010e-03 7.066676097322500960e-02
2.525050100200400660e+00 1.311904068952451307e-05 6.396092198883122568e-03 6.915302370406729848e-02
2.533066132264528925e+00 1.078985677630578539e-05 6.421789779086387213e-03 6.738296844711615108e-02
2.541082164328657189e+00 8.808180076356662646e-06 6.557154390074823938e-03 6.537253998043418557e-02
2.549098196392785454e+00 7.252181512440612621e-06 6.800253933373434992e-03 6.311712912322323121e-02
2.557114228456913718e+00 6.165714595080526368e-06 7.130975488095587719e-03 6.064953234826787887e-02
2.565130260521041983e+00 5.500996834969314529e-06 7.519465817850066666e-03 5.803027152716527803e-02
2.573146292585170247e+00 5.276681058828146149e-06 7.952685808629313818e-03 5.528163428559193515e-02
2.581162324649298512e+00 5.511420093378153004e-06 8.417596346425774631e-03 5.242590824922431503e-02
2.589178356713426776e+00 6.293238243077002147e-06 8.900691831122421391e-03 4.947896996852101104e-02
2.597194388777555041e+00 7.682479819785492073e-06 9.379702717933719597e-03 4.647589568773912577e-02
2.605210420841683305e+00 9.605018151164431786e-06 9.838505896009389073e-03 4.345444177574654676e-02
2.613226452905811570e+00 1.207950606393502252e-05 1.026406225134187181e-02 4.043689585821975963e-02
2.621242484969939834e+00 1.512459638481838249e-05 1.064333266992361499e-02 3.744554556083524305e-02
2.629258517034068099e+00 1.883521189672339880e-05 1.095330365221458026e-02 3.451322245232989194e-02
2.637274549098196363e+00 2.329409751933466980e-05 1.116541782509227615e-02 3.168434397439022498e-02
2.645290581162324628e+00 2.839782749403797866e-05 1.127934780546639010e-02 2.897037028017641208e-02
2.653306613226452892e+00 3.414826161537678806e-05 1.128529254361730974e-02 2.639103816346030987e-02
2.661322645290581157e+00 4.051662511616413741e-05 1.117935800407193932e-02 2.396143108223620227e-02
2.669338677354708977e+00 4.746204597160739438e-05 1.095803300988839463e-02 2.170657889717697922e-02
2.677354709418837242e+00 5.485131722947971883e-05 1.062944027208479435e-02 1.965019866383328068e-02
2.685370741482965506e+00 6.246570996433321930e-05 1.022712743730112665e-02 1.776130858344179483e-02
2.693386773547093771e+00 7.020052454834703145e-05 9.761840445572218805e-03 1.604345926187042762e-02
2.701402805611222036e+00 7.795106135370029094e-05 9.244325236932905004e-03 1.450020130498707108e-02
2.709418837675350300e+00 8.558756886142685535e-05 8.683022489554855297e-03 1.315280735019927656e-02
2.717434869739478565e+00 9.290358493415722368e-05 8.092228288686055884e-03 1.203213317821152754e-02
2.725450901803606829e+00 9.981859797690041669e-05 7.491976840154396591e-03 1.110018248535630560e-02
2.733466933867735094e+00 1.062279083618355768e-04 6.893014083994709017e-03 1.036050587750152879e-02
2.741482965931863358e+00 1.120268164611418600e-04 6.306085960241826494e-03 9.816653960515082239e-03
2.749498997995991623e+00 1.170371946901932047e-04 5.745270886515432482e-03 9.489212679338304701e-03
2.757515030060119887e+00 1.209461535671686559e-04 5.234442976561810325e-03 9.417301484262648528e-03
2.765531062124248152e+00 1.238279849071886212e-04 4.778420668262538425e-03 9.555347094499842472e-03
2.773547094188376416e+00 1.255779890824321480e-04 4.387949901652451849e-03 9.906900115917808072e-03
2.781563126252504681e+00 1.261135702679009251e-04 4.072607718340000120e-03 1.047380233052534575e-02
2.789579158316632945e+00 1.252939561223059026e-04 3.846751394206912589e-03 1.127004496702172648e-02
2.797595190380761210e+00 1.232198194948014866e-04 3.717985293352277839e-03 1.230137167724548036e-02
2.805611222444889474e+00 1.204803007802848189e-04 3.656046875336502102e-03 1.348751723726062703e-02
2.813627254509017739e+00 1.173141594409455218e-04 3.653519196953791421e-03 1.480547975912482016e-02
2.821643286573146003e+00 1.139601549389733130e-04 3.702985314998345334e-03 1.623225735489569610e-02
2.829659318637274268e+00 1.106811497520060629e-04 3.798886463939311030e-03 1.774764959504320644e-02
2.837675350701402532e+00 1.079451713248401356e-04 3.936651262851081391e-03 1.932615704530327855e-02
2.845691382765530797e+00 1.059716396736577987e-04 4.096888955529415059e-03 2.092192750063015874e-02
2.853707414829659061e+00 1.049993142606487018e-04 4.272182598768515041e-03 2.251195907308149377e-02
2.861723446893787326e+00 1.052669545480025895e-04 4.455115249362580875e-03 2.407324987471491998e-02
2.869739478957915590e+00 1.070932145474555794e-04 4.637781611391918538e-03 2.557901903123094983e-02
2.877755511022043855e+00 1.112978738295596840e-04 4.805910088784485883e-03 2.697229067080834236e-02
2.885771543086172120e+00 1.176928087506432620e-04 4.952156670871315190e-03 2.824526947072793226e-02
2.893787575150300384e+00 1.265167787728958544e-04 5.069104414446613804e-03 2.937495354304738363e-02
2.901803607214428649e+00 1.380085433585073143e-04 5.149336376304581263e-03 3.033834099982432933e-02
2.909819639278556913e+00 1.525047247721731606e-04 5.183775691436609198e-03 3.110571438542630157e-02
2.917835671342685178e+00 1.710344707552152212e-04 5.150672554760649981e-03 3.159255527721139406e-02
2.925851703406813442e+00 1.922003474783370478e-04 5.071923952388516024e-03 3.187208779552506976e-02
2.933867735470941707e+00 2.155702941677483720e-04 4.954179514694356107e-03 3.195583588662482405e-02
2.941883767535069971e+00 2.407072314444025135e-04 4.804194108263631913e-03 3.185558179477958329e-02
2.949899799599198236e+00 2.671851729668227467e-04 4.628469219574301956e-03 3.158054345215785541e-02
2.957915831663326500e+00 2.945394644572796230e-04 4.432727302391651671e-03 3.110292445360089350e-02
2.965931863727454765e+00 3.219210840560010069e-04 4.231630123079936114e-03 3.048819893740701767e-02
2.973947895791583029e+00 3.488929523839400014e-04 4.031932548224620438e-03 2.974814914784517511e-02
2.981963927855711294e+00 3.750179900620497636e-04 3.840389444411170666e-03 2.889455732918430955e-02
2.989979959919839558e+00 3.998526812815888349e-04 3.663838761937915963e-03 2.793892617504097758e-02
2.997995991983967823e+00 4.221192370528904347e-04 3.520438480897228588e-03 2.687175431059508554e-02
3.006012024048096087e+00 4.417992996953844925e-04 3.412078377505904387e-03 2.573793608235824815e-02
3.014028056112224352e+00 4.584557898300243282e-04 3.345513318349405910e-03 2.454925373459940913e-02
3.022044088176352616e+00 4.716516280777629361e-04 3.327498170013202649e-03 2.331748951158750527e-02
3.030060120240480881e+00 4.809497350595537987e-04 3.364787799082754986e-03 2.205442565759148030e-02
3.038076152304609145e+00 4.842565296805842446e-04 3.488164276702317070e-03 2.077300496637532468e-02
3.046092184368737410e+00 4.826378843451540799e-04 3.683725048359587709e-03 1.949319492764822054e-02
3.054108216432865675e+00 4.767782838247725170e-04 3.944457034134306664e-03 1.821997624518856274e-02
3.062124248496993939e+00 4.674159318723166128e-04 4.262791190201901254e-03 1.695755256544397710e-02
3.070140280561122204e+00 4.553901318649158664e-04 4.629926308401443626e-03 1.570947561246885740e-02
3.078156312625250024e+00 4.414817343033297539e-04 5.044053367433124456e-03 1.448687977116799169e-02
3.086172344689378289e+00 4.273776466773736489e-04 5.481589052043427113e-03 1.328966935967030964e-02
3.094188376753506553e+00 4.139507046361348198e-04 5.932895147491698204e-03 1.212094223999028199e-02
3.102204408817634818e+00 4.020402115567423321e-04 6.389170445617010745e-03 1.098425013618230250e-02
3.110220440881763082e+00 3.924854708163255223e-04 6.841613738258439485e-03 9.883144772300770167e-03
3.118236472945891347e+00 3.875324228042063075e-04 7.272775237216325128e-03 8.834619995250531446e-03
3.126252505010019611e+00 3.875665423807711507e-04 7.673273588764167180e-03 7.833753653760997318e-03
3.134268537074147876e+00 3.932970079359740610e-04 8.034909383534141747e-03 6.882610617246093590e-03
3.142284569138276140e+00 4.055631228469436700e-04 8.348881413365330517e-03 5.984742609760214035e-03
3.150300601202404405e+00 4.252041904908095311e-04 8.606388470096797833e-03 5.143701355357755030e-03
3.158316633266532669e+00 4.557982821946249155e-04 8.775734249426788564e-03 4.381777513588553524e-03
3.166332665330660934e+00 4.966953580910095497e-04 8.858950857560318748e-03 3.690347762492656759e-03
3.174348697394789198e+00 5.478989147998179331e-04 8.853827873728787115e-03 3.068575875171302651e-03
3.182364729458917463e+00 6.089777018385883521e-04 8.761366386807682705e-03 2.515958846477665736e-03
3.190380761523045727e+00 6.788312600896162594e-04 8.587730416604129682e-03 2.029858020127794666e-03
3.198396793587173992e+00 7.572375615973676909e-04 8.326940669091509317e-03 1.621344002579126623e-03
3.206412825651302256e+00 8.405374771087284263e-04 8.006931848097543700e-03 1.272070688481619950e-03
3.214428857715430521e+00 9.268590604116778682e-04 7.640875679327817187e-03 9.744293499857728568e-04
3.222444889779558785e+00 1.014756880049779699e-03 7.237597637126051697e-03 7.246804176862269757e-04
3.230460921843687050e+00 1.102785504566597061e-03 6.805923195835967415e-03 5.190843221776307711e-04
3.238476953907815314e+00 1.188486433045625934e-03 6.353895201832090132e-03 3.623432942964202380e-04
3.246492985971943579e+00 1.269868486458053261e-03 5.898530741222709865e-03 2.415909937617905455e-04
3.254509018036071843e+00 1.345628241328527663e-03 5.449897017031697655e-03 1.501073032760042087e-04
3.262525050100200108e+00 1.414320266200612712e-03 5.016819503602774552e-03 8.415265343370427042e-05
3.270541082164328373e+00 1.474499129617871333e-03 4.608123675279659007e-03 3.998747482953756148e-05
3.278557114228456637e+00 1.521698836943453275e-03 4.244476423892488449e-03 1.653802971345132074e-05
3.286573146292584902e+00 1.555138200891599543e-03 3.934773407721196131e-03 5.232928804853122475e-06
3.294589178356713166e+00 1.574311299964250600e-03 3.684579212162400821e-03 8.330723922820389189e-07
3.302605210420841431e+00 1.578083699206198672e-03 3.501040344454139225e-03 2.245149539507716967e-09
3.310621242484969695e+00 1.565789850694854126e-03 3.388771946044355759e-03 1.236559284836589454e-08
3.318637274549097960e+00 1.535390874922556905e-03 3.356962057951823689e-03 6.072265985315502447e-08
3.326653306613226224e+00 1.491091954843608855e-03 3.386321317618798312e-03 1.778849250533224449e-07
3.334669338677354489e+00 1.435868130256788295e-03 3.463262672865812918e-03 3.815717994299122698e-07
3.342685370741482753e+00 1.371173414009413611e-03 3.580958458559019286e-03 6.927149848435705819e-07
3.350701402805611018e+00 1.298461818948803406e-03 3.732581009564566159e-03 1.132246183154932558e-06
3.358717434869739282e+00 1.218350559937110989e-03 3.914441421144332356e-03 1.760888054217165929e-06
3.366733466933867547e+00 1.133846111503299852e-03 4.112780324801652496e-03 2.598432454740077425e-06
3.374749498997995811e+00 1.047112043311915685e-03 4.317870534525695969e-03 3.647677186457509461e-06
3.382765531062124076e+00 9.596023682102765512e-04 4.522884385182617158e-03 4.929553951230119925e-06
3.390781563126252340e+00 8.727710990457004025e-04 4.720994211638565238e-03 6.464994450918536000e-06
3.398797595190380605e+00 7.890152905710290506e-04 4.900202859243932285e-03 8.337103759246723711e-06
3.406813627254508869e+00 7.106033862276550823e-04 5.050117732926662738e-03 1.056152884146692810e-05
3.414829659318637134e+00 6.386571468770066992e-04 5.165953123162805513e-03 1.312282997689975086e-05
3.422845691382765398e+00 5.746305853664023964e-04 5.240881364818507186e-03 1.604193886740586531e-05
3.430861723446893663e+00 5.198954376478831388e-04 5.268472125373631354e-03 1.933705661075565572e-05
3.438877755511021928e+00 4.777974470189634234e-04 5.232403062694710588e-03 2.309041502127711127e-05
3.446893787575150192e+00 4.470615017703734686e-04 5.139258315232667941e-03 2.721174936695701382e-05
3.454909819639278457e+00 4.252181548944500159e-04 5.001474495799198249e-03 3.158710155764470046e-05
3.462925851703406721e+00 4.114023588414200141e-04 4.823423174790982329e-03 3.616043836130881971e-05
3.470941883767534986e+00 4.047490660615092194e-04 4.609475922604705338e-03 4.087572654591798283e-05
3.478957915831663250e+00 4.052200054612181473e-04 4.359878008866584741e-03 4.567485956325095673e-05
3.486973947895791515e+00 4.112239872990686206e-04 4.082665620741481732e-03 5.046011731069766315e-05
3.494989979959919335e+00 4.209474118653935360e-04 3.786957017274647942e-03 5.516430307991484594e-05
3.503006012024047600e+00 4.335252316104203844e-04 3.477123768862733395e-03 5.973138363887164827e-05
3.511022044088175864e+00 4.480923989843748679e-04 3.157537445902438428e-03 6.410532575553646120e-05
3.519038076152304129e+00 4.637248212911667419e-04 2.832915881792166281e-03 6.817492305789516242e-05
3.527054108216432393e+00 4.789242458583042937e-04 2.510833579694489101e-03 7.183991733371398254e-05
3.535070140280560658e+00 4.926699575097255287e-04 2.196397918884743141e-03 7.508874980806650324e-05
3.543086172344688922e+00 5.040969086956562572e-04 1.893980469759612472e-03 7.786538724892128494e-05
3.551102204408817187e+00 5.123400518663231030e-04 1.607952802715781381e-03 8.011379642424703716e-05
3.559118236472945451e+00 5.157265099586522258e-04 1.346812788920407483e-03 8.167854768984567808e-05
3.567134268537073716e+00 5.131855097743471790e-04 1.117554053764262777e-03 8.246812842002062703e-05
3.575150300601201980e+00 5.067290634065602008e-04 9.153833170837866098e-04 8.263581809800525776e-05
3.583166332665330245e+00 4.974889337315359155e-04 7.397368709981183088e-04 8.222085029422418619e-05
3.591182364729458509e+00 4.866721059360885741e-04 5.898650896090912700e-04 8.126604739700280357e-05
3.599198396793586774e+00 4.757072026111409902e-04 4.681757664494902828e-04 7.975779014339567463e-05
3.607214428857715038e+00 4.667370359231673275e-04 3.749032181684461436e-04 7.774155802835101229e-05
3.615230460921843303e+00 4.609942111652592131e-04 3.044216750685690563e-04 7.535593240508198958e-05
3.623246492985971567e+00 4.596857135242307353e-04 2.559815112516908991e-04 7.264373566191409263e-05
3.631262525050099832e+00 4.640185281868964163e-04 2.288331008196467487e-04 6.964779018717263135e-05
3.639278557114228096e+00 4.762595390874378113e-04 2.245341085832349890e-04 6.639064773412276031e-05
3.647294589178356361e+00 4.992173039891332782e-04 2.435643890708001148e-04 6.292854663768542532e-05
3.655310621242484626e+00 5.326204212450115624e-04 2.809027634277245491e-04 5.935313839489050382e-05
3.663326653306612890e+00 5.776758760418861018e-04 3.357996057558405227e-04 5.570724539406344124e-05
3.671342685370741155e+00 6.355906535665720690e-04 4.075052901569827597e-04 5.203369002352964238e-05
3.679358717434869419e+00 7.092786935223607770e-04 4.968461053374949180e-04 4.838441130807951052e-05
3.687374749498997684e+00 8.025967104176328542e-04 6.043099384698726994e-04 4.483997391197716944e-05
3.695390781563125948e+00 9.127523795793141253e-04 7.253113884486653458e-04 4.142844176034736855e-05
3.703406813627254213e+00 1.038245337973075447e-03 8.581579559287817868e-04 3.816026236250302746e-05
3.711422845691382477e+00 1.176964380959138329e-03 1.000944407079941943e-03 3.503857869156263839e-05
3.719438877755510742e+00 1.327011940672170702e-03 1.152049973068366810e-03 3.207494543930934525e-05
3.727454909819639006e+00 1.485240160158284506e-03 1.308795408348491273e-03 2.928695241805613468e-05
3.735470941883767271e+00 1.646690967077671982e-03 1.467340127298967945e-03 2.663882594207907486e-05
3.743486973947895535e+00 1.808851044979929929e-03 1.625638854795245433e-03 2.412890047072042580e-05
3.751503006012023800e+00 1.969207077414656011e-03 1.781646315712771692e-03 2.175551046332247461e-05
3.759519038076152064e+00 2.124579085010963250e-03 1.932709085521563041e-03 1.952753046295898062e-05
3.767535070140280329e+00 2.269506706853017218e-03 2.074244181311908890e-03 1.746467844105556693e-05
3.775551102204408593e+00 2.402626786068510784e-03 2.205347410522813089e-03 1.553173270148504307e-05
3.783567134268536858e+00 2.521426006207043349e-03 2.323973498029724243e-03 1.372702770358966394e-05
3.791583166332665122e+00 2.623391050818209540e-03 2.428077168708089005e-03 1.204889790671170650e-05
3.799599198396793387e+00 2.704457678166226255e-03 2.514296346311843851e-03 1.050380155324054734e-05
3.807615230460921651e+00 2.756056725091997079e-03 2.575496302606884898e-03 9.113057077664508447e-06
3.815631262525049916e+00 2.780818099331373860e-03 2.614033242072687831e-03 7.842258621478079796e-06
3.823647294589178181e+00 2.776958555463393107e-03 2.628409446933031336e-03 6.689166838351290432e-06
3.831663326653306445e+00 2.744106853574566993e-03 2.618186211426036612e-03 5.650432603950731736e-06
3.839679358717434710e+00 2.682470134534058540e-03 2.583184960004393342e-03 4.726622512801582974e-06
3.847695390781562974e+00 2.590428926996951511e-03 2.521212366009638935e-03 3.931596348003362365e-06
3.855711422845691239e+00 2.477868477255710036e-03 2.440357144539142143e-03 3.229776852906165451e-06
3.863727454909819503e+00 2.347137260550462724e-03 2.342220391381386827e-03 2.615677319408580102e-06
3.871743486973947768e+00 2.200583752121339914e-03 2.228403202324859885e-03 2.083811039409175127e-06
3.879759519038076032e+00 2.040164340465359591e-03 2.100044277107820326e-03 1.631412030282880603e-06
3.887775551102204297e+00 1.867067457448770302e-03 1.956734546266838091e-03 1.266983144891782283e-06
3.895791583166332561e+00 1.687495679208625117e-03 1.804117057813928605e-03 9.629493282783521005e-07
3.903807615230460382e+00 1.503797480985063486e-03 1.643792907537584619e-03 7.138238723411834274e-07
3.911823647294588646e+00 1.318321338018194067e-03 1.477363191226274382e-03 5.141200689788233684e-07
3.919839679358716911e+00 1.133526370067688450e-03 1.306374379571798592e-03 3.592958455926880746e-07
3.927855711422845175e+00 9.541529835741690462e-04 1.132708938179338752e-03 2.507587618446015480e-07
3.935871743486973440e+00 7.823490488376712119e-04 9.593106090387646268e-04 1.698051459508261948e-07
3.943887775551101704e+00 6.204630410983252896e-04 7.877804879385625703e-04 1.109482898099414123e-07
3.951903807615229969e+00 4.708109197842693110e-04 6.200150488392534073e-04 6.901566910677692479e-08
3.959919839679358233e+00 3.359106231781174273e-04 4.583678356717665382e-04 3.925281427812172085e-08
3.967935871743486498e+00 2.240897589566658943e-04 3.139593711338516720e-04 2.108283536305354258e-08
3.975951903807614762e+00 1.326546225946639553e-04 1.905488558828386338e-04 9.550948906081268958e-09
3.983967935871743027e+00 6.353885602557683959e-05 9.350578933360717722e-05 3.178770478831189496e-09
3.991983967935871291e+00 1.867610118286661217e-05 2.819967090103339319e-05 4.879156529287817121e-10
4.000000000000000000e+00 0.000000000000000000e+00 0.000000000000000000e+00 0.000000000000000000e+00
