5.000000000000000104e-03 8.486390815731215120e-03
1.499999999999999944e-02 9.731811054752723122e-03
2.500000000000000139e-02 1.132699811304662546e-02
3.500000000000000333e-02 1.376591523147614390e-02
4.499999999999999833e-02 1.726468691816605144e-02
5.500000000000000028e-02 2.152735720242284281e-02
6.500000000000000222e-02 2.735144279512181226e-02
7.500000000000001110e-02 3.542704211487984062e-02
8.499999999999999223e-02 4.690890012975620221e-02
9.500000000000000111e-02 6.559463434203560706e-02
1.050000000000000100e-01 9.815251821337596383e-02
1.149999999999999911e-01 1.535728060340567913e-01
1.250000000000000000e-01 2.468941753884587864e-01
1.350000000000000089e-01 3.928435278067803904e-01
1.450000000000000178e-01 5.772107084106624653e-01
1.549999999999999989e-01 7.794626238766211301e-01
1.650000000000000078e-01 1.021644351182902977e+00
1.749999999999999889e-01 1.349196858271185961e+00
1.849999999999999978e-01 1.820647007870754619e+00
1.950000000000000067e-01 2.459692768774835780e+00
2.050000000000000155e-01 3.201216870983139895e+00
2.149999999999999967e-01 3.832743511157425953e+00
2.250000000000000056e-01 4.289160182404965660e+00
2.349999999999999867e-01 4.539854980595753986e+00
2.449999999999999956e-01 4.623285303360395559e+00
2.550000000000000044e-01 4.596731323030915917e+00
2.650000000000000133e-01 4.555644560704215529e+00
2.750000000000000222e-01 4.536373076171186902e+00
2.850000000000000311e-01 4.542788552283716363e+00
2.949999999999999845e-01 4.562007899304522773e+00
3.049999999999999933e-01 4.541269764248601071e+00
3.150000000000000022e-01 4.510573779684618145e+00
3.250000000000000111e-01 4.424935693740927434e+00
3.350000000000000200e-01 4.251282575082901971e+00
3.450000000000000289e-01 4.008389753677539247e+00
3.549999999999999822e-01 3.698809482663446779e+00
3.649999999999999911e-01 3.335457712175954548e+00
3.750000000000000000e-01 2.928401196901750048e+00
3.850000000000000089e-01 2.521715072053496876e+00
3.950000000000000178e-01 2.138172430073734365e+00
4.050000000000000266e-01 1.778947913885466914e+00
4.150000000000000355e-01 1.516635427518200130e+00
4.249999999999999889e-01 1.307789331054954429e+00
4.349999999999999978e-01 1.117221496806977798e+00
4.450000000000000067e-01 9.408965272176154082e-01
4.550000000000000155e-01 7.761758161360967634e-01
4.650000000000000244e-01 6.445022660544070803e-01
4.749999999999999778e-01 5.421297485650380388e-01
4.849999999999999867e-01 4.554065466949904772e-01
4.949999999999999956e-01 3.804094390779333978e-01
5.050000000000000044e-01 3.157156012884795859e-01
5.150000000000000133e-01 2.621789631277946508e-01
5.250000000000000222e-01 2.187302398167386142e-01
5.350000000000000311e-01 1.824690870819152821e-01
5.450000000000000400e-01 1.482938171442761133e-01
5.550000000000000488e-01 1.165161519298297116e-01
5.650000000000000577e-01 9.184580738028357005e-02
5.749999999999999556e-01 7.200480017619720341e-02
5.849999999999999645e-01 5.701304530336377685e-02
5.949999999999999734e-01 4.509616880888733109e-02
6.049999999999999822e-01 3.636301563325372577e-02
6.149999999999999911e-01 2.874617178007900231e-02
6.250000000000000000e-01 2.304019127576752840e-02
6.350000000000000089e-01 1.885369271939083685e-02
6.450000000000000178e-01 1.517184131461549526e-02
6.550000000000000266e-01 1.244048415660042178e-02
6.650000000000000355e-01 1.041724289026625498e-02
6.750000000000000444e-01 9.006185577860429531e-03
6.850000000000000533e-01 7.712147587517838992e-03
6.950000000000000622e-01 6.826331366995449373e-03
7.050000000000000711e-01 5.994251069014977680e-03
7.149999999999999689e-01 5.114704381266914172e-03
7.249999999999999778e-01 4.308342093210850224e-03
7.349999999999999867e-01 3.660447275374844288e-03
7.449999999999999956e-01 3.221558522106905686e-03
7.550000000000000044e-01 3.116731765877305774e-03
7.650000000000000133e-01 3.123422211201946821e-03
7.750000000000000222e-01 2.814560505195856308e-03
7.850000000000000311e-01 2.383065185981224528e-03
7.950000000000000400e-01 1.933412513180678529e-03
8.050000000000000488e-01 1.493533647017458938e-03
8.150000000000000577e-01 1.268323120635090479e-03
8.250000000000000666e-01 1.178807957657833274e-03
8.349999999999999645e-01 1.099557983154247822e-03
8.449999999999999734e-01 1.163435636993266067e-03
8.549999999999999822e-01 1.111197161508398418e-03
8.649999999999999911e-01 9.660064719598138346e-04
8.750000000000000000e-01 9.070862930448050920e-04
8.850000000000000089e-01 8.869879714120588619e-04
8.950000000000000178e-01 9.863460558220218423e-04
9.050000000000000266e-01 1.209230136494290203e-03
9.150000000000000355e-01 1.459642278434207909e-03
9.250000000000000444e-01 1.691804242509905697e-03
9.350000000000000533e-01 1.857447265995156157e-03
9.450000000000000622e-01 1.801171153803484120e-03
9.550000000000000711e-01 1.644532736140141881e-03
9.649999999999999689e-01 1.371091793510533820e-03
9.749999999999999778e-01 1.000088991521169528e-03
9.849999999999999867e-01 7.511554557719812321e-04
9.949999999999999956e-01 5.823166807540464899e-04
1.004999999999999893e+00 4.621221190249463436e-04
1.015000000000000124e+00 3.834989960879651690e-04
1.024999999999999911e+00 3.788734294670170733e-04
1.035000000000000142e+00 3.430115856107917921e-04
1.044999999999999929e+00 3.217914877755942578e-04
1.055000000000000160e+00 3.531679392515532038e-04
1.064999999999999947e+00 3.558325327969840942e-04
1.075000000000000178e+00 3.712318870363338951e-04
1.084999999999999964e+00 3.643093426616369644e-04
1.095000000000000195e+00 3.368929562746869719e-04
1.104999999999999982e+00 3.302778579113711983e-04
1.115000000000000213e+00 3.578163630469394663e-04
1.125000000000000000e+00 3.418886523898170176e-04
1.135000000000000231e+00 3.432199830952765399e-04
1.145000000000000018e+00 3.207100747822492245e-04
1.155000000000000027e+00 2.582428147160447350e-04
1.165000000000000036e+00 2.234585176861501605e-04
1.174999999999999822e+00 2.308171908536987805e-04
1.185000000000000053e+00 2.260449913750963336e-04
1.194999999999999840e+00 1.999838943396757074e-04
1.205000000000000071e+00 2.048852788059828318e-04
1.214999999999999858e+00 2.410417302951684665e-04
1.225000000000000089e+00 2.291535037427903530e-04
1.234999999999999876e+00 1.764685027075646136e-04
1.245000000000000107e+00 1.233096953886652920e-04
1.254999999999999893e+00 1.027219579704241728e-04
1.265000000000000124e+00 9.988340346640981013e-05
1.274999999999999911e+00 9.165931914392511136e-05
1.285000000000000142e+00 7.062969162883362231e-05
1.294999999999999929e+00 7.856240021762265775e-05
1.305000000000000160e+00 8.938422917083287415e-05
1.314999999999999947e+00 8.879022236782018395e-05
1.325000000000000178e+00 7.827890131904837964e-05
1.334999999999999964e+00 7.789715634423981727e-05
1.345000000000000195e+00 8.841804572486929102e-05
1.354999999999999982e+00 7.949742772383139799e-05
1.365000000000000213e+00 9.025215782721832450e-05
1.375000000000000000e+00 9.804335527129064045e-05
1.385000000000000231e+00 9.334246132775193437e-05
1.395000000000000018e+00 7.659782284182142516e-05
1.405000000000000027e+00 8.484004836203836710e-05
1.415000000000000036e+00 9.048514724645962553e-05
1.424999999999999822e+00 6.389637594532907971e-05
1.435000000000000053e+00 5.846172599734632112e-05
1.444999999999999840e+00 7.002813744151838605e-05
1.455000000000000071e+00 6.558936473215754687e-05
1.464999999999999858e+00 5.218441022052433867e-05
1.475000000000000089e+00 6.182479905490521975e-05
1.484999999999999876e+00 6.429782364757348229e-05
1.495000000000000107e+00 5.629318493734771455e-05
1.504999999999999893e+00 6.332312078361886846e-05
1.515000000000000124e+00 5.196466279557115231e-05
1.524999999999999911e+00 5.931941968257403844e-05
1.535000000000000142e+00 7.750269434371601844e-05
1.544999999999999929e+00 7.118642614131207643e-05
1.555000000000000160e+00 9.554699221003227160e-05
1.564999999999999947e+00 7.788512176419522043e-05
1.575000000000000178e+00 6.814380986226943788e-05
1.584999999999999964e+00 1.128189773056057627e-04
