5.000000000000000104e-03 3.409182377184463968e-03
1.499999999999999944e-02 3.851332432527096016e-03
2.500000000000000139e-02 4.236425537813092064e-03
3.500000000000000333e-02 4.993336147797018676e-03
4.499999999999999833e-02 5.655708372817726953e-03
5.500000000000000028e-02 6.189676760960734388e-03
6.500000000000000222e-02 6.410151001912270038e-03
7.500000000000001110e-02 7.178233807248096503e-03
8.499999999999999223e-02 7.938456652435333175e-03
9.500000000000000111e-02 8.898767356241267523e-03
1.050000000000000100e-01 1.116945725521344829e-02
1.149999999999999911e-01 1.403881056730787308e-02
1.250000000000000000e-01 1.940658711128267003e-02
1.350000000000000089e-01 2.675941653570565112e-02
1.450000000000000178e-01 3.792387264909097278e-02
1.549999999999999989e-01 5.471696106812828919e-02
1.650000000000000078e-01 7.709773253732037090e-02
1.749999999999999889e-01 1.055317707645342246e-01
1.849999999999999978e-01 1.400744946977192928e-01
1.950000000000000067e-01 1.809855230573214901e-01
2.050000000000000155e-01 2.247272372592690193e-01
2.149999999999999967e-01 2.685268223045622071e-01
2.250000000000000056e-01 3.140244230338412601e-01
2.349999999999999867e-01 3.637068677957456808e-01
2.449999999999999956e-01 4.136776424991189249e-01
2.550000000000000044e-01 4.627924590909600067e-01
2.650000000000000133e-01 5.170098031014187523e-01
2.750000000000000222e-01 5.728118744419991026e-01
2.850000000000000311e-01 6.417668828690350491e-01
2.949999999999999845e-01 7.220355126837204596e-01
3.049999999999999933e-01 8.104052860746032705e-01
3.150000000000000022e-01 9.005900824728720888e-01
3.250000000000000111e-01 1.008731443295381114e+00
3.350000000000000200e-01 1.138527618826528087e+00
3.450000000000000289e-01 1.288988819197196323e+00
3.549999999999999822e-01 1.453171187645570850e+00
3.649999999999999911e-01 1.634416692828618789e+00
3.750000000000000000e-01 1.816642550902615172e+00
3.850000000000000089e-01 2.044082435485402360e+00
3.950000000000000178e-01 2.363390642729265689e+00
4.050000000000000266e-01 2.880405196067826079e+00
4.150000000000000355e-01 3.501927260851182666e+00
4.249999999999999889e-01 4.248865004803797696e+00
4.349999999999999978e-01 4.919847824574905992e+00
4.450000000000000067e-01 5.345944820419174626e+00
4.550000000000000155e-01 5.582671923804218395e+00
4.650000000000000244e-01 5.720031068195697621e+00
4.749999999999999778e-01 5.798855439202293738e+00
4.849999999999999867e-01 5.814283447145844441e+00
4.949999999999999956e-01 5.744073829578167256e+00
5.050000000000000044e-01 5.570843825709284935e+00
5.150000000000000133e-01 5.261525921943391637e+00
5.250000000000000222e-01 4.800937453188502957e+00
5.350000000000000311e-01 4.140157413296669198e+00
5.450000000000000400e-01 3.265195403829590504e+00
5.550000000000000488e-01 2.195458467582632966e+00
5.650000000000000577e-01 1.435042029483093673e+00
5.749999999999999556e-01 9.584268372828692595e-01
5.849999999999999645e-01 6.774479425259505305e-01
5.949999999999999734e-01 4.987543892222429109e-01
6.049999999999999822e-01 3.706003295528902397e-01
6.149999999999999911e-01 2.799049850950154350e-01
6.250000000000000000e-01 2.159823726942271815e-01
6.350000000000000089e-01 1.699116941511859269e-01
6.450000000000000178e-01 1.343313293630155614e-01
6.550000000000000266e-01 1.063871468867388648e-01
6.650000000000000355e-01 8.602778435992661232e-02
6.750000000000000444e-01 7.226210620737584522e-02
6.850000000000000533e-01 6.118998163088785330e-02
6.950000000000000622e-01 5.120470633214287831e-02
7.050000000000000711e-01 4.375556748366647014e-02
7.149999999999999689e-01 3.721278399688493499e-02
7.249999999999999778e-01 3.127469732258323504e-02
7.349999999999999867e-01 2.693640731840868385e-02
7.449999999999999956e-01 2.246267051561366343e-02
7.550000000000000044e-01 1.907718441381351521e-02
7.650000000000000133e-01 1.645315227762665297e-02
7.750000000000000222e-01 1.453380187831485211e-02
7.850000000000000311e-01 1.315325836802157429e-02
7.950000000000000400e-01 1.196198876026691171e-02
8.050000000000000488e-01 1.013088366602692483e-02
8.150000000000000577e-01 8.490369758381258181e-03
8.250000000000000666e-01 7.356576708901138399e-03
8.349999999999999645e-01 6.386571446689345843e-03
8.449999999999999734e-01 5.784801464925807060e-03
8.549999999999999822e-01 5.344932320612619074e-03
8.649999999999999911e-01 4.696815755208880692e-03
8.750000000000000000e-01 4.157683839364036300e-03
8.850000000000000089e-01 3.793560602913483102e-03
8.950000000000000178e-01 3.576518857239681035e-03
9.050000000000000266e-01 3.342481295213881130e-03
9.150000000000000355e-01 3.190393057279918357e-03
9.250000000000000444e-01 3.106007397461876384e-03
9.350000000000000533e-01 3.036161485445366091e-03
9.450000000000000622e-01 3.086606626775571967e-03
9.550000000000000711e-01 2.986613107786108539e-03
9.649999999999999689e-01 3.150386847848646137e-03
9.749999999999999778e-01 3.280082643177367838e-03
9.849999999999999867e-01 3.438673501400644691e-03
9.949999999999999956e-01 3.416721554087503478e-03
1.004999999999999893e+00 3.234906488557968886e-03
1.015000000000000124e+00 2.971962444949805167e-03
1.024999999999999911e+00 2.781973598816540709e-03
1.035000000000000142e+00 2.619990598787951073e-03
1.044999999999999929e+00 2.368058324531371103e-03
1.055000000000000160e+00 2.399042054608191768e-03
1.064999999999999947e+00 2.438031246712457113e-03
1.075000000000000178e+00 2.665032996077479951e-03
1.084999999999999964e+00 2.981163144222877346e-03
1.095000000000000195e+00 3.487067203932819794e-03
1.104999999999999982e+00 3.884062582525516297e-03
1.115000000000000213e+00 4.246971820041879446e-03
1.125000000000000000e+00 4.506538067266104182e-03
1.135000000000000231e+00 4.489142468608180690e-03
1.145000000000000018e+00 3.999294132234037548e-03
1.155000000000000027e+00 3.282830873681025132e-03
1.165000000000000036e+00 2.379375373806221633e-03
1.174999999999999822e+00 1.898411249365666593e-03
1.185000000000000053e+00 1.601371582268235668e-03
1.194999999999999840e+00 1.339285020183648761e-03
1.205000000000000071e+00 1.219755297201552315e-03
1.214999999999999858e+00 1.099960690579693343e-03
1.225000000000000089e+00 1.070601929680463707e-03
1.234999999999999876e+00 9.969349111712706973e-04
1.245000000000000107e+00 8.263278212979486680e-04
1.254999999999999893e+00 7.605952492717956738e-04
1.265000000000000124e+00 6.702792792587001190e-04
1.274999999999999911e+00 6.018699596287094972e-04
1.285000000000000142e+00 6.122498651158896641e-04
1.294999999999999929e+00 5.366720615275178633e-04
1.305000000000000160e+00 5.616459986440885867e-04
1.314999999999999947e+00 5.548947597228240424e-04
1.325000000000000178e+00 5.461722957613470960e-04
1.334999999999999964e+00 5.394593677263241627e-04
1.345000000000000195e+00 5.439868811381424769e-04
1.354999999999999982e+00 5.198527176564520695e-04
1.365000000000000213e+00 5.591462877208391814e-04
1.375000000000000000e+00 5.135192965973576096e-04
1.385000000000000231e+00 4.700217189021369218e-04
1.395000000000000018e+00 3.824060195165857328e-04
1.405000000000000027e+00 4.077727406549993389e-04
1.415000000000000036e+00 3.514415048716158394e-04
1.424999999999999822e+00 3.261126517861457643e-04
1.435000000000000053e+00 3.408482343405293898e-04
1.444999999999999840e+00 3.180306296780161792e-04
1.455000000000000071e+00 2.927786468392788569e-04
1.464999999999999858e+00 2.727736998635988492e-04
1.475000000000000089e+00 2.690566175968774954e-04
1.484999999999999876e+00 2.262788488070191419e-04
1.495000000000000107e+00 2.426069219792081498e-04
1.504999999999999893e+00 2.253211391170204545e-04
1.515000000000000124e+00 2.198855052859815802e-04
1.524999999999999911e+00 2.073986735711948551e-04
1.535000000000000142e+00 2.488055738355043423e-04
1.544999999999999929e+00 1.752010473347080308e-04
1.555000000000000160e+00 2.812760898630220345e-04
1.564999999999999947e+00 1.508072556601632139e-04
1.575000000000000178e+00 2.240238719060028887e-04
1.584999999999999964e+00 3.976747506431176386e-04
