4.707561662642942876e-04
3.880935338055764550e-04
3.217483090681697217e-04
2.678543636364858187e-04
2.239985108997555991e-04
1.886272060960256030e-04
1.593449155073119530e-04
1.354144398131677796e-04
1.155011314044912556e-04
9.894636752544239600e-05
8.523987469971240215e-05
7.376344320365828115e-05
6.410866846255392241e-05
5.597853282494529633e-05
4.910504098271376900e-05
4.327165869249713880e-05
3.830390006441079527e-05
3.405644425602931006e-05
3.041356659141015040e-05
2.728102422992067727e-05
2.457638776698422916e-05
2.223385985841927763e-05
2.019984963512885137e-05
1.842683034808439486e-05
1.687814701852548686e-05
1.552096794708837774e-05
1.432879717013988541e-05
1.327744744323737884e-05
1.234871776299715756e-05
1.152622771083524882e-05
1.079500747324457344e-05
1.014437567417431798e-05
9.563610431663919294e-06
9.043801007385255650e-06
8.577427160234870040e-06
8.158508765767393464e-06
7.780588469545321594e-06
7.439356591926868404e-06
7.130085526807160505e-06
6.848631205586279327e-06
6.591657386171819924e-06
6.356001217371384427e-06
6.138969028381897398e-06
5.938082624462704050e-06
5.750473357232206522e-06
5.574475441425928729e-06
5.408140427567535103e-06
5.249356635022888113e-06
5.096700484228601811e-06
4.949029738695677955e-06
