3.431375888972305055e-01
3.653248205757274603e-01
3.889466757565268606e-01
4.140959170079011598e-01
4.408713049136712137e-01
4.693779859041078972e-01
4.997279051639292868e-01
5.320402462388759135e-01
5.664418990671878928e-01
6.030679582739383315e-01
6.420622536850116857e-01
6.835779151440474211e-01
7.277779738503744600e-01
7.748360025793737949e-01
8.249367972994121612e-01
8.782771028620336429e-01
9.350663856151841813e-01
9.955276559735082298e-01
1.059898344175933094e+00
1.128431232669620643e+00
1.201395448781751307e+00
1.279077521577326459e+00
1.361782507053264313e+00
1.449835186087400585e+00
1.543581339846709310e+00
1.643389107663254078e+00
1.749650432710227133e+00
1.862782601155203110e+00
1.983229880834848080e+00
2.111465265886118825e+00
2.247992334185084928e+00
2.393347224887508062e+00
2.548100743836931859e+00
2.712860605108186274e+00
2.888273817488804962e+00
3.075029225270007327e+00
3.273860213324916391e+00
3.485547587096748057e+00
3.710922638806701812e+00
3.950870411922410952e+00
4.206333176706524846e+00
4.478314130493806111e+00
4.767881337227637850e+00
5.076171921726484015e+00
5.404396535151037462e+00
5.753844109207913782e+00
6.125886917759517658e+00
6.521985965716961431e+00
6.943696726378066231e+00
7.392675249740926269e+00
