5.000000000000000104e-04 3.701150000000000273e-02
1.500000000000000031e-03 3.767390000000000322e-02
2.500000000000000052e-03 3.835090000000000027e-02
3.500000000000000073e-03 3.904289999999999844e-02
4.499999999999999660e-03 3.975030000000000230e-02
5.499999999999999681e-03 4.047339999999999965e-02
6.499999999999999702e-03 4.121280000000000082e-02
7.499999999999999722e-03 4.196890000000000343e-02
8.500000000000000611e-03 4.274200000000000221e-02
9.499999999999999764e-03 4.353259999999999769e-02
1.050000000000000065e-02 4.434130000000000016e-02
1.149999999999999981e-02 4.516850000000000032e-02
1.250000000000000069e-02 4.601469999999999866e-02
1.349999999999999985e-02 4.688040000000000262e-02
1.450000000000000074e-02 4.776620000000000171e-02
1.549999999999999989e-02 4.867250000000000049e-02
1.650000000000000078e-02 4.960010000000000113e-02
1.750000000000000167e-02 5.054940000000000128e-02
1.849999999999999908e-02 5.152099999999999735e-02
1.949999999999999997e-02 5.251569999999999849e-02
2.050000000000000086e-02 5.353390000000000232e-02
2.149999999999999828e-02 5.457650000000000001e-02
2.249999999999999917e-02 5.564399999999999902e-02
2.350000000000000006e-02 5.673720000000000152e-02
2.450000000000000094e-02 5.785679999999999990e-02
2.549999999999999836e-02 5.900350000000000039e-02
2.649999999999999925e-02 6.017820000000000114e-02
2.750000000000000014e-02 6.138160000000000144e-02
2.850000000000000103e-02 6.261469999999999536e-02
2.949999999999999845e-02 6.387809999999999322e-02
3.049999999999999933e-02 6.517290000000000583e-02
3.150000000000000022e-02 6.649990000000000068e-02
3.250000000000000111e-02 6.786000000000000365e-02
3.350000000000000200e-02 6.925430000000000474e-02
3.450000000000000289e-02 7.068380000000000496e-02
3.549999999999999684e-02 7.214959999999999429e-02
3.649999999999999772e-02 7.365259999999999863e-02
3.749999999999999861e-02 7.519399999999999695e-02
3.849999999999999950e-02 7.677499999999999603e-02
3.950000000000000039e-02 7.839669999999999972e-02
4.050000000000000128e-02 8.006050000000000666e-02
4.150000000000000216e-02 8.176750000000000684e-02
4.250000000000000305e-02 8.351920000000000177e-02
4.349999999999999700e-02 8.531679999999999819e-02
4.449999999999999789e-02 8.716179999999999761e-02
4.549999999999999878e-02 8.905570000000000153e-02
4.649999999999999967e-02 9.099999999999999756e-02
4.750000000000000056e-02 9.299620000000000108e-02
4.850000000000000144e-02 9.504609999999999448e-02
4.950000000000000233e-02 9.715119999999999312e-02
5.050000000000000322e-02 9.931339999999999613e-02
5.149999999999999717e-02 1.015343999999999969e-01
5.249999999999999806e-02 1.038160999999999945e-01
5.349999999999999895e-02 1.061605000000000049e-01
5.449999999999999983e-02 1.085696000000000022e-01
5.550000000000000072e-02 1.110455000000000053e-01
5.650000000000000161e-02 1.135903999999999942e-01
5.750000000000000250e-02 1.162065000000000042e-01
5.850000000000000339e-02 1.188960000000000017e-01
5.949999999999999734e-02 1.216615999999999947e-01
6.049999999999999822e-02 1.245055999999999941e-01
6.149999999999999911e-02 1.274307000000000079e-01
6.250000000000000000e-02 1.304395000000000138e-01
6.350000000000000089e-02 1.335349999999999870e-01
6.450000000000000178e-02 1.367198000000000024e-01
6.550000000000000266e-02 1.399971999999999883e-01
6.650000000000000355e-02 1.433702000000000032e-01
6.750000000000000444e-02 1.468422000000000061e-01
6.850000000000000533e-02 1.504163000000000028e-01
6.950000000000000622e-02 1.540961999999999887e-01
7.049999999999999323e-02 1.578855999999999871e-01
7.149999999999999412e-02 1.617880999999999903e-01
7.249999999999999500e-02 1.658078000000000052e-01
7.349999999999999589e-02 1.699487000000000081e-01
7.449999999999999678e-02 1.742150000000000087e-01
7.549999999999999767e-02 1.786113000000000006e-01
7.649999999999999856e-02 1.831419999999999992e-01
7.749999999999999944e-02 1.878119000000000038e-01
7.850000000000000033e-02 1.926259999999999917e-01
7.950000000000000122e-02 1.975893999999999984e-01
8.050000000000000211e-02 2.027075999999999878e-01
8.150000000000000300e-02 2.079860000000000042e-01
8.250000000000000389e-02 2.134304999999999952e-01
8.350000000000000477e-02 2.190470999999999946e-01
8.450000000000000566e-02 2.248420999999999892e-01
8.550000000000000655e-02 2.308218999999999965e-01
8.649999999999999356e-02 2.369934999999999958e-01
8.749999999999999445e-02 2.433638999999999941e-01
8.849999999999999534e-02 2.499404000000000070e-01
8.949999999999999623e-02 2.567306999999999784e-01
9.049999999999999711e-02 2.637427999999999995e-01
9.149999999999999800e-02 2.709849999999999759e-01
9.249999999999999889e-02 2.784658999999999884e-01
9.349999999999999978e-02 2.861945000000000183e-01
9.450000000000000067e-02 2.941802000000000028e-01
9.550000000000000155e-02 3.024328000000000016e-01
9.650000000000000244e-02 3.109624000000000277e-01
9.750000000000000333e-02 3.197795999999999972e-01
9.850000000000000422e-02 3.288955000000000073e-01
9.950000000000000511e-02 3.383214999999999972e-01
1.005000000000000060e-01 3.480695999999999790e-01
1.015000000000000069e-01 3.581522999999999790e-01
1.024999999999999939e-01 3.685825999999999825e-01
1.034999999999999948e-01 3.793739999999999890e-01
1.044999999999999957e-01 3.905406000000000155e-01
1.054999999999999966e-01 4.020970999999999851e-01
1.064999999999999974e-01 4.140588000000000046e-01
1.074999999999999983e-01 4.264415999999999762e-01
1.084999999999999992e-01 4.392621999999999916e-01
1.095000000000000001e-01 4.525378999999999929e-01
1.105000000000000010e-01 4.662866999999999984e-01
1.115000000000000019e-01 4.805273999999999934e-01
1.125000000000000028e-01 4.952794999999999837e-01
1.135000000000000037e-01 5.105634999999999479e-01
1.145000000000000046e-01 5.264005000000000489e-01
1.155000000000000054e-01 5.428125999999999785e-01
1.165000000000000063e-01 5.598229000000000122e-01
1.174999999999999933e-01 5.774553999999999521e-01
1.184999999999999942e-01 5.957348000000000088e-01
1.194999999999999951e-01 6.146873000000000475e-01
1.204999999999999960e-01 6.343396999999999508e-01
1.214999999999999969e-01 6.547201999999999744e-01
1.224999999999999978e-01 6.758579999999999588e-01
1.234999999999999987e-01 6.977835000000000010e-01
1.244999999999999996e-01 7.205283000000000104e-01
1.255000000000000004e-01 7.441250999999999838e-01
1.265000000000000013e-01 7.686079999999999579e-01
1.275000000000000022e-01 7.940125999999999573e-01
1.285000000000000031e-01 8.203753000000000295e-01
1.295000000000000040e-01 8.477344999999999464e-01
1.305000000000000049e-01 8.761297000000000113e-01
1.315000000000000058e-01 9.056016999999999539e-01
1.325000000000000067e-01 9.361931000000000003e-01
1.335000000000000075e-01 9.679478000000000248e-01
1.345000000000000084e-01 1.000911300000000059e+00
1.355000000000000093e-01 1.035130499999999953e+00
1.365000000000000102e-01 1.070654100000000053e+00
1.375000000000000111e-01 1.107532100000000019e+00
1.385000000000000120e-01 1.145816299999999899e+00
1.395000000000000129e-01 1.185559900000000111e+00
1.405000000000000138e-01 1.226817800000000069e+00
1.414999999999999869e-01 1.269646300000000005e+00
1.424999999999999878e-01 1.314103299999999974e+00
1.434999999999999887e-01 1.360248099999999960e+00
1.444999999999999896e-01 1.408141499999999935e+00
1.454999999999999905e-01 1.457845700000000022e+00
1.464999999999999913e-01 1.509424099999999935e+00
1.474999999999999922e-01 1.562941300000000089e+00
1.484999999999999931e-01 1.618463100000000043e+00
1.494999999999999940e-01 1.676055999999999990e+00
1.504999999999999949e-01 1.735787600000000097e+00
1.514999999999999958e-01 1.797726099999999994e+00
1.524999999999999967e-01 1.861939999999999928e+00
1.534999999999999976e-01 1.928498100000000104e+00
1.544999999999999984e-01 1.997469299999999892e+00
1.554999999999999993e-01 2.068922000000000150e+00
1.565000000000000002e-01 2.142924299999999782e+00
1.575000000000000011e-01 2.219543300000000219e+00
1.585000000000000020e-01 2.298844599999999794e+00
1.595000000000000029e-01 2.380892400000000020e+00
1.605000000000000038e-01 2.465748800000000074e+00
1.615000000000000047e-01 2.553473100000000162e+00
1.625000000000000056e-01 2.644121699999999908e+00
1.635000000000000064e-01 2.737747499999999778e+00
1.645000000000000073e-01 2.834398900000000054e+00
1.655000000000000082e-01 2.934119899999999781e+00
1.665000000000000091e-01 3.036948699999999945e+00
1.675000000000000100e-01 3.142917699999999925e+00
1.685000000000000109e-01 3.252052400000000176e+00
1.695000000000000118e-01 3.364370599999999989e+00
1.705000000000000127e-01 3.479882299999999873e+00
1.715000000000000135e-01 3.598587999999999898e+00
1.724999999999999867e-01 3.720478700000000138e+00
1.734999999999999876e-01 3.845534799999999809e+00
1.744999999999999885e-01 3.973725200000000068e+00
1.754999999999999893e-01 4.105007099999999909e+00
1.764999999999999902e-01 4.239324400000000104e+00
1.774999999999999911e-01 4.376608000000000054e+00
1.784999999999999920e-01 4.516774100000000125e+00
1.794999999999999929e-01 4.659724599999999661e+00
1.804999999999999938e-01 4.805345599999999884e+00
1.814999999999999947e-01 4.953507899999999964e+00
1.824999999999999956e-01 5.104065600000000202e+00
1.834999999999999964e-01 5.256856700000000160e+00
1.844999999999999973e-01 5.411702199999999685e+00
1.854999999999999982e-01 5.568406699999999709e+00
1.864999999999999991e-01 5.726758000000000237e+00
1.875000000000000000e-01 5.886527199999999738e+00
1.885000000000000009e-01 6.047469500000000053e+00
1.895000000000000018e-01 6.209324200000000182e+00
1.905000000000000027e-01 6.371815899999999644e+00
1.915000000000000036e-01 6.534654599999999647e+00
1.925000000000000044e-01 6.697536900000000237e+00
1.935000000000000053e-01 6.860147200000000112e+00
1.945000000000000062e-01 7.022158799999999701e+00
1.955000000000000071e-01 7.183235100000000095e+00
1.965000000000000080e-01 7.343031100000000144e+00
1.975000000000000089e-01 7.501195100000000338e+00
1.985000000000000098e-01 7.657369899999999951e+00
1.995000000000000107e-01 7.811194999999999666e+00
2.005000000000000115e-01 7.962307899999999883e+00
2.015000000000000124e-01 8.110346299999999786e+00
2.025000000000000133e-01 8.254949399999999216e+00
2.034999999999999865e-01 8.395760299999999177e+00
2.044999999999999873e-01 8.532427300000000159e+00
2.054999999999999882e-01 8.664605699999999189e+00
2.064999999999999891e-01 8.791959699999999600e+00
2.074999999999999900e-01 8.914163999999999533e+00
2.084999999999999909e-01 9.030905000000000626e+00
2.094999999999999918e-01 9.141882499999999467e+00
2.104999999999999927e-01 9.246811299999999179e+00
2.114999999999999936e-01 9.345421699999999277e+00
2.124999999999999944e-01 9.437461300000000719e+00
2.134999999999999953e-01 9.522695600000000482e+00
2.144999999999999962e-01 9.600908999999999693e+00
2.154999999999999971e-01 9.671905699999999939e+00
2.164999999999999980e-01 9.735509699999999711e+00
2.174999999999999989e-01 9.791566100000000716e+00
2.184999999999999998e-01 9.839941100000000773e+00
2.195000000000000007e-01 9.880522199999999700e+00
2.205000000000000016e-01 9.913218600000000436e+00
2.215000000000000024e-01 9.937961299999999554e+00
2.225000000000000033e-01 9.954703000000000301e+00
2.235000000000000042e-01 9.963418000000000774e+00
2.245000000000000051e-01 9.964102399999999804e+00
2.255000000000000060e-01 9.956773399999999441e+00
2.265000000000000069e-01 9.941469500000000181e+00
2.275000000000000078e-01 9.918250000000000455e+00
2.285000000000000087e-01 9.887194600000000833e+00
2.295000000000000095e-01 9.848402999999999352e+00
2.305000000000000104e-01 9.801994300000000493e+00
2.315000000000000113e-01 9.748106899999999797e+00
2.325000000000000122e-01 9.686897500000000605e+00
2.335000000000000131e-01 9.618540599999999330e+00
2.344999999999999862e-01 9.543227800000000371e+00
2.354999999999999871e-01 9.461167200000000221e+00
2.364999999999999880e-01 9.372582599999999431e+00
2.374999999999999889e-01 9.277712400000000414e+00
2.384999999999999898e-01 9.176809000000000438e+00
2.394999999999999907e-01 9.070137499999999520e+00
2.404999999999999916e-01 8.957975199999999916e+00
2.414999999999999925e-01 8.840609999999999857e+00
2.424999999999999933e-01 8.718339500000000797e+00
2.434999999999999942e-01 8.591469800000000490e+00
2.444999999999999951e-01 8.460314199999999119e+00
2.454999999999999960e-01 8.325192200000000042e+00
2.464999999999999969e-01 8.186427699999999419e+00
2.474999999999999978e-01 8.044348100000000557e+00
2.484999999999999987e-01 7.899282600000000265e+00
2.494999999999999996e-01 7.751561299999999655e+00
2.505000000000000004e-01 7.601513200000000303e+00
2.515000000000000013e-01 7.449465499999999629e+00
2.525000000000000022e-01 7.295741800000000055e+00
2.535000000000000031e-01 7.140661200000000264e+00
2.545000000000000040e-01 6.984536499999999926e+00
2.555000000000000049e-01 6.827673800000000348e+00
2.565000000000000058e-01 6.670370600000000039e+00
2.575000000000000067e-01 6.512915300000000407e+00
2.585000000000000075e-01 6.355586200000000296e+00
2.595000000000000084e-01 6.198650200000000332e+00
2.605000000000000093e-01 6.042362599999999695e+00
2.615000000000000102e-01 5.886966000000000143e+00
2.625000000000000111e-01 5.732690299999999795e+00
2.635000000000000120e-01 5.579751400000000139e+00
2.645000000000000129e-01 5.428351799999999727e+00
2.655000000000000138e-01 5.278679699999999642e+00
2.665000000000000147e-01 5.130908999999999942e+00
2.675000000000000155e-01 4.985199699999999901e+00
2.685000000000000164e-01 4.841697100000000198e+00
2.695000000000000173e-01 4.700533000000000072e+00
2.705000000000000182e-01 4.561825100000000077e+00
2.715000000000000191e-01 4.425677499999999931e+00
2.725000000000000200e-01 4.292181300000000199e+00
2.735000000000000209e-01 4.161414999999999864e+00
2.745000000000000218e-01 4.033444700000000438e+00
2.755000000000000226e-01 3.908324700000000096e+00
2.765000000000000235e-01 3.786098400000000197e+00
2.775000000000000244e-01 3.666798399999999791e+00
2.785000000000000253e-01 3.550447500000000201e+00
2.795000000000000262e-01 3.437059000000000086e+00
2.805000000000000271e-01 3.326637600000000194e+00
2.814999999999999725e-01 3.219179700000000199e+00
2.824999999999999734e-01 3.114674400000000176e+00
2.834999999999999742e-01 3.013103899999999946e+00
2.844999999999999751e-01 2.914444099999999871e+00
2.854999999999999760e-01 2.818665199999999871e+00
2.864999999999999769e-01 2.725732300000000219e+00
2.874999999999999778e-01 2.635606000000000115e+00
2.884999999999999787e-01 2.548242600000000024e+00
2.894999999999999796e-01 2.463595199999999874e+00
2.904999999999999805e-01 2.381613399999999992e+00
2.914999999999999813e-01 2.302244500000000027e+00
2.924999999999999822e-01 2.225433400000000006e+00
2.934999999999999831e-01 2.151123099999999955e+00
2.944999999999999840e-01 2.079255199999999970e+00
2.954999999999999849e-01 2.009770099999999893e+00
2.964999999999999858e-01 1.942607299999999926e+00
2.974999999999999867e-01 1.877705799999999980e+00
2.984999999999999876e-01 1.815004300000000015e+00
2.994999999999999885e-01 1.754441200000000034e+00
3.004999999999999893e-01 1.695955199999999996e+00
3.014999999999999902e-01 1.639485300000000034e+00
3.024999999999999911e-01 1.584970900000000071e+00
3.034999999999999920e-01 1.532351999999999936e+00
3.044999999999999929e-01 1.481569499999999984e+00
3.054999999999999938e-01 1.432565000000000088e+00
3.064999999999999947e-01 1.385281100000000043e+00
3.074999999999999956e-01 1.339661599999999897e+00
3.084999999999999964e-01 1.295651200000000003e+00
3.094999999999999973e-01 1.253195999999999977e+00
3.104999999999999982e-01 1.212242999999999959e+00
3.114999999999999991e-01 1.172740899999999975e+00
3.125000000000000000e-01 1.134639399999999965e+00
3.135000000000000009e-01 1.097889600000000021e+00
3.145000000000000018e-01 1.062443999999999944e+00
3.155000000000000027e-01 1.028256300000000012e+00
3.165000000000000036e-01 9.952817000000000469e-01
3.175000000000000044e-01 9.634766999999999637e-01
3.185000000000000053e-01 9.327990000000000448e-01
3.195000000000000062e-01 9.032078999999999525e-01
3.205000000000000071e-01 8.746639000000000497e-01
3.215000000000000080e-01 8.471284999999999510e-01
3.225000000000000089e-01 8.205649999999999888e-01
3.235000000000000098e-01 7.949374000000000162e-01
3.245000000000000107e-01 7.702113999999999905e-01
3.255000000000000115e-01 7.463535999999999504e-01
3.265000000000000124e-01 7.233317999999999692e-01
3.275000000000000133e-01 7.011150999999999911e-01
3.285000000000000142e-01 6.796735000000000415e-01
3.295000000000000151e-01 6.589783000000000168e-01
3.305000000000000160e-01 6.390015999999999474e-01
3.315000000000000169e-01 6.197167999999999566e-01
3.325000000000000178e-01 6.010980000000000212e-01
3.335000000000000187e-01 5.831203999999999832e-01
3.345000000000000195e-01 5.657602000000000464e-01
3.355000000000000204e-01 5.489945000000000519e-01
3.365000000000000213e-01 5.328009999999999691e-01
3.375000000000000222e-01 5.171584999999999654e-01
3.385000000000000231e-01 5.020464999999999511e-01
3.395000000000000240e-01 4.874454999999999760e-01
3.405000000000000249e-01 4.733362999999999876e-01
3.415000000000000258e-01 4.597009000000000234e-01
3.425000000000000266e-01 4.465216000000000185e-01
3.435000000000000275e-01 4.337817999999999952e-01
3.444999999999999729e-01 4.214651999999999843e-01
3.454999999999999738e-01 4.095561999999999814e-01
3.464999999999999747e-01 3.980400000000000049e-01
3.474999999999999756e-01 3.869020000000000237e-01
3.484999999999999765e-01 3.761285999999999796e-01
3.494999999999999774e-01 3.657063999999999870e-01
3.504999999999999782e-01 3.556226000000000109e-01
3.514999999999999791e-01 3.458649999999999780e-01
3.524999999999999800e-01 3.364217999999999931e-01
3.534999999999999809e-01 3.272816000000000058e-01
3.544999999999999818e-01 3.184335999999999833e-01
3.554999999999999827e-01 3.098672000000000093e-01
3.564999999999999836e-01 3.015724000000000182e-01
3.574999999999999845e-01 2.935395000000000088e-01
3.584999999999999853e-01 2.857591999999999910e-01
3.594999999999999862e-01 2.782223999999999808e-01
3.604999999999999871e-01 2.709207000000000143e-01
3.614999999999999880e-01 2.638457000000000163e-01
3.624999999999999889e-01 2.569894999999999818e-01
3.634999999999999898e-01 2.503444000000000225e-01
3.644999999999999907e-01 2.439030000000000087e-01
3.654999999999999916e-01 2.376582999999999890e-01
3.664999999999999925e-01 2.316033999999999871e-01
3.674999999999999933e-01 2.257318000000000102e-01
3.684999999999999942e-01 2.200371999999999884e-01
3.694999999999999951e-01 2.145134999999999958e-01
3.704999999999999960e-01 2.091548000000000018e-01
3.714999999999999969e-01 2.039555000000000118e-01
3.724999999999999978e-01 1.989103000000000121e-01
3.734999999999999987e-01 1.940138999999999891e-01
3.744999999999999996e-01 1.892612999999999934e-01
3.755000000000000004e-01 1.846476999999999979e-01
3.765000000000000013e-01 1.801683000000000034e-01
3.775000000000000022e-01 1.758189000000000002e-01
3.785000000000000031e-01 1.715948999999999947e-01
3.795000000000000040e-01 1.674924000000000135e-01
3.805000000000000049e-01 1.635071999999999914e-01
3.815000000000000058e-01 1.596355000000000135e-01
3.825000000000000067e-01 1.558737000000000039e-01
3.835000000000000075e-01 1.522180999999999951e-01
3.845000000000000084e-01 1.486651999999999973e-01
3.855000000000000093e-01 1.452119000000000049e-01
3.865000000000000102e-01 1.418548000000000031e-01
3.875000000000000111e-01 1.385907999999999862e-01
3.885000000000000120e-01 1.354171000000000125e-01
3.895000000000000129e-01 1.323305999999999927e-01
3.905000000000000138e-01 1.293286999999999909e-01
3.915000000000000147e-01 1.264087000000000127e-01
3.925000000000000155e-01 1.235679999999999973e-01
3.935000000000000164e-01 1.208040999999999976e-01
3.945000000000000173e-01 1.181146000000000001e-01
3.955000000000000182e-01 1.154971999999999943e-01
3.965000000000000191e-01 1.129495999999999972e-01
3.975000000000000200e-01 1.104698000000000069e-01
3.985000000000000209e-01 1.080556000000000016e-01
3.995000000000000218e-01 1.057049000000000044e-01
4.005000000000000226e-01 1.034159999999999940e-01
4.015000000000000235e-01 1.011868999999999963e-01
4.025000000000000244e-01 9.901569999999999816e-02
4.035000000000000253e-01 9.690079999999999527e-02
4.045000000000000262e-01 9.484049999999999425e-02
4.055000000000000271e-01 9.283299999999999885e-02
4.064999999999999725e-01 9.087689999999999657e-02
4.074999999999999734e-01 8.897059999999999691e-02
4.084999999999999742e-01 8.711270000000000124e-02
4.094999999999999751e-01 8.530160000000000520e-02
4.104999999999999760e-01 8.353610000000000202e-02
4.114999999999999769e-01 8.181479999999999309e-02
4.124999999999999778e-01 8.013649999999999940e-02
4.134999999999999787e-01 7.849979999999999458e-02
4.144999999999999796e-01 7.690360000000000251e-02
4.154999999999999805e-01 7.534670000000000256e-02
4.164999999999999813e-01 7.382800000000000473e-02
4.174999999999999822e-01 7.234630000000000227e-02
4.184999999999999831e-01 7.090079999999999993e-02
4.194999999999999840e-01 6.949020000000000197e-02
4.204999999999999849e-01 6.811359999999999637e-02
4.214999999999999858e-01 6.677020000000000177e-02
4.224999999999999867e-01 6.545879999999999754e-02
4.234999999999999876e-01 6.417870000000000519e-02
4.244999999999999885e-01 6.292899999999999883e-02
4.254999999999999893e-01 6.170889999999999709e-02
4.264999999999999902e-01 6.051739999999999897e-02
4.274999999999999911e-01 5.935390000000000110e-02
4.284999999999999920e-01 5.821760000000000129e-02
4.294999999999999929e-01 5.710760000000000142e-02
4.304999999999999938e-01 5.602340000000000098e-02
4.314999999999999947e-01 5.496419999999999778e-02
4.324999999999999956e-01 5.392940000000000234e-02
4.334999999999999964e-01 5.291819999999999857e-02
4.344999999999999973e-01 5.193009999999999987e-02
4.354999999999999982e-01 5.096439999999999998e-02
4.364999999999999991e-01 5.002059999999999840e-02
4.375000000000000000e-01 4.909800000000000275e-02
4.385000000000000009e-01 4.819620000000000154e-02
4.395000000000000018e-01 4.731450000000000239e-02
4.405000000000000027e-01 4.645239999999999786e-02
4.415000000000000036e-01 4.560940000000000133e-02
4.425000000000000044e-01 4.478510000000000130e-02
4.435000000000000053e-01 4.397890000000000132e-02
4.445000000000000062e-01 4.319039999999999685e-02
4.455000000000000071e-01 4.241910000000000125e-02
4.465000000000000080e-01 4.166460000000000302e-02
4.475000000000000089e-01 4.092640000000000167e-02
4.485000000000000098e-01 4.020420000000000244e-02
4.495000000000000107e-01 3.949749999999999789e-02
4.505000000000000115e-01 3.880600000000000022e-02
4.515000000000000124e-01 3.812920000000000198e-02
4.525000000000000133e-01 3.746680000000000149e-02
4.535000000000000142e-01 3.681840000000000113e-02
4.545000000000000151e-01 3.618380000000000207e-02
4.555000000000000160e-01 3.556240000000000095e-02
4.565000000000000169e-01 3.495410000000000184e-02
4.575000000000000178e-01 3.435850000000000015e-02
4.585000000000000187e-01 3.377530000000000115e-02
4.595000000000000195e-01 3.320410000000000028e-02
4.605000000000000204e-01 3.264480000000000159e-02
4.615000000000000213e-01 3.209689999999999765e-02
4.625000000000000222e-01 3.156029999999999947e-02
4.635000000000000231e-01 3.103459999999999899e-02
4.645000000000000240e-01 3.051960000000000089e-02
4.655000000000000249e-01 3.001509999999999942e-02
4.665000000000000258e-01 2.952070000000000041e-02
4.675000000000000266e-01 2.903630000000000100e-02
4.685000000000000275e-01 2.856159999999999949e-02
4.694999999999999729e-01 2.809640000000000054e-02
4.704999999999999738e-01 2.764039999999999900e-02
4.714999999999999747e-01 2.719349999999999892e-02
4.724999999999999756e-01 2.675539999999999863e-02
4.734999999999999765e-01 2.632589999999999930e-02
4.744999999999999774e-01 2.590490000000000154e-02
4.754999999999999782e-01 2.549210000000000018e-02
4.764999999999999791e-01 2.508739999999999928e-02
4.774999999999999800e-01 2.469050000000000064e-02
4.784999999999999809e-01 2.430130000000000137e-02
4.794999999999999818e-01 2.391949999999999979e-02
4.804999999999999827e-01 2.354519999999999877e-02
4.814999999999999836e-01 2.317800000000000069e-02
4.824999999999999845e-01 2.281779999999999919e-02
4.834999999999999853e-01 2.246439999999999895e-02
4.844999999999999862e-01 2.211770000000000055e-02
4.854999999999999871e-01 2.177760000000000112e-02
4.864999999999999880e-01 2.144389999999999838e-02
4.874999999999999889e-01 2.111649999999999985e-02
4.884999999999999898e-01 2.079510000000000039e-02
4.894999999999999907e-01 2.047979999999999939e-02
4.904999999999999916e-01 2.017029999999999865e-02
4.914999999999999925e-01 1.986660000000000162e-02
4.924999999999999933e-01 1.956839999999999968e-02
4.934999999999999942e-01 1.927569999999999978e-02
4.944999999999999951e-01 1.898839999999999903e-02
4.954999999999999960e-01 1.870629999999999862e-02
4.964999999999999969e-01 1.842939999999999856e-02
4.974999999999999978e-01 1.815750000000000003e-02
4.984999999999999987e-01 1.789050000000000015e-02
4.994999999999999996e-01 1.762829999999999953e-02
5.004999999999999449e-01 1.737079999999999874e-02
5.014999999999999458e-01 1.711789999999999839e-02
5.024999999999999467e-01 1.686959999999999849e-02
5.034999999999999476e-01 1.662560000000000079e-02
5.044999999999999485e-01 1.638600000000000126e-02
5.054999999999999494e-01 1.615060000000000107e-02
5.064999999999999503e-01 1.591940000000000022e-02
5.074999999999999512e-01 1.569219999999999990e-02
5.084999999999999520e-01 1.546900000000000011e-02
5.094999999999999529e-01 1.524969999999999971e-02
5.104999999999999538e-01 1.503419999999999930e-02
5.114999999999999547e-01 1.482239999999999946e-02
5.124999999999999556e-01 1.461430000000000021e-02
5.134999999999999565e-01 1.440980000000000039e-02
5.144999999999999574e-01 1.420869999999999946e-02
5.154999999999999583e-01 1.401119999999999970e-02
5.164999999999999591e-01 1.381699999999999942e-02
5.174999999999999600e-01 1.362610000000000036e-02
5.184999999999999609e-01 1.343839999999999965e-02
5.194999999999999618e-01 1.325390000000000075e-02
5.204999999999999627e-01 1.307250000000000079e-02
5.214999999999999636e-01 1.289419999999999976e-02
5.224999999999999645e-01 1.271880000000000059e-02
5.234999999999999654e-01 1.254639999999999922e-02
5.244999999999999662e-01 1.237680000000000030e-02
5.254999999999999671e-01 1.221009999999999977e-02
5.264999999999999680e-01 1.204610000000000056e-02
5.274999999999999689e-01 1.188479999999999918e-02
5.284999999999999698e-01 1.172620000000000086e-02
5.294999999999999707e-01 1.157009999999999983e-02
5.304999999999999716e-01 1.141660000000000071e-02
5.314999999999999725e-01 1.126570000000000002e-02
5.324999999999999734e-01 1.111709999999999955e-02
5.334999999999999742e-01 1.097099999999999985e-02
5.344999999999999751e-01 1.082720000000000037e-02
5.354999999999999760e-01 1.068580000000000051e-02
5.364999999999999769e-01 1.054659999999999972e-02
5.374999999999999778e-01 1.040959999999999976e-02
5.384999999999999787e-01 1.027480000000000060e-02
5.394999999999999796e-01 1.014220000000000052e-02
5.404999999999999805e-01 1.001170000000000011e-02
5.414999999999999813e-01 9.883199999999999971e-03
5.424999999999999822e-01 9.756799999999999501e-03
5.434999999999999831e-01 9.632299999999999890e-03
5.444999999999999840e-01 9.509800000000000544e-03
5.454999999999999849e-01 9.389200000000000323e-03
5.464999999999999858e-01 9.270499999999999227e-03
5.474999999999999867e-01 9.153700000000000725e-03
5.484999999999999876e-01 9.038600000000000800e-03
5.494999999999999885e-01 8.925300000000000594e-03
5.504999999999999893e-01 8.813800000000000107e-03
5.514999999999999902e-01 8.703999999999999931e-03
5.524999999999999911e-01 8.595800000000000662e-03
5.534999999999999920e-01 8.489299999999999971e-03
5.544999999999999929e-01 8.384499999999999592e-03
5.554999999999999938e-01 8.281200000000000713e-03
5.564999999999999947e-01 8.179499999999999271e-03
5.574999999999999956e-01 8.079299999999999329e-03
5.584999999999999964e-01 7.980700000000000294e-03
5.594999999999999973e-01 7.883499999999999883e-03
5.604999999999999982e-01 7.787800000000000104e-03
5.614999999999999991e-01 7.693499999999999818e-03
5.625000000000000000e-01 7.600599999999999891e-03
5.635000000000000009e-01 7.509000000000000050e-03
5.645000000000000018e-01 7.418899999999999974e-03
5.655000000000000027e-01 7.330099999999999984e-03
5.665000000000000036e-01 7.242499999999999806e-03
5.675000000000000044e-01 7.156299999999999988e-03
5.685000000000000053e-01 7.071299999999999981e-03
5.695000000000000062e-01 6.987600000000000061e-03
5.705000000000000071e-01 6.905099999999999953e-03
5.715000000000000080e-01 6.823799999999999658e-03
5.725000000000000089e-01 6.743599999999999768e-03
5.735000000000000098e-01 6.664699999999999964e-03
5.745000000000000107e-01 6.586800000000000294e-03
5.755000000000000115e-01 6.510099999999999568e-03
5.765000000000000124e-01 6.434500000000000115e-03
5.775000000000000133e-01 6.359899999999999928e-03
5.785000000000000142e-01 6.286500000000000421e-03
5.795000000000000151e-01 6.213999999999999906e-03
5.805000000000000160e-01 6.142599999999999796e-03
5.815000000000000169e-01 6.072199999999999820e-03
5.825000000000000178e-01 6.002799999999999976e-03
5.835000000000000187e-01 5.934400000000000265e-03
5.845000000000000195e-01 5.866900000000000413e-03
5.855000000000000204e-01 5.800399999999999827e-03
5.865000000000000213e-01 5.734799999999999967e-03
5.875000000000000222e-01 5.670099999999999967e-03
5.885000000000000231e-01 5.606299999999999825e-03
5.895000000000000240e-01 5.543400000000000410e-03
5.905000000000000249e-01 5.481399999999999988e-03
5.915000000000000258e-01 5.420200000000000018e-03
5.925000000000000266e-01 5.359899999999999907e-03
5.935000000000000275e-01 5.300400000000000250e-03
5.945000000000000284e-01 5.241700000000000179e-03
5.955000000000000293e-01 5.183799999999999693e-03
5.965000000000000302e-01 5.126699999999999660e-03
5.975000000000000311e-01 5.070299999999999807e-03
5.985000000000000320e-01 5.014799999999999813e-03
5.995000000000000329e-01 4.959999999999999999e-03
6.005000000000000338e-01 4.905900000000000365e-03
6.015000000000000346e-01 4.852500000000000042e-03
6.025000000000000355e-01 4.799900000000000173e-03
6.035000000000000364e-01 4.747900000000000210e-03
6.045000000000000373e-01 4.696699999999999833e-03
6.055000000000000382e-01 4.646100000000000230e-03
6.065000000000000391e-01 4.596199999999999938e-03
6.075000000000000400e-01 4.546999999999999827e-03
6.085000000000000409e-01 4.498399999999999621e-03
6.095000000000000417e-01 4.450400000000000189e-03
6.105000000000000426e-01 4.403100000000000069e-03
6.115000000000000435e-01 4.356399999999999856e-03
6.125000000000000444e-01 4.310300000000000416e-03
6.135000000000000453e-01 4.264900000000000288e-03
6.145000000000000462e-01 4.219999999999999793e-03
6.155000000000000471e-01 4.175599999999999798e-03
6.165000000000000480e-01 4.131899999999999983e-03
6.175000000000000488e-01 4.088699999999999800e-03
6.185000000000000497e-01 4.046100000000000391e-03
6.195000000000000506e-01 4.003999999999999747e-03
6.205000000000000515e-01 3.962499999999999876e-03
6.215000000000000524e-01 3.921499999999999639e-03
6.225000000000000533e-01 3.880999999999999901e-03
6.235000000000000542e-01 3.841100000000000070e-03
6.245000000000000551e-01 3.801600000000000031e-03
6.254999999999999449e-01 3.762600000000000059e-03
6.264999999999999458e-01 3.724199999999999993e-03
6.274999999999999467e-01 3.686200000000000154e-03
6.284999999999999476e-01 3.648699999999999947e-03
6.294999999999999485e-01 3.611699999999999806e-03
6.304999999999999494e-01 3.575099999999999893e-03
6.314999999999999503e-01 3.539000000000000045e-03
6.324999999999999512e-01 3.503299999999999990e-03
6.334999999999999520e-01 3.468100000000000002e-03
6.344999999999999529e-01 3.433299999999999807e-03
6.354999999999999538e-01 3.398899999999999838e-03
6.364999999999999547e-01 3.364999999999999936e-03
6.374999999999999556e-01 3.331499999999999826e-03
6.384999999999999565e-01 3.298399999999999943e-03
6.394999999999999574e-01 3.265699999999999853e-03
6.404999999999999583e-01 3.233399999999999989e-03
6.414999999999999591e-01 3.201499999999999919e-03
6.424999999999999600e-01 3.170000000000000075e-03
6.434999999999999609e-01 3.138900000000000023e-03
6.444999999999999618e-01 3.108099999999999925e-03
6.454999999999999627e-01 3.077700000000000054e-03
6.464999999999999636e-01 3.047699999999999975e-03
6.474999999999999645e-01 3.017999999999999849e-03
6.484999999999999654e-01 2.988699999999999950e-03
6.494999999999999662e-01 2.959799999999999844e-03
6.504999999999999671e-01 2.931200000000000125e-03
6.514999999999999680e-01 2.902899999999999925e-03
6.524999999999999689e-01 2.874999999999999951e-03
6.534999999999999698e-01 2.847399999999999931e-03
6.544999999999999707e-01 2.820099999999999864e-03
6.554999999999999716e-01 2.793200000000000023e-03
6.564999999999999725e-01 2.766499999999999862e-03
6.574999999999999734e-01 2.740199999999999927e-03
6.584999999999999742e-01 2.714199999999999946e-03
6.594999999999999751e-01 2.688499999999999918e-03
6.604999999999999760e-01 2.663099999999999842e-03
6.614999999999999769e-01 2.638000000000000154e-03
6.624999999999999778e-01 2.613199999999999985e-03
6.634999999999999787e-01 2.588700000000000202e-03
6.644999999999999796e-01 2.564400000000000100e-03
6.654999999999999805e-01 2.540399999999999950e-03
6.664999999999999813e-01 2.516800000000000027e-03
6.674999999999999822e-01 2.493299999999999943e-03
6.684999999999999831e-01 2.470200000000000087e-03
6.694999999999999840e-01 2.447299999999999909e-03
6.704999999999999849e-01 2.424700000000000119e-03
6.714999999999999858e-01 2.402300000000000008e-03
6.724999999999999867e-01 2.380199999999999851e-03
6.734999999999999876e-01 2.358400000000000080e-03
6.744999999999999885e-01 2.336799999999999988e-03
6.754999999999999893e-01 2.315400000000000010e-03
6.764999999999999902e-01 2.294299999999999985e-03
6.774999999999999911e-01 2.273400000000000074e-03
6.784999999999999920e-01 2.252699999999999841e-03
6.794999999999999929e-01 2.232299999999999996e-03
6.804999999999999938e-01 2.212099999999999830e-03
6.814999999999999947e-01 2.192200000000000051e-03
6.824999999999999956e-01 2.172400000000000112e-03
6.834999999999999964e-01 2.152900000000000126e-03
6.844999999999999973e-01 2.133599999999999820e-03
6.854999999999999982e-01 2.114500000000000060e-03
6.864999999999999991e-01 2.095599999999999980e-03
6.875000000000000000e-01 2.076900000000000013e-03
6.885000000000000009e-01 2.058500000000000000e-03
6.895000000000000018e-01 2.040199999999999826e-03
6.905000000000000027e-01 2.022100000000000199e-03
6.915000000000000036e-01 2.004300000000000092e-03
6.925000000000000044e-01 1.986599999999999824e-03
6.935000000000000053e-01 1.969100000000000104e-03
6.945000000000000062e-01 1.951800000000000063e-03
6.955000000000000071e-01 1.934699999999999918e-03
6.965000000000000080e-01 1.917800000000000104e-03
6.975000000000000089e-01 1.900999999999999912e-03
6.985000000000000098e-01 1.884500000000000107e-03
6.995000000000000107e-01 1.868099999999999926e-03
7.005000000000000115e-01 1.851900000000000074e-03
7.015000000000000124e-01 1.835899999999999902e-03
7.025000000000000133e-01 1.820000000000000003e-03
7.035000000000000142e-01 1.804300000000000001e-03
7.045000000000000151e-01 1.788799999999999895e-03
7.055000000000000160e-01 1.773400000000000063e-03
7.065000000000000169e-01 1.758199999999999910e-03
7.075000000000000178e-01 1.743200000000000088e-03
7.085000000000000187e-01 1.728300000000000105e-03
7.095000000000000195e-01 1.713600000000000019e-03
7.105000000000000204e-01 1.698999999999999989e-03
7.115000000000000213e-01 1.684600000000000073e-03
7.125000000000000222e-01 1.670400000000000053e-03
7.135000000000000231e-01 1.656300000000000090e-03
7.145000000000000240e-01 1.642299999999999966e-03
7.155000000000000249e-01 1.628499999999999956e-03
7.165000000000000258e-01 1.614800000000000003e-03
7.175000000000000266e-01 1.601299999999999946e-03
7.185000000000000275e-01 1.587899999999999945e-03
7.195000000000000284e-01 1.574600000000000001e-03
7.205000000000000293e-01 1.561499999999999954e-03
7.215000000000000302e-01 1.548499999999999963e-03
7.225000000000000311e-01 1.535700000000000086e-03
7.235000000000000320e-01 1.522899999999999992e-03
7.245000000000000329e-01 1.510400000000000067e-03
7.255000000000000338e-01 1.497899999999999926e-03
7.265000000000000346e-01 1.485599999999999898e-03
7.275000000000000355e-01 1.473399999999999927e-03
7.285000000000000364e-01 1.461300000000000012e-03
7.295000000000000373e-01 1.449299999999999937e-03
7.305000000000000382e-01 1.437499999999999976e-03
7.315000000000000391e-01 1.425700000000000014e-03
7.325000000000000400e-01 1.414099999999999949e-03
7.335000000000000409e-01 1.402699999999999997e-03
7.345000000000000417e-01 1.391300000000000045e-03
7.355000000000000426e-01 1.379999999999999933e-03
7.365000000000000435e-01 1.368899999999999935e-03
7.375000000000000444e-01 1.357799999999999936e-03
7.385000000000000453e-01 1.346900000000000050e-03
7.395000000000000462e-01 1.336100000000000005e-03
7.405000000000000471e-01 1.325400000000000016e-03
7.415000000000000480e-01 1.314800000000000083e-03
7.425000000000000488e-01 1.304299999999999991e-03
7.435000000000000497e-01 1.293899999999999955e-03
7.445000000000000506e-01 1.283599999999999975e-03
7.455000000000000515e-01 1.273400000000000053e-03
7.465000000000000524e-01 1.263299999999999970e-03
7.475000000000000533e-01 1.253299999999999944e-03
7.485000000000000542e-01 1.243399999999999974e-03
7.495000000000000551e-01 1.233600000000000061e-03
7.504999999999999449e-01 1.223899999999999988e-03
7.514999999999999458e-01 1.214299999999999971e-03
7.524999999999999467e-01 1.204800000000000012e-03
7.534999999999999476e-01 1.195400000000000108e-03
7.544999999999999485e-01 1.186100000000000045e-03
7.554999999999999494e-01 1.176799999999999981e-03
7.564999999999999503e-01 1.167700000000000031e-03
7.574999999999999512e-01 1.158600000000000081e-03
7.584999999999999520e-01 1.149599999999999971e-03
7.594999999999999529e-01 1.140699999999999917e-03
7.604999999999999538e-01 1.131899999999999920e-03
7.614999999999999547e-01 1.123199999999999980e-03
7.624999999999999556e-01 1.114600000000000096e-03
7.634999999999999565e-01 1.105999999999999995e-03
7.644999999999999574e-01 1.097499999999999951e-03
7.654999999999999583e-01 1.089099999999999964e-03
7.664999999999999591e-01 1.080800000000000033e-03
7.674999999999999600e-01 1.072599999999999942e-03
7.684999999999999609e-01 1.064400000000000068e-03
7.694999999999999618e-01 1.056300000000000034e-03
7.704999999999999627e-01 1.048300000000000056e-03
7.714999999999999636e-01 1.040399999999999919e-03
7.724999999999999645e-01 1.032499999999999998e-03
7.734999999999999654e-01 1.024699999999999916e-03
7.744999999999999662e-01 1.016999999999999892e-03
7.754999999999999671e-01 1.009399999999999924e-03
7.764999999999999680e-01 1.001799999999999956e-03
7.774999999999999689e-01 9.943000000000000449e-04
7.784999999999999698e-01 9.868999999999999734e-04
7.794999999999999707e-01 9.794999999999999020e-04
7.804999999999999716e-01 9.721999999999999956e-04
7.814999999999999725e-01 9.650000000000000374e-04
7.824999999999999734e-01 9.577999999999999708e-04
7.834999999999999742e-01 9.506999999999999609e-04
7.844999999999999751e-01 9.437000000000000076e-04
7.854999999999999760e-01 9.366999999999999459e-04
7.864999999999999769e-01 9.298000000000000492e-04
7.874999999999999778e-01 9.229999999999999923e-04
7.884999999999999787e-01 9.162000000000000439e-04
7.894999999999999796e-01 9.095000000000000437e-04
7.904999999999999805e-01 9.028000000000000434e-04
7.914999999999999813e-01 8.963000000000000481e-04
7.924999999999999822e-01 8.896999999999999961e-04
7.934999999999999831e-01 8.832000000000000007e-04
7.944999999999999840e-01 8.767999999999999535e-04
7.954999999999999849e-01 8.704999999999999630e-04
7.964999999999999858e-01 8.641999999999999725e-04
7.974999999999999867e-01 8.578999999999999820e-04
7.984999999999999876e-01 8.517000000000000482e-04
7.994999999999999885e-01 8.455999999999999541e-04
8.004999999999999893e-01 8.394999999999999685e-04
8.014999999999999902e-01 8.335000000000000395e-04
8.024999999999999911e-01 8.275000000000000020e-04
8.034999999999999920e-01 8.216000000000000213e-04
8.044999999999999929e-01 8.157000000000000405e-04
8.054999999999999938e-01 8.099000000000000079e-04
8.064999999999999947e-01 8.040999999999999754e-04
8.074999999999999956e-01 7.983999999999999994e-04
8.084999999999999964e-01 7.927000000000000235e-04
8.094999999999999973e-01 7.870999999999999958e-04
8.104999999999999982e-01 7.816000000000000248e-04
8.114999999999999991e-01 7.759999999999999971e-04
8.125000000000000000e-01 7.705999999999999742e-04
8.135000000000000009e-01 7.651999999999999514e-04
8.145000000000000018e-01 7.598000000000000370e-04
8.155000000000000027e-01 7.544999999999999624e-04
8.165000000000000036e-01 7.491999999999999962e-04
8.175000000000000044e-01 7.439000000000000300e-04
8.185000000000000053e-01 7.387000000000000120e-04
8.195000000000000062e-01 7.336000000000000507e-04
8.205000000000000071e-01 7.284999999999999809e-04
8.215000000000000080e-01 7.234000000000000196e-04
8.225000000000000089e-01 7.184000000000000065e-04
8.235000000000000098e-01 7.133999999999999933e-04
8.245000000000000107e-01 7.085000000000000369e-04
8.255000000000000115e-01 7.035999999999999720e-04
8.265000000000000124e-01 6.987999999999999637e-04
8.275000000000000133e-01 6.939999999999999555e-04
8.285000000000000142e-01 6.891999999999999472e-04
8.295000000000000151e-01 6.844999999999999956e-04
8.305000000000000160e-01 6.798000000000000440e-04
8.315000000000000169e-01 6.752000000000000406e-04
8.325000000000000178e-01 6.706000000000000372e-04
8.335000000000000187e-01 6.660000000000000338e-04
8.345000000000000195e-01 6.614999999999999786e-04
8.355000000000000204e-01 6.570000000000000319e-04
8.365000000000000213e-01 6.524999999999999767e-04
8.375000000000000222e-01 6.480999999999999782e-04
8.385000000000000231e-01 6.436999999999999797e-04
8.395000000000000240e-01 6.394000000000000378e-04
8.405000000000000249e-01 6.350999999999999875e-04
8.415000000000000258e-01 6.308000000000000456e-04
8.425000000000000266e-01 6.266000000000000519e-04
8.435000000000000275e-01 6.223999999999999498e-04
8.445000000000000284e-01 6.181999999999999561e-04
8.455000000000000293e-01 6.141000000000000191e-04
8.465000000000000302e-01 6.099999999999999737e-04
8.475000000000000311e-01 6.059999999999999849e-04
8.485000000000000320e-01 6.019000000000000478e-04
8.495000000000000329e-01 5.978999999999999506e-04
8.505000000000000338e-01 5.940000000000000184e-04
8.515000000000000346e-01 5.900000000000000296e-04
8.525000000000000355e-01 5.860999999999999890e-04
8.535000000000000364e-01 5.823000000000000051e-04
8.545000000000000373e-01 5.785000000000000211e-04
8.555000000000000382e-01 5.745999999999999806e-04
8.565000000000000391e-01 5.709000000000000533e-04
8.575000000000000400e-01 5.670999999999999609e-04
8.585000000000000409e-01 5.634000000000000336e-04
8.595000000000000417e-01 5.596999999999999979e-04
8.605000000000000426e-01 5.561000000000000188e-04
8.615000000000000435e-01 5.525000000000000397e-04
8.625000000000000444e-01 5.488999999999999522e-04
8.635000000000000453e-01 5.452999999999999731e-04
8.645000000000000462e-01 5.418000000000000507e-04
8.655000000000000471e-01 5.383000000000000198e-04
8.665000000000000480e-01 5.347999999999999889e-04
8.675000000000000488e-01 5.312999999999999581e-04
8.685000000000000497e-01 5.278999999999999838e-04
8.695000000000000506e-01 5.245000000000000096e-04
8.705000000000000515e-01 5.211999999999999836e-04
8.715000000000000524e-01 5.178000000000000094e-04
8.725000000000000533e-01 5.144999999999999834e-04
8.735000000000000542e-01 5.111999999999999574e-04
8.745000000000000551e-01 5.079999999999999880e-04
8.754999999999999449e-01 5.046999999999999620e-04
8.764999999999999458e-01 5.014999999999999927e-04
8.774999999999999467e-01 4.983000000000000233e-04
8.784999999999999476e-01 4.952000000000000022e-04
8.794999999999999485e-01 4.920000000000000328e-04
8.804999999999999494e-01 4.889000000000000117e-04
8.814999999999999503e-01 4.857999999999999905e-04
8.824999999999999512e-01 4.828000000000000260e-04
8.834999999999999520e-01 4.797000000000000049e-04
8.844999999999999529e-01 4.766999999999999862e-04
8.854999999999999538e-01 4.737000000000000217e-04
8.864999999999999547e-01 4.707000000000000029e-04
8.874999999999999556e-01 4.677999999999999867e-04
8.884999999999999565e-01 4.649000000000000246e-04
8.894999999999999574e-01 4.620000000000000083e-04
8.904999999999999583e-01 4.590999999999999920e-04
8.914999999999999591e-01 4.561999999999999758e-04
8.924999999999999600e-01 4.534000000000000161e-04
8.934999999999999609e-01 4.506000000000000023e-04
8.944999999999999618e-01 4.477999999999999884e-04
8.954999999999999627e-01 4.449999999999999746e-04
8.964999999999999636e-01 4.423000000000000174e-04
8.974999999999999645e-01 4.395000000000000035e-04
8.984999999999999654e-01 4.367999999999999921e-04
8.994999999999999662e-01 4.341999999999999831e-04
9.004999999999999671e-01 4.315000000000000259e-04
9.014999999999999680e-01 4.288000000000000145e-04
9.024999999999999689e-01 4.262000000000000055e-04
9.034999999999999698e-01 4.235999999999999965e-04
9.044999999999999707e-01 4.209999999999999875e-04
9.054999999999999716e-01 4.184999999999999810e-04
9.064999999999999725e-01 4.159000000000000262e-04
9.074999999999999734e-01 4.134000000000000196e-04
9.084999999999999742e-01 4.109000000000000131e-04
9.094999999999999751e-01 4.084000000000000065e-04
9.104999999999999760e-01 4.058999999999999999e-04
9.114999999999999769e-01 4.034999999999999958e-04
9.124999999999999778e-01 4.009999999999999893e-04
9.134999999999999787e-01 3.985999999999999851e-04
9.144999999999999796e-01 3.961999999999999810e-04
9.154999999999999805e-01 3.937999999999999769e-04
9.164999999999999813e-01 3.914999999999999752e-04
9.174999999999999822e-01 3.891000000000000253e-04
9.184999999999999831e-01 3.868000000000000236e-04
9.194999999999999840e-01 3.845000000000000219e-04
9.204999999999999849e-01 3.822000000000000202e-04
9.214999999999999858e-01 3.799000000000000185e-04
9.224999999999999867e-01 3.777000000000000192e-04
9.234999999999999876e-01 3.754000000000000175e-04
9.244999999999999885e-01 3.732000000000000183e-04
9.254999999999999893e-01 3.710000000000000190e-04
9.264999999999999902e-01 3.688000000000000197e-04
9.274999999999999911e-01 3.666000000000000205e-04
9.284999999999999920e-01 3.644000000000000212e-04
9.294999999999999929e-01 3.623000000000000244e-04
9.304999999999999938e-01 3.601999999999999733e-04
9.314999999999999947e-01 3.580999999999999765e-04
9.324999999999999956e-01 3.559999999999999797e-04
9.334999999999999964e-01 3.538999999999999828e-04
9.344999999999999973e-01 3.517999999999999860e-04
9.354999999999999982e-01 3.496999999999999892e-04
9.364999999999999991e-01 3.476999999999999947e-04
9.375000000000000000e-01 3.457000000000000003e-04
9.385000000000000009e-01 3.437000000000000059e-04
9.395000000000000018e-01 3.417000000000000115e-04
9.405000000000000027e-01 3.397000000000000171e-04
9.415000000000000036e-01 3.377000000000000227e-04
9.425000000000000044e-01 3.357999999999999765e-04
9.435000000000000053e-01 3.337999999999999821e-04
9.445000000000000062e-01 3.318999999999999902e-04
9.455000000000000071e-01 3.299999999999999982e-04
9.465000000000000080e-01 3.281000000000000062e-04
9.475000000000000089e-01 3.262000000000000142e-04
9.485000000000000098e-01 3.243000000000000223e-04
9.495000000000000107e-01 3.224999999999999785e-04
9.505000000000000115e-01 3.205999999999999866e-04
9.515000000000000124e-01 3.187999999999999970e-04
9.525000000000000133e-01 3.170000000000000075e-04
9.535000000000000142e-01 3.152000000000000179e-04
9.545000000000000151e-01 3.133999999999999742e-04
9.555000000000000160e-01 3.115999999999999846e-04
9.565000000000000169e-01 3.097999999999999951e-04
9.575000000000000178e-01 3.081000000000000080e-04
9.585000000000000187e-01 3.063000000000000184e-04
9.595000000000000195e-01 3.045999999999999771e-04
9.605000000000000204e-01 3.028999999999999900e-04
9.615000000000000213e-01 3.012000000000000029e-04
9.625000000000000222e-01 2.995000000000000158e-04
9.635000000000000231e-01 2.977999999999999745e-04
9.645000000000000240e-01 2.960999999999999873e-04
9.655000000000000249e-01 2.945000000000000027e-04
9.665000000000000258e-01 2.928000000000000155e-04
9.675000000000000266e-01 2.911999999999999767e-04
9.685000000000000275e-01 2.895999999999999920e-04
9.695000000000000284e-01 2.879000000000000049e-04
9.705000000000000293e-01 2.863000000000000202e-04
9.715000000000000302e-01 2.847999999999999837e-04
9.725000000000000311e-01 2.831999999999999990e-04
9.735000000000000320e-01 2.816000000000000144e-04
9.745000000000000329e-01 2.799999999999999755e-04
9.755000000000000338e-01 2.784999999999999932e-04
9.765000000000000346e-01 2.770000000000000110e-04
9.775000000000000355e-01 2.754000000000000263e-04
9.785000000000000364e-01 2.738999999999999898e-04
9.795000000000000373e-01 2.724000000000000076e-04
9.805000000000000382e-01 2.709000000000000253e-04
9.815000000000000391e-01 2.693999999999999889e-04
9.825000000000000400e-01 2.679000000000000066e-04
9.835000000000000409e-01 2.665000000000000268e-04
9.845000000000000417e-01 2.649999999999999903e-04
9.855000000000000426e-01 2.636000000000000105e-04
9.865000000000000435e-01 2.620999999999999741e-04
9.875000000000000444e-01 2.606999999999999942e-04
9.885000000000000453e-01 2.593000000000000144e-04
9.895000000000000462e-01 2.578999999999999804e-04
9.905000000000000471e-01 2.565000000000000006e-04
9.915000000000000480e-01 2.551000000000000207e-04
9.925000000000000488e-01 2.536999999999999867e-04
9.935000000000000497e-01 2.523000000000000069e-04
9.945000000000000506e-01 2.509999999999999753e-04
9.955000000000000515e-01 2.495999999999999955e-04
9.965000000000000524e-01 2.483000000000000181e-04
9.975000000000000533e-01 2.468999999999999841e-04
9.985000000000000542e-01 2.456000000000000067e-04
9.995000000000000551e-01 2.442999999999999751e-04
