0.000000000000000000e+00
1.200000000000000025e-02
2.299999999999999961e-02
3.500000000000000333e-02
4.700000000000000011e-02
5.899999999999999689e-02
7.199999999999999456e-02
8.400000000000000522e-02
9.600000000000000200e-02
1.089999999999999997e-01
1.219999999999999973e-01
1.350000000000000089e-01
1.479999999999999927e-01
1.610000000000000042e-01
1.749999999999999889e-01
1.890000000000000013e-01
2.020000000000000129e-01
2.159999999999999976e-01
2.300000000000000100e-01
2.449999999999999956e-01
2.590000000000000080e-01
2.740000000000000213e-01
2.879999999999999782e-01
3.029999999999999916e-01
3.180000000000000049e-01
3.340000000000000191e-01
3.489999999999999769e-01
3.649999999999999911e-01
3.800000000000000044e-01
3.960000000000000187e-01
4.129999999999999782e-01
4.289999999999999925e-01
4.450000000000000067e-01
4.620000000000000218e-01
4.789999999999999813e-01
4.959999999999999964e-01
5.140000000000000124e-01
5.310000000000000275e-01
5.490000000000000435e-01
5.669999999999999485e-01
5.849999999999999645e-01
6.029999999999999805e-01
6.219999999999999973e-01
6.410000000000000142e-01
6.600000000000000311e-01
6.790000000000000480e-01
6.979999999999999538e-01
7.179999999999999716e-01
7.379999999999999893e-01
7.580000000000000071e-01
7.780000000000000249e-01
7.990000000000000435e-01
8.199999999999999512e-01
8.409999999999999698e-01
8.619999999999999885e-01
8.840000000000000080e-01
9.050000000000000266e-01
9.280000000000000471e-01
9.499999999999999556e-01
9.719999999999999751e-01
9.949999999999999956e-01
1.018000000000000016e+00
1.042000000000000037e+00
1.064999999999999947e+00
1.088999999999999968e+00
1.112999999999999989e+00
1.137999999999999901e+00
1.163000000000000034e+00
1.187999999999999945e+00
1.213000000000000078e+00
1.239000000000000101e+00
1.264999999999999902e+00
1.290999999999999925e+00
1.316999999999999948e+00
1.344000000000000083e+00
1.370999999999999996e+00
1.399000000000000021e+00
1.427000000000000046e+00
1.455000000000000071e+00
1.483000000000000096e+00
1.512000000000000011e+00
1.540999999999999925e+00
1.570000000000000062e+00
1.600000000000000089e+00
1.629999999999999893e+00
1.661000000000000032e+00
1.691999999999999948e+00
1.723000000000000087e+00
1.754000000000000004e+00
1.786000000000000032e+00
1.818000000000000060e+00
1.850999999999999979e+00
1.883999999999999897e+00
1.917000000000000037e+00
1.951000000000000068e+00
1.985000000000000098e+00
2.020000000000000018e+00
2.055000000000000160e+00
2.089999999999999858e+00
2.125999999999999890e+00
2.161999999999999922e+00
2.198999999999999844e+00
2.236000000000000210e+00
2.273000000000000131e+00
2.310999999999999943e+00
2.350000000000000089e+00
2.387999999999999901e+00
2.427999999999999936e+00
2.467000000000000082e+00
2.508000000000000007e+00
2.548000000000000043e+00
2.588999999999999968e+00
2.630999999999999783e+00
2.673000000000000043e+00
2.714999999999999858e+00
2.758000000000000007e+00
2.802000000000000046e+00
2.846000000000000085e+00
2.890000000000000124e+00
2.935999999999999943e+00
2.980999999999999872e+00
3.027000000000000135e+00
3.073999999999999844e+00
3.120999999999999996e+00
3.169000000000000039e+00
3.217000000000000082e+00
3.266000000000000014e+00
3.314999999999999947e+00
3.365000000000000213e+00
3.415999999999999925e+00
3.467000000000000082e+00
3.519000000000000128e+00
3.571000000000000174e+00
3.624000000000000110e+00
3.677000000000000046e+00
3.732000000000000206e+00
3.786000000000000032e+00
3.842000000000000082e+00
3.898000000000000131e+00
3.955000000000000071e+00
4.011999999999999567e+00
4.070000000000000284e+00
4.128999999999999559e+00
4.187999999999999723e+00
4.248000000000000220e+00
4.309000000000000163e+00
4.370000000000000107e+00
4.432999999999999829e+00
4.495000000000000107e+00
4.559000000000000163e+00
4.623000000000000220e+00
4.689000000000000057e+00
4.753999999999999559e+00
4.820999999999999730e+00
4.887999999999999901e+00
4.956999999999999851e+00
5.025999999999999801e+00
5.094999999999999751e+00
5.166000000000000369e+00
5.237000000000000099e+00
5.309999999999999609e+00
5.383000000000000007e+00
5.456999999999999851e+00
5.530999999999999694e+00
5.607000000000000206e+00
5.682999999999999829e+00
5.761000000000000121e+00
5.839000000000000412e+00
5.918000000000000149e+00
5.998000000000000220e+00
6.078999999999999737e+00
6.160999999999999588e+00
6.243999999999999773e+00
6.328000000000000291e+00
6.413000000000000256e+00
6.498999999999999666e+00
6.586000000000000298e+00
6.674000000000000377e+00
6.761999999999999567e+00
6.852000000000000313e+00
6.942999999999999616e+00
7.035000000000000142e+00
7.128000000000000114e+00
7.222000000000000419e+00
7.317999999999999616e+00
7.413999999999999702e+00
7.511000000000000121e+00
7.610000000000000320e+00
7.709999999999999964e+00
7.809999999999999609e+00
7.913000000000000256e+00
8.016000000000000014e+00
8.119999999999999218e+00
8.226000000000000867e+00
8.333000000000000185e+00
8.441000000000000725e+00
8.550000000000000711e+00
8.660999999999999588e+00
8.772000000000000242e+00
8.885999999999999233e+00
9.000000000000000000e+00
9.115999999999999659e+00
9.233000000000000540e+00
9.351000000000000867e+00
9.471000000000000085e+00
9.592999999999999972e+00
9.714999999999999858e+00
9.839000000000000412e+00
9.964999999999999858e+00
1.009200000000000053e+01
1.022000000000000064e+01
