1.000000000000000021e-02 2.158751486595695773e-22
1.006423878153985853e-02 2.180893116616743767e-22
1.012889022518508909e-02 2.203293746117873304e-22
1.019395698182676974e-02 2.225956892560140597e-22
1.025944171938499710e-02 2.248886128666507345e-22
1.032534712291824537e-02 2.272085083409216023e-22
1.039167589473347954e-02 2.295557443017174436e-22
1.045843075449695916e-02 2.319306952003303925e-22
1.052561443934573945e-02 2.343337414212341648e-22
1.059322970399993041e-02 2.367652693890018051e-22
1.066127932087561000e-02 2.392256716773437431e-22
1.072976608019852313e-02 2.417153471203579430e-22
1.079869279011848836e-02 2.442347009260343212e-22
1.086806227682452809e-02 2.467841447920294197e-22
1.093787738466077755e-02 2.493640970238151090e-22
1.100814097624307555e-02 2.519749826552232761e-22
1.107885593257636019e-02 2.546172335714244920e-22
1.115002515317279307e-02 2.572912886344366725e-22
1.122165155617064515e-02 2.599975938112117378e-22
1.129373807845397183e-02 2.627366023042822183e-22
1.136628767577298887e-02 2.655087746851772772e-22
1.143930332286530530e-02 2.683145790305165089e-22
1.151278801357787616e-02 2.711544910609337648e-22
1.158674476098976898e-02 2.740289942828642935e-22
1.166117659753569506e-02 2.769385801332659640e-22
1.173608657513037536e-02 2.798837481273330133e-22
1.181147776529364000e-02 2.828650060093020042e-22
1.188735325927639877e-02 2.858828699063638609e-22
1.196371616818737126e-02 2.889378644858195650e-22
1.204056962312067582e-02 2.920305231154736792e-22
1.211791677528418522e-02 2.951613880274542491e-22
1.219576079612875140e-02 2.983310104854040706e-22
1.227410487747824033e-02 3.015399509552167769e-22
1.235295223166040304e-02 3.047887792793870545e-22
1.243230609163858968e-02 3.080780748550032919e-22
1.251216971114433099e-02 3.114084268155450697e-22
1.259254636481071422e-02 3.147804342165082001e-22
1.267343934830667505e-02 3.181947062249667330e-22
1.275485197847212558e-02 3.216518623132174535e-22
1.283678759345394972e-02 3.251525324565034392e-22
1.291924955284289370e-02 3.286973573349640833e-22
1.300224123781129268e-02 3.322869885399727218e-22
1.308576605125172203e-02 3.359220887848286670e-22
1.316982741791652631e-02 3.396033321200353624e-22
1.325442878455823648e-02 3.433314041531679494e-22
1.333957362007092036e-02 3.471070022735370856e-22
1.342526541563237967e-02 3.509308358817148439e-22
1.351150768484732194e-02 3.548036266239743180e-22
1.359830396389142236e-02 3.587261086319063407e-22
1.368565781165631719e-02 3.626990287672118565e-22
1.377357280989554081e-02 3.667231468718361639e-22
1.386205256337136142e-02 3.707992360235929984e-22
1.395110070000260549e-02 3.749280827973694397e-22
1.404072087101340856e-02 3.791104875320981227e-22
1.413091675108292360e-02 3.833472646035480051e-22
1.422169203849599044e-02 3.876392427032279876e-22
1.431305045529479743e-02 3.919872651233420258e-22
1.440499574743146251e-02 3.963921900481413767e-22
1.449753168492164644e-02 4.008548908517103726e-22
1.459066206199912362e-02 4.053762564023607774e-22
1.468439069727138849e-02 4.099571913738725506e-22
1.477872143387618312e-02 4.145986165636051417e-22
1.487365813963910204e-02 4.193014692177716820e-22
1.496920470723218238e-02 4.240667033640530106e-22
1.506536505433351235e-02 4.288952901515757490e-22
1.516214312378785789e-02 4.337882181987066613e-22
1.525954288376836498e-02 4.387464939485189015e-22
1.535756832793921424e-02 4.437711420324784927e-22
1.545622347561940654e-02 4.488632056422447265e-22
1.555551237194755312e-02 4.540237469100022072e-22
1.565543908804776368e-02 4.592538472973925294e-22
1.575600772119652854e-02 4.645546079933709675e-22
1.585722239499075259e-02 4.699271503211602691e-22
1.595908725951682844e-02 4.753726161544881268e-22
1.606160649152079192e-02 4.808921683434179995e-22
1.616478429457958096e-02 4.864869911500428967e-22
1.626862489927342198e-02 4.921582906940535026e-22
1.637313256335925366e-02 4.979072954088528361e-22
1.647831157194533033e-02 5.037352565080291786e-22
1.658416623766692174e-02 5.096434484627769917e-22
1.669070090086312991e-02 5.156331694903914627e-22
1.679791992975489603e-02 5.217057420541819894e-22
1.690582772062405176e-02 5.278625133750294543e-22
1.701442869799361587e-02 5.341048559549837579e-22
1.712372731480920826e-02 5.404341681130938287e-22
1.723372805262161217e-02 5.468518745339250725e-22
1.734443542177057859e-02 5.533594268288936598e-22
1.745585396156970961e-02 5.599583041110254294e-22
1.756798824049260119e-02 5.666500135831768349e-22
1.768084285636018285e-02 5.734360911403425452e-22
1.779442243652919892e-02 5.803181019862045829e-22
1.790873163808201496e-02 5.872976412644400288e-22
1.802377514801748598e-02 5.943763347050867149e-22
1.813955768344318459e-02 6.015558392864056014e-22
1.825608399176882266e-02 6.088378439126308518e-22
1.837335885090087689e-02 6.162240701080351126e-22
1.849138706943850852e-02 6.237162727276879407e-22
1.861017348687077008e-02 6.313162406854746253e-22
1.872972297377496417e-02 6.390257976996472740e-22
1.885004043201640375e-02 6.468468030565586319e-22
1.897113079494937293e-02 6.547811523929578990e-22
1.909299902761945472e-02 6.628307784973440361e-22
1.921565012696705224e-02 6.709976521309044068e-22
1.933908912203231162e-02 6.792837828686030846e-22
1.946332107416131815e-02 6.876912199608628810e-22
1.958835107721363517e-02 6.962220532165167680e-22
1.971418425777114042e-02 7.048784139075001159e-22
1.984082577534828848e-02 7.136624756958917119e-22
1.996828082260358739e-02 7.225764555839539368e-22
2.009655462555256372e-02 7.316226148877973689e-22
2.022565244378202176e-02 7.408032602351506390e-22
2.035557957066574247e-02 7.501207445882043328e-22
2.048634133358146273e-02 7.595774682919117750e-22
2.061794309412935330e-02 7.691758801485604188e-22
2.075039024835185000e-02 7.789184785193934300e-22
2.088368822695491761e-02 7.888078124539599599e-22
2.101784249553069472e-02 7.988464828479188708e-22
2.115285855478164778e-02 8.090371436301711387e-22
2.128874194074606083e-02 8.193825029800706179e-22
2.142549822502506224e-02 8.298853245756027814e-22
2.156313301501104965e-02 8.405484288732802729e-22
2.170165195411766917e-02 8.513746944207932805e-22
2.184106072201113039e-02 8.623670592032391757e-22
2.198136503484313456e-02 8.735285220237746705e-22
2.212257064548524971e-02 8.848621439199889917e-22
2.226468334376478786e-02 8.963710496165273251e-22
2.240770895670221238e-02 9.080584290153486991e-22
2.255165334875003022e-02 9.199275387246847167e-22
2.269652242203332518e-02 9.319817036274046181e-22
2.284232211659167552e-02 9.442243184904216487e-22
2.298905841062274386e-02 9.566588496159771176e-22
2.313673732072744557e-02 9.692888365360434699e-22
2.328536490215657451e-02 9.821178937511461878e-22
2.343494724905912513e-02 9.951497125149220129e-22
2.358549049473216558e-02 1.008388062665455638e-21
2.373700081187231706e-02 1.021836794505172027e-21
2.388948441282884652e-02 1.035499840730275161e-21
2.404294754985839000e-02 1.049381218411386246e-21
2.419739651538135167e-02 1.063485031026880734e-21
2.435283764223983988e-02 1.077815470550214961e-21
2.450927730395738649e-02 1.092376819593212145e-21
2.466672191500024827e-02 1.107173453606533454e-21
2.482517793104046036e-02 1.122209843139248983e-21
2.498465184922048221e-02 1.137490556159146804e-21
2.514515020841963031e-02 1.153020260435746086e-21
2.530667958952218660e-02 1.168803725987351518e-21
2.546924661568723824e-02 1.184845827594871302e-21
2.563285795262021383e-02 1.201151547383454962e-21
2.579752030884627234e-02 1.217725977474626579e-21
2.596324043598527420e-02 1.234574322710900148e-21
2.613002512902868127e-02 1.251701903454500526e-21
2.629788122661813263e-02 1.269114158463223348e-21
2.646681561132591815e-02 1.286816647845296425e-21
2.663683520993708614e-02 1.304815056095290824e-21
2.680794699373352172e-02 1.323115195214397649e-21
2.698015797877977365e-02 1.341723007916643987e-21
2.715347522621074441e-02 1.360644570924436277e-21
2.732790584252117738e-02 1.379886098355532678e-21
2.750345697985713198e-02 1.399453945204696531e-21
2.768013583630912419e-02 1.419354610922454869e-21
2.785794965620734878e-02 1.439594743094508204e-21
2.803690573041868125e-02 1.460181141224119828e-21
2.821701139664567828e-02 1.481120760621344012e-21
2.839827403972735795e-02 1.502420716402024494e-21
2.858070109194206510e-02 1.524088287599777728e-21
2.876430003331218940e-02 1.546130921395028660e-21
2.894907839191087490e-02 1.568556237463972884e-21
2.913504374417069318e-02 1.591372032451863032e-21
2.932220371519427687e-02 1.614586284574041489e-21
2.951056597906703480e-02 1.638207158348844773e-21
2.970013825917171973e-02 1.662243009466541763e-21
2.989092832850515427e-02 1.686702389798489590e-21
3.008294400999699664e-02 1.711594052551016021e-21
3.027619317683039393e-02 1.736926957568333460e-21
3.047068375276488703e-02 1.762710276789599759e-21
3.066642371246128262e-02 1.788953399864483806e-21
3.086342108180863478e-02 1.815665939932844992e-21
3.106168393825332885e-02 1.842857739573103265e-21
3.126122041113026800e-02 1.870538876925219548e-21
3.146203868199626275e-02 1.898719671993598278e-21
3.166414698496539809e-02 1.927410693135665378e-21
3.186755360704669748e-02 1.956622763742142848e-21
3.207226688848397594e-02 1.986366969115180302e-21
3.227829522309770549e-02 2.016654663550636958e-21
3.248564705862926755e-02 2.047497477631407944e-21
3.269433089708729395e-02 2.078907325738151973e-21
3.290435529509627005e-02 2.110896413784789718e-21
3.311572886424742762e-02 2.143477247186291909e-21
3.332846027145178192e-02 2.176662639065660398e-21
3.354255823929552793e-02 2.210465718708887764e-21
3.375803154639773346e-02 2.244899940274955918e-21
3.397488902777018316e-02 2.279979091770268291e-21
3.419313957517976926e-02 2.315717304295467183e-21
3.441279213751295696e-02 2.352129061574260302e-21
3.463385572114277555e-02 2.389229209772737723e-21
3.485633939029812722e-02 2.427032967620210858e-21
3.508025226743537173e-02 2.465555936840000883e-21
3.530560353361246462e-02 2.504814112901797290e-21
3.553240242886532285e-02 2.544823896105533295e-21
3.576065825258672309e-02 2.585602103008643651e-21
3.599038036390766332e-02 2.627165978207344499e-21
3.622157818208099345e-02 2.669533206484991698e-21
3.645426118686775213e-02 2.712721925338481155e-21
3.668843891892576564e-02 2.756750737897307894e-21
3.692412098020089045e-02 2.801638726246784543e-21
3.716131703432073302e-02 2.847405465170725850e-21
3.740003680699084676e-02 2.894071036326849786e-21
3.764029008639353802e-02 2.941656042870412897e-21
3.788208672358921170e-02 2.990181624540724844e-21
3.812543663292024959e-02 3.039669473227650221e-21
3.837034979241763649e-02 3.090141849033299673e-21
3.861683624420994554e-02 3.141621596847094198e-21
3.886490609493514770e-02 3.194132163451309920e-21
3.911456951615511352e-02 3.247697615176048930e-21
3.936583674477250189e-02 3.302342656122596433e-21
3.961871808345061863e-02 3.358092646974806063e-21
3.987322390103581471e-02 3.414973624419784355e-21
4.012936463298266698e-02 3.473012321198074452e-21
4.038715078178180956e-02 3.532236186807297683e-21
4.064659291739061014e-02 3.592673408880423569e-21
4.090770167766658721e-02 3.654352935263917892e-21
4.117048776880351951e-02 3.717304496820101728e-21
4.143496196577045598e-02 3.781558630979250934e-21
4.170113511275359841e-02 3.847146706069292864e-21
4.196901812360082779e-02 3.914100946448768587e-21
4.223862198226925602e-02 3.982454458474819651e-21
4.250995774327562260e-02 4.052241257333370801e-21
4.278303653214950847e-02 4.123496294764600039e-21
4.305786954588956134e-02 4.196255487715383591e-21
4.333446805342257291e-02 4.270555747951415970e-21
4.361284339606552596e-02 4.346435012666325289e-21
4.389300698799071532e-02 4.423932276121090375e-21
4.417497031669358892e-02 4.503087622353623426e-21
4.445874494346396810e-02 4.583942258997142142e-21
4.474434250385991851e-02 4.666538552247591519e-21
4.503177470818491707e-02 4.750920063022585852e-21
4.532105334196803725e-02 4.837131584356995611e-21
4.561219026644713209e-02 4.925219180078916626e-21
4.590519741905520201e-02 5.015230224815589436e-21
4.620008681390987831e-02 5.107213445377560003e-21
4.649687054230598054e-02 5.201218963572573324e-21
4.679556077321140456e-02 5.297298340504053595e-21
4.709616975376592490e-02 5.395504622407732828e-21
4.739870980978354992e-02 5.495892388085879751e-21
4.770319334625772872e-02 5.598517797999360911e-21
4.800963284787011787e-02 5.703438645079383449e-21
4.831804087950242882e-02 5.810714407325248991e-21
4.862843008675165474e-02 5.920406302254363909e-21
4.894081319644856543e-02 6.032577343278178014e-21
4.925520301717953298e-02 6.147292398073833542e-21
4.957161243981170196e-02 6.264618249031283530e-21
4.989005443802165679e-02 6.384623655854473295e-21
5.021054206882722554e-02 6.507379420398877171e-21
5.053308847312291963e-02 6.632958453833771102e-21
5.085770687621885000e-02 6.761435846217280942e-21
5.118441058838280738e-02 6.892888938579264622e-21
5.151321300538615200e-02 7.027397397610245365e-21
5.184412760905307560e-02 7.165043293056846722e-21
5.217716796781331906e-02 7.305911177930602004e-21
5.251234773725860228e-02 7.450088171640982885e-21
5.284968066070245413e-02 7.597664046167713232e-21
5.318918056974386577e-02 7.748731315392000750e-21
5.353086138483425377e-02 7.903385327712864945e-21
5.387473711584830210e-02 8.061724362078111803e-21
5.422082186265853032e-02 8.223849727567040756e-21
5.456912981571321319e-02 8.389865866665684475e-21
5.491967525661839433e-02 8.559880462384287923e-21
5.527247255872337617e-02 8.734004549368789961e-21
5.562753618771013736e-02 8.912352629171252864e-21
5.598488070218642088e-02 9.095042789842372038e-21
5.634452075428270090e-02 9.282196830025553572e-21
5.670647109025290372e-02 9.473940387733577497e-21
5.707074655107920863e-02 9.670403073998528845e-21
5.743736207308031833e-02 9.871718611594521351e-21
5.780633268852414935e-02 1.007802497904207940e-20
5.817767352624399896e-02 1.028946456010903979e-20
5.855139981225895157e-02 1.050618429903713334e-20
5.892752687039821274e-02 1.072833586172892250e-20
5.930607012292937047e-02 1.095607580314340746e-20
5.968704509119080598e-02 1.118956574115697303e-20
6.007046739622807358e-02 1.142897253716209614e-20
6.045635275943438830e-02 1.167446848368102899e-20
6.084471700319537407e-02 1.192623149929305212e-20
6.123557605153762129e-02 1.218444533117979467e-20
6.162894593078183103e-02 1.244929976561179409e-20
6.202484277019974790e-02 1.272099084670999603e-20
6.242328280267563784e-02 1.299972110383551060e-20
6.282428236537182520e-02 1.328569978797255121e-20
6.322785790039857357e-02 1.357914311748931456e-20
6.363402595548825480e-02 1.388027453367807244e-20
6.404280318467388267e-02 1.418932496649218226e-20
6.445420634897189305e-02 1.450653311092135394e-20
6.486825231706953854e-02 1.483214571446309736e-20
6.528495806601640472e-02 1.516641787616751020e-20
6.570434068192053390e-02 1.550961335776385171e-20
6.612641736064915621e-02 1.586200490738946600e-20
6.655120540853358413e-02 1.622387459647324935e-20
6.697872224307888089e-02 1.659551417034785632e-20
6.740898539367808084e-02 1.697722541319806787e-20
6.784201250233087843e-02 1.736932052796874521e-20
6.827782132436703566e-02 1.777212253190056453e-20
6.871642972917434145e-02 1.818596566838224836e-20
6.915785570093148371e-02 1.861119583584241993e-20
6.960211733934519585e-02 1.904817103444337870e-20
7.004923286039253794e-02 1.949726183137184807e-20
7.049922059706788258e-02 1.995885184555762263e-20
7.095209900013441096e-02 2.043333825269363851e-20
7.140788663888081311e-02 2.092113231147704737e-20
7.186660220188260950e-02 2.142265991202506549e-20
7.232826449776846855e-02 2.193836214747319351e-20
7.279289245599139535e-02 2.246869590981121033e-20
7.326050512760487465e-02 2.301413451105997848e-20
7.373112168604402383e-02 2.357516833095265660e-20
7.420476142791186669e-02 2.415230549233119037e-20
7.468144377377032572e-02 2.474607256553614104e-20
7.516118826893676552e-02 2.535701530312969988e-20
7.564401458428519909e-02 2.598569940635276198e-20
7.612994251705297588e-02 2.663271132479302781e-20
7.661899199165246588e-02 2.729865909080804243e-20
7.711118306048804494e-02 2.798417319032853673e-20
7.760653590477831210e-02 2.868990747174634118e-20
7.810507083538353879e-02 2.941654009467610916e-20
7.860680829363843325e-02 3.016477452046824644e-20
7.911176885219048383e-02 3.093534054645596911e-20
7.961997321584320109e-02 3.172899538599515570e-20
8.013144222240539682e-02 3.254652479649196982e-20
8.064619684354527862e-02 3.338874425769296309e-20
8.116425818565056738e-02 3.425650020265563940e-20
8.168564749069383291e-02 3.515067130391603899e-20
8.221038613710347775e-02 3.607216981752117050e-20
8.273849564064035544e-02 3.702194298771582019e-20
8.326999765527991204e-02 3.800097451521957143e-20
8.380491397410007315e-02 3.901028609219116487e-20
8.434326653017495956e-02 4.005093900712005862e-20
8.488507739747394587e-02 4.112403582307586557e-20
8.543036879176692244e-02 4.223072213289754244e-20
8.597916307153530280e-02 4.337218839512602417e-20
8.653148273888852660e-02 4.454967185464215823e-20
8.708735044048687701e-02 4.576445855222239287e-20
8.764678896847001577e-02 4.701788542740971342e-20
8.820982126139158275e-02 4.831134251935804919e-20
8.877647040515962429e-02 4.964627527053655420e-20
8.934675963398325260e-02 5.102418693845456796e-20
8.992071233132541141e-02 5.244664112082511391e-20
9.049835203086145641e-02 5.391526439989977279e-20
9.107970241744417494e-02 5.543174911198879185e-20
9.166478732807512020e-02 5.699785624852495370e-20
9.225363075288169068e-02 5.861541849537108164e-20
9.284625683610100988e-02 6.028634341739687188e-20
9.344268987706978724e-02 6.201261679581626383e-20
9.404295433122077108e-02 6.379630612608155510e-20
9.464707481108537712e-02 6.563956428463235316e-20
9.525507608730292286e-02 6.754463337322747339e-20
9.586698308963639836e-02 6.951384875005913243e-20
9.648282090799444044e-02 7.154964325737006262e-20
9.710261479346017632e-02 7.365455165582086713e-20
9.772639015932678419e-02 7.583121527644128460e-20
9.835417258213917380e-02 7.808238690157366955e-20
9.898598780274293907e-02 8.041093588688536466e-20
9.962186172733968059e-02 8.281985353717925446e-20
1.002618204285493225e-01 8.531225874945970721e-20
1.009058901464790770e-01 8.789140393745925127e-20
1.015540972897995414e-01 9.056068125265505247e-20
1.022064684368272219e-01 9.332362911762297196e-20
1.028630303366146054e-01 9.618393908850740049e-20
1.035238099100467546e-01 9.914546306433564418e-20
1.041888342509452864e-01 1.022122208619116824e-19
1.048581306271791219e-01 1.053884081760915648e-19
1.055317264817828560e-01 1.086784049464287027e-19
1.062096494340815794e-01 1.120867841523115859e-19
1.068919272808236676e-01 1.156183210600924250e-19
1.075785879973203824e-01 1.192780029469661254e-19
1.082696597385929549e-01 1.230710393279224094e-19
1.089651708405271757e-01 1.270028727134966769e-19
1.096651498210349657e-01 1.310791899278068690e-19
1.103696253812238987e-01 1.353059340179957741e-19
1.110786264065739409e-01 1.396893167880764097e-19
1.117921819681218232e-01 1.442358319921747465e-19
1.125103213236532396e-01 1.489522692241155390e-19
1.132330739189021801e-01 1.538457285426586503e-19
1.139604693887584785e-01 1.589236358739364135e-19
1.146925375584828821e-01 1.641937592351342195e-19
1.154293084449299622e-01 1.696642258261885495e-19
1.161708122577790325e-01 1.753435400389886674e-19
1.169170794007725611e-01 1.812406024366542283e-19
1.176681404729630065e-01 1.873647297586210721e-19
1.184240262699674112e-01 1.937256760106136599e-19
1.191847677852300308e-01 2.003336547022989044e-19
1.199503962112934419e-01 2.071993622991516333e-19
1.207209429410771029e-01 2.143340029592481273e-19
1.214964395691648658e-01 2.217493146299713340e-19
1.222769178931002731e-01 2.294575965843713683e-19
1.230624099146904044e-01 2.374717384817367762e-19
1.238529478413182422e-01 2.458052510423429570e-19
1.246485640872628253e-01 2.544722984318100566e-19
1.254492912750286848e-01 2.634877324566363865e-19
1.262551622366833437e-01 2.728671286787478919e-19
1.270662100152034346e-01 2.826268245637787965e-19
1.278824678658298797e-01 2.927839597849599298e-19
1.287039692574309668e-01 3.033565188124276643e-19
1.295307478738750295e-01 3.143633759257063709e-19
1.303628376154114810e-01 3.258243427963245971e-19
1.312002726000606467e-01 3.377602187965846469e-19
1.320430871650131455e-01 3.501928442007675154e-19
1.328913158680373185e-01 3.631451564556201531e-19
1.337449934888964298e-01 3.766412497086583380e-19
1.346041550307747192e-01 3.907064377947032535e-19
1.354688357217126438e-01 4.053673208945057793e-19
1.363390710160511665e-01 4.206518560929915663e-19
1.372148965958858990e-01 4.365894320797478004e-19
1.380963483725296259e-01 4.532109482503075065e-19
1.389834624879851266e-01 4.705488984837260914e-19
1.398762753164270178e-01 4.886374598903959058e-19
1.407748234656930331e-01 5.075125868434204705e-19
1.416791437787855157e-01 5.272121106277661132e-19
1.425892733353814612e-01 5.477758450637465158e-19
1.435052494533533285e-01 5.692456984854518834e-19
1.444271096902990104e-01 5.916657924801474799e-19
1.453548918450817407e-01 6.150825878222080341e-19
1.462886339593803264e-01 6.395450180644727603e-19
1.472283743192484284e-01 6.651046312814136613e-19
1.481741514566846940e-01 6.918157404921197647e-19
1.491260041512126600e-01 7.197355833275007877e-19
1.500839714314707585e-01 7.489244915442651469e-19
1.510480925768128146e-01 7.794460710305128525e-19
1.520184071189182307e-01 8.113673929916372477e-19
1.529949548434131612e-01 8.447591970534609102e-19
1.539777757915017919e-01 8.796961070703286852e-19
1.549669102616080818e-01 9.162568604814180900e-19
1.559623988110283022e-01 9.545245521169987576e-19
1.569642822575936791e-01 9.945868934200557703e-19
1.579726016813443046e-01 1.036536488116649136e-18
1.589873984262133721e-01 1.080471125441408687e-18
1.600087141017224879e-01 1.126494092103130640e-18
1.610365905846878887e-01 1.174714504259738191e-18
1.620710700209372357e-01 1.225247660862505851e-18
1.631121948270378430e-01 1.278215419827047007e-18
1.641600076920359252e-01 1.333746598592953845e-18
1.652145515792068364e-01 1.391977400747457230e-18
1.662758697278170772e-01 1.453051870508580562e-18
1.673440056548965715e-01 1.517122376994856914e-18
1.684190031570235446e-01 1.584350130348185068e-18
1.695009063121200032e-01 1.654905731927941646e-18
1.705897594812591511e-01 1.728969760957365740e-18
1.716856073104844893e-01 1.806733400177490980e-18
1.727884947326401022e-01 1.888399103254287389e-18
1.738984669692131835e-01 1.974181306886501460e-18
1.750155695321883587e-01 2.064307190781591764e-18
1.761398482259134701e-01 2.159017488903671192e-18
1.772713491489782689e-01 2.258567355651590092e-18
1.784101186961039864e-01 2.363227290900547496e-18
1.795562035600458961e-01 2.473284128136562587e-18
1.807096507335079205e-01 2.589042090233416457e-18
1.818705075110692848e-01 2.710823917766766962e-18
1.830388214911238820e-01 2.838972075132268429e-18
1.842146405778320173e-01 2.973850040137702935e-18
1.853980129830842816e-01 3.115843683173244466e-18
1.865889872284786921e-01 3.265362742533257098e-18
1.877876121473100457e-01 3.422842402970734636e-18
1.889939368865722058e-01 3.588744985113837655e-18
1.902080109089736293e-01 3.763561753966014705e-18
1.914298839949648834e-01 3.947814855353843781e-18
1.926596062447801794e-01 4.142059389877467634e-18
1.938972280804915349e-01 4.346885634672181809e-18
1.951428002480760926e-01 4.562921424097484750e-18
1.963963738194973163e-01 4.790834701353096102e-18
1.976580001947984278e-01 5.031336253968209913e-18
1.989277311042103036e-01 5.285182647144879847e-18
2.002056186102726121e-01 5.553179370050574687e-18
2.014917151099682446e-01 5.836184211363712332e-18
2.027860733368722912e-01 6.135110881689282874e-18
2.040887463633135890e-01 6.450932901881144881e-18
2.053997876025512315e-01 6.784687777848821433e-18
2.067192508109645666e-01 7.137481484099234009e-18
2.080471900902573501e-01 7.510493280076254972e-18
2.093836598896762768e-01 7.904980885330552458e-18
2.107287150082431670e-01 8.322286041687773525e-18
2.120824105970021134e-01 8.763840492902740726e-18
2.134448021612808388e-01 9.231172414809250868e-18
2.148159455629664039e-01 9.725913331709480783e-18
2.161958970227961241e-01 1.024980555772449650e-17
2.175847131226622266e-01 1.080471020505658740e-17
2.189824508079321608e-01 1.139261580463632927e-17
2.203891673897835080e-01 1.201564758844215754e-17
2.218049205475537411e-01 1.267607748694831723e-17
2.232297683311057490e-01 1.337633489967219870e-17
2.246637691632072387e-01 1.411901830173002156e-17
2.261069818419268740e-01 1.490690775466075285e-17
2.275594655430448754e-01 1.574297839562917460e-17
2.290212798224794122e-01 1.663041498547229531e-17
2.304924846187288989e-01 1.757262760299232977e-17
2.319731402553290578e-01 1.857326858044889829e-17
2.334633074433267730e-01 1.963625078344904881e-17
2.349630472837692108e-01 2.076576734740673756e-17
2.364724212702093431e-01 2.196631299255103432e-17
2.379914912912270419e-01 2.324270705015061335e-17
2.395203196329672712e-01 2.460011834429328175e-17
2.410589689816931835e-01 2.604409208629994629e-17
2.426075024263570079e-01 2.758057895276885657e-17
2.441659834611867586e-01 2.921596653344461568e-17
2.457344759882894025e-01 3.095711335170921086e-17
2.473130443202717077e-01 3.281138567866149313e-17
2.489017531828764396e-01 3.478669738157608729e-17
2.505006677176366825e-01 3.689155306926117554e-17
2.521098534845468420e-01 3.913509482056634714e-17
2.537293764647506888e-01 4.152715280827383913e-17
2.553593030632470007e-01 4.407830015906232980e-17
2.569997001116120505e-01 4.679991242135899962e-17
2.586506348707399150e-01 4.970423204699772954e-17
2.603121750336006568e-01 5.280443833000031438e-17
2.619843887280153827e-01 5.611472328668547472e-17
2.636673445194505638e-01 5.965037400626851523e-17
2.653611114138285099e-01 6.342786205027249830e-17
2.670657588603572163e-01 6.746494053309765631e-17
2.687813567543779203e-01 7.178074957530377011e-17
2.705079754402308634e-01 7.639593088620312345e-17
2.722456857141403175e-01 8.133275230368452346e-17
2.739945588271162635e-01 8.661524319761000824e-17
2.757546664878767206e-01 9.226934172919401419e-17
2.775260808657878386e-01 9.832305505339607715e-17
2.793088745938227535e-01 1.048066336553358515e-16
2.811031207715403712e-01 1.117527611261004091e-16
2.829088929680818598e-01 1.191967608090226722e-16
2.847262652251878468e-01 1.271768208859245779e-16
2.865553120602338799e-01 1.357342396250154021e-16
2.883961084692860388e-01 1.449136926797999363e-16
2.902487299301764190e-01 1.547635245129297712e-16
2.921132524055969903e-01 1.653360662222126052e-16
2.939897523462150497e-01 1.766879822701258198e-16
2.958783066938076023e-01 1.888806488650430184e-16
2.977789928844161160e-01 2.019805670147333745e-16
2.996918888515222035e-01 2.160598135730078525e-16
3.016170730292422331e-01 2.311965339316385492e-16
3.035546243555439228e-01 2.474754803755005573e-16
3.055046222754828622e-01 2.649886005224226891e-16
3.074671467444600181e-01 2.838356807151523377e-16
3.094422782314999454e-01 3.041250497252855771e-16
3.114300977225508693e-01 3.259743486732948196e-16
3.134306867238044192e-01 3.495113736702080336e-16
3.154441272650382322e-01 3.748749983519990670e-16
3.174705019029792075e-01 4.022161842131516788e-16
3.195098937246885207e-01 4.316990874603771541e-16
3.215623863509688429e-01 4.635022720082805379e-16
3.236280639397923764e-01 4.978200392366790229e-16
3.257070111897519271e-01 5.348638862341032382e-16
3.277993133435337936e-01 5.748641054765480995e-16
3.299050561914126933e-01 6.180715402469179222e-16
3.320243260747701708e-01 6.647595116055558484e-16
3.341572098896337661e-01 7.152259343894825302e-16
3.363037950902406092e-01 7.697956415699042989e-16
3.384641696926233290e-01 8.288229383500639781e-16
3.406384222782185556e-01 8.926944096666464238e-16
3.428266419974997370e-01 9.618320072888792516e-16
3.450289185736318265e-01 1.036696445522739382e-15
3.472453423061502842e-01 1.117790937652647933e-15
3.494760040746641150e-01 1.205665308727642284e-15
3.517209953425813884e-01 1.300920524161476701e-15
3.539804081608607378e-01 1.404213677914952001e-15
3.562543351717842866e-01 1.516263488808492925e-15
3.585428696127570536e-01 1.637856358837385691e-15
3.608461053201297841e-01 1.769853053287945627e-15
3.631641367330464831e-01 1.913196069053954147e-15
3.654970588973169843e-01 2.068917764909528017e-15
3.678449674693134996e-01 2.238149335692132766e-15
3.702079587198932598e-01 2.422130721492046038e-15
3.725861295383456340e-01 2.622221553140660324e-15
3.749795774363649525e-01 2.839913246667906203e-15
3.773884005520492524e-01 3.076842372095832327e-15
3.798126976539232258e-01 3.334805436116828921e-15
3.822525681449886470e-01 3.615775234038021820e-15
3.847081120668002230e-01 3.921918944071172125e-15
3.871794301035670349e-01 4.255618156821073421e-15
3.896666235862820127e-01 4.619491054940315826e-15
3.921697944968753347e-01 5.016416982650050538e-15
3.946890454723969155e-01 5.449563672498121600e-15
3.972244798092245399e-01 5.922417427699001772e-15
3.997762014672994191e-01 6.438816593080024372e-15
4.023443150743883923e-01 7.002988686497060060e-15
4.049289259303751609e-01 7.619591606107327341e-15
4.075301400115762251e-01 8.293759377659348926e-15
4.101480639750873514e-01 9.031152960659187449e-15
4.127828051631564632e-01 9.838016693609554035e-15
4.154344716075848432e-01 1.072124102735135500e-14
4.181031720341574220e-01 1.168843227278950375e-14
4.207890158670998249e-01 1.274799017602834711e-14
4.234921132335656702e-01 1.390919423137179671e-14
4.262125749681520692e-01 1.518229975211671798e-14
4.289505126174437688e-01 1.657864484211570113e-14
4.317060384445879917e-01 1.811076954944446830e-14
4.344792654338959226e-01 1.979254863913067723e-14
4.372703072954765013e-01 2.163933959701310320e-14
4.400792784698985827e-01 2.366814767390348478e-14
4.429062941328829606e-01 2.589781000116853518e-14
4.457514702000259788e-01 2.834920105884262967e-14
4.486149233315510076e-01 3.104546205908474841e-14
4.514967709370925619e-01 3.401225712533288503e-14
4.543971311805105051e-01 3.727805950556306508e-14
4.573161229847345632e-01 4.087447146196562037e-14
4.602538660366416456e-01 4.483658193512508079e-14
4.632104807919619205e-01 4.920336659525538117e-14
4.661860884802186966e-01 5.401813547404947804e-14
4.691808111096988365e-01 5.932903402695837644e-14
4.721947714724555323e-01 6.518960421736816726e-14
4.752280931493437777e-01 7.165941305250598158e-14
4.782809005150861492e-01 7.880475694899559665e-14
4.813533187433736704e-01 8.669945137847028519e-14
4.844454738119977621e-01 9.542571645739705708e-14
4.875574925080157218e-01 1.050751705192588594e-13
4.906895024329500643e-01 1.157499452632506996e-13
4.938416320080192268e-01 1.275639378364171569e-13
4.970140104794042446e-01 1.406442172039011432e-13
5.002067679235477904e-01 1.551326044266560916e-13
5.034200352524874633e-01 1.711874490344761490e-13
5.066539442192246057e-01 1.889856265960691342e-13
5.099086274231252602e-01 2.087247858947279156e-13
5.131842183153575432e-01 2.306258778726235210e-13
5.164808512043638222e-01 2.549360027704813019e-13
5.197986612613673119e-01 2.819316167335454264e-13
5.231377845259151949e-01 3.119221446601754171e-13
5.264983579114558276e-01 3.452540523284668080e-13
5.298805192109525830e-01 3.823154379549962619e-13
5.332844071025344412e-01 4.235412114385400416e-13
5.367101611551816642e-01 4.694189387592283209e-13
5.401579218344484401e-01 5.204954394976153755e-13
5.436278305082230533e-01 5.773842373903393294e-13
5.471200294525235819e-01 6.407739774558370158e-13
5.506346618573316753e-01 7.114379387431393359e-13
5.541718718324643023e-01 7.902447894506597139e-13
5.577318044134820241e-01 8.781707513415620606e-13
5.613146055676369039e-01 9.763133634055216740e-13
5.649204221998559428e-01 1.085907060993001006e-12
5.685494021587660374e-01 1.208340816647022890e-12
5.722016942427554653e-01 1.345178123119100397e-12
5.758774482060748934e-01 1.498179638198330851e-12
5.795768147649789093e-01 1.669328855717542126e-12
5.832999456039044128e-01 1.860861218242664752e-12
5.870469933816904184e-01 2.075297145440559282e-12
5.908181117378380476e-01 2.315479519032853027e-12
5.946134552988096011e-01 2.584616241818599508e-12
5.984331796843695983e-01 2.886328575910559314e-12
6.022774415139643400e-01 3.224706065719458482e-12
6.061463984131443272e-01 3.604368966220338636e-12
6.100402090200276461e-01 4.030539228819066096e-12
6.139590329918040990e-01 4.509121248198799666e-12
6.179030310112822999e-01 5.046793746751414035e-12
6.218723647934772947e-01 5.651114371890908221e-12
6.258671970922415895e-01 6.330638809537215846e-12
6.298876917069388126e-01 7.095056478741254956e-12
6.339340134891592315e-01 7.955345172878139220e-12
6.380063283494807891e-01 8.923947357918624886e-12
6.421048032642696635e-01 1.001497123474480395e-11
6.462296062825283460e-01 1.124442012811364791e-11
6.503809065327855743e-01 1.263045428866133433e-11
6.545588742300306739e-01 1.419368979669153015e-11
6.587636806826945302e-01 1.595753994937218511e-11
6.629954982996713042e-01 1.794860531024122250e-11
6.672545005973894439e-01 2.019711951759442565e-11
6.715408622069257705e-01 2.273745900488551990e-11
6.758547588811653073e-01 2.560872600310527862e-11
6.801963675020092914e-01 2.885541559693012043e-11
6.845658660876259294e-01 3.252817922184198073e-11
6.889634337997506686e-01 3.668469885150259249e-11
6.933892509510318769e-01 4.139068827167076224e-11
6.978434990124248172e-01 4.672104031319789687e-11
7.023263606206313625e-01 5.276114177339265045e-11
7.068380195855905601e-01 5.960838105168949934e-11
7.113786608980130488e-01 6.737387733082323898e-11
7.159484707369674350e-01 7.618446452832776061e-11
7.205476364775141862e-01 8.618496831732761981e-11
7.251763466983878192e-01 9.754082037731900670e-11
7.298347911897308249e-01 1.104410608088308255e-10
7.345231609608733336e-01 1.251017874742802026e-10
7.392416482481665163e-01 1.417701200775815380e-10
7.439904465228642794e-01 1.607287572603846922e-10
7.487697504990562525e-01 1.823012170974032358e-10
7.535797561416526236e-01 2.068578653771005508e-10
7.584206606744169354e-01 2.348228522588840491e-10
7.632926625880547267e-01 2.666820966539648807e-10
7.681959616483517994e-01 3.029924793906693335e-10
7.731307589043643347e-01 3.443924313679648334e-10
7.780972566966645187e-01 3.916141320211750865e-10
7.830956586656345753e-01 4.454975671570369410e-10
7.881261697598178628e-01 5.070067343005013563e-10
7.931889962443223752e-01 5.772483289901852001e-10
7.982843457092778650e-01 6.574932979602678267e-10
8.034124270783484789e-01 7.492017060108857463e-10
8.085734506172977953e-01 8.540514339418830147e-10
8.137676279426111492e-01 9.739713067685210630e-10
8.189951720301725802e-01 1.111179346367919912e-09
8.242562972239966257e-01 1.268226952831893290e-09
8.295512192450190669e-01 1.448049946576778344e-09
8.348801551999394110e-01 1.654027551533870757e-09
8.402433235901245467e-01 1.890050571827105445e-09
8.456409443205675780e-01 2.160600214086680924e-09
8.510732387089039452e-01 2.470839239422617226e-09
8.565404294944880537e-01 2.826717398291630430e-09
8.620427408475233033e-01 3.235093414077412226e-09
8.675803983782557349e-01 3.703876144195647841e-09
8.731536291462240751e-01 4.242187969094750147e-09
8.787626616695695114e-01 4.860553949142959563e-09
8.844077259344070852e-01 5.571120858102595114e-09
8.900890534042533719e-01 6.387910862507897698e-09
8.958068770295187777e-01 7.327115383686787749e-09
9.015614312570590094e-01 8.407435570696865739e-09
9.073529520397869419e-01 9.650476848202335713e-09
9.131816768463497658e-01 1.108120620665811868e-08
9.190478446708632010e-01 1.272848230022497967e-08
9.249516960427121015e-01 1.462567004214531255e-08
9.308934730364128995e-01 1.681135327444935297e-08
9.368734192815395545e-01 1.933016128134794921e-08
9.428917799727116744e-01 2.223372746282596057e-08
9.489488018796511382e-01 2.558180144404561393e-08
9.550447333572968933e-01 2.944353933363007918e-08
9.611798243559900312e-01 3.389900083683992284e-08
9.673543264317223667e-01 3.904088656743030493e-08
9.735684927564501878e-01 4.497655428830322430e-08
9.798225781284772840e-01 5.183035906607492282e-08
9.861168389828988134e-01 5.974636958762084820e-08
9.924515334021185575e-01 6.889152131890371109e-08
9.988269211264301228e-01 7.945927697465117185e-08
1.005243263564667089e+00 9.167387612810570404e-08
1.011700823804921656e+00 1.057952689732559390e-07
1.018199866625330463e+00 1.221248445472195805e-07
1.024740658504936119e+00 1.410120814623685200e-07
1.031323467634607027e+00 1.628622697730792046e-07
1.037948563928037915e+00 1.881454764575132538e-07
1.044616219032816096e+00 2.174069546459312330e-07
1.051326706341560113e+00 2.512792287690358402e-07
1.058080301003129664e+00 2.904961249185428924e-07
1.064877279933906351e+00 3.359090586983203446e-07
1.071717921829149489e+00 3.885059426085811814e-07
1.078602507174422964e+00 4.494331325954370577e-07
1.085531318257094924e+00 5.200209000189516239e-07
1.092504639177912962e+00 6.018129923293465413e-07
1.099522755862656131e+00 6.966009347831241301e-07
1.106585956073852461e+00 8.064638284029492423e-07
1.113694529422582846e+00 9.338145181782849766e-07
1.120848767380353994e+00 1.081453142611608400e-06
1.128048963291050644e+00 1.252629233877750529e-06
1.135295412382962166e+00 1.451113720211147073e-06
1.142588411780889546e+00 1.681282392241494148e-06
1.149928260518326084e+00 1.948212636936723922e-06
1.157315259549720698e+00 2.257795521224355270e-06
1.164749711762815165e+00 2.616865627524638045e-06
1.172231921991069736e+00 3.033351411337944623e-06
1.179762197026152926e+00 3.516449273479495851e-06
1.187340845630527442e+00 4.076825024252259766e-06
1.194968178550108506e+00 4.726846972488874309e-06
1.202644508527004552e+00 5.480855508808602509e-06
1.210370150312342297e+00 6.355474780687476465e-06
1.218145420679170199e+00 7.369972889473670111e-06
1.225970638435448956e+00 8.546677990261369637e-06
1.233846124437122382e+00 9.911458760190518252e-06
1.241772201601272885e+00 1.149427893673289360e-05
1.249749194919366202e+00 1.332983703430111781e-05
1.257777431470570084e+00 1.545830394668249976e-05
1.265857240435170228e+00 1.792617295830345204e-05
1.273988953108066369e+00 2.078723874557390129e-05
1.282172902912356527e+00 2.410372427964740233e-05
1.290409425413007627e+00 2.794757717571442378e-05
1.298698858330615824e+00 3.240196000621357251e-05
1.307041541555252095e+00 3.756296244388645936e-05
1.315437817160400646e+00 4.354156686626524061e-05
1.323888029416982803e+00 5.046590327983751617e-05
1.332392524807477940e+00 5.848383415666769878e-05
1.340951652040122566e+00 6.776591506824289888e-05
1.349565762063214436e+00 7.850878290300569110e-05
1.358235208079499490e+00 9.093903001949430061e-05
1.366960345560655599e+00 1.053176299720729695e-04
1.375741532261867572e+00 1.219449885071115979e-04
1.384579128236495649e+00 1.411667024201728317e-04
1.393473495850838795e+00 1.633801186434425616e-04
1.402424999798993044e+00 1.890417966480771855e-04
1.411434007117805312e+00 2.186759889435239848e-04
1.420500887201920692e+00 2.528842671724172600e-04
1.429626011818934561e+00 2.923564350614677181e-04
1.438809755124627943e+00 3.378828843068933520e-04
1.448052493678314789e+00 3.903685653401806890e-04
1.457354606458279411e+00 4.508487618037428134e-04
1.466716474877317378e+00 5.205068754054078921e-04
1.476138482798372786e+00 6.006944465167629414e-04
1.485621016550279005e+00 6.929536552912111090e-04
1.495164464943598670e+00 7.990425680076701119e-04
1.504769219286565596e+00 9.209634135381396160e-04
1.514435673401129279e+00 1.060994194961352400e-03
1.524164223639107529e+00 1.221723960986287588e-03
1.533955268898429480e+00 1.406092080496469362e-03
1.543809210639497609e+00 1.617431880559125736e-03
1.553726452901646793e+00 1.859519022914967248e-03
1.563707402319711504e+00 2.136625005394183867e-03
1.573752468140698912e+00 2.453576181855439842e-03
1.583862062240569246e+00 2.815818695916559502e-03
1.594036599141123167e+00 3.229489718558732798e-03
1.604276496026999732e+00 3.701495366069957726e-03
1.614582172762778711e+00 4.239595650979880760e-03
1.624954051910204589e+00 4.852496782656816506e-03
1.635392558745501157e+00 5.549951083907231873e-03
1.645898121276817339e+00 6.342864722874289214e-03
1.656471170261773596e+00 7.243413373201067033e-03
1.667112139225125578e+00 8.265165807098441564e-03
1.677821464476538349e+00 9.423215292774582766e-03
1.688599585128477631e+00 1.073431850671738470e-02
1.699446943114214070e+00 1.221704147961445892e-02
1.710363983205943406e+00 1.389191186935901171e-02
1.721351153033022330e+00 1.578157659288688744e-02
1.732408903100329356e+00 1.791096354806986229e-02
1.743537686806726050e+00 2.030744581551132549e-02
1.754737960463654822e+00 2.300100634644045017e-02
1.766010183313846849e+00 2.602440071628486437e-02
1.777354817550153010e+00 2.941331505431384399e-02
1.788772328334494954e+00 3.320651574954695123e-02
1.800263183816937174e+00 3.744598698504123663e-02
1.811827855154883649e+00 4.217705157159328672e-02
1.823466816532396173e+00 4.744846994479666458e-02
1.835180545179636580e+00 5.331251156564680710e-02
1.846969521392433977e+00 5.982499233650299258e-02
1.858834228551984324e+00 6.704527102617111045e-02
1.870775153144660585e+00 7.503619710827029443e-02
1.882792784781965878e+00 8.386400187743985046e-02
1.894887616220608972e+00 9.359812424317155710e-02
1.907060143382706574e+00 1.043109622396004021e-01
1.919310865376119724e+00 1.160775410631510324e-01
1.931640284514916983e+00 1.289750883933112879e-01
1.944048906339971294e+00 1.430825079024235780e-01
1.956537239639688730e+00 1.584797422575898174e-01
1.969105796470867809e+00 1.752470176019862436e-01
1.981755092179703803e+00 1.934639625144196906e-01
1.994485645422906961e+00 2.132085958235008238e-01
2.007297978188977261e+00 2.345561794321427140e-01
2.020192615819605297e+00 2.575779345192409364e-01
2.033170087031212603e+00 2.823396221515642734e-01
2.046230923936629864e+00 3.088999924729328717e-01
2.059375662066916135e+00 3.373091102402258068e-01
2.072604840393318160e+00 3.676065685319073184e-01
2.085919001349366031e+00 3.998196069319220336e-01
2.099318690853115843e+00 4.339611553367771490e-01
2.112804458329541113e+00 4.700278296703154224e-01
2.126376856733048104e+00 5.079979111182425511e-01
2.140036442570156350e+00 5.478293458865006738e-01
2.153783775922316401e+00 5.894578077903732671e-01
2.167619420468872793e+00 6.327948710164074120e-01
2.181543943510177996e+00 6.777263449637433990e-01
2.195557915990853370e+00 7.241108269416681731e-01
2.209661912523197547e+00 7.717785314368558192e-01
2.223856511410749803e+00 8.205304564178751425e-01
2.238142294671997767e+00 8.701379474659505231e-01
2.252519848064252983e+00 9.203427191683178910e-01
2.266989761107652157e+00 9.708573899616469438e-01
2.281552627109341369e+00 1.021366581279771424e+00
2.296209043187797949e+00 1.071528624297953369e+00
2.310959610297316669e+00 1.120977907693381903e+00
2.325804933252649143e+00 1.169327887648095476e+00
2.340745620753803102e+00 1.216174766883572733e+00
2.355782285411001542e+00 1.261101833009768303e+00
2.370915543769799960e+00 1.303684428175368559e+00
2.386146016336367914e+00 1.343495502310540379e+00
2.401474327602929115e+00 1.380111681658724221e+00
2.416901106073375161e+00 1.413119763405969564e+00
2.432426984289024041e+00 1.442123526734570449e+00
2.448052598854563833e+00 1.466750731329482971e+00
2.463778590464153595e+00 1.486660157080473832e+00
2.479605603927694357e+00 1.501548524303730314e+00
2.495534288197266193e+00 1.511157123093790133e+00
2.511565296393739377e+00 1.515277974198608879e+00
2.527699285833551635e+00 1.513759342780274908e+00
2.543936918055663465e+00 1.506510431135466233e+00
2.560278858848676453e+00 1.493505087276224108e+00
2.576725778278146084e+00 1.474784383365931095e+00
2.593278350714039338e+00 1.450457941269921669e+00
2.609937254858395672e+00 1.420703911542777087e+00
2.626703173773154099e+00 1.385767546379788273e+00
2.643576794908160554e+00 1.345958345471864881e+00
2.660558810129354690e+00 1.301645795123563376e+00
2.677649915747139175e+00 1.253253763998241288e+00
2.694850812544929308e+00 1.201253661841875209e+00
2.712162205807887361e+00 1.146156508795715734e+00
2.729584805351839893e+00 1.088504100691323639e+00
2.747119325552390912e+00 1.028859488334040950e+00
2.764766485374199334e+00 9.677970146673718910e-01
2.782527008400466517e+00 9.058921715431558219e-01
2.800401622862605855e+00 8.437115465841719120e-01
2.818391061670099340e+00 7.818031296770828753e-01
2.836496062440550858e+00 7.206872377667646878e-01
2.854717367529929106e+00 6.608482960901912451e-01
2.873055724063008576e+00 6.027276845064070132e-01
2.891511883964000607e+00 5.467178203095099942e-01
2.910086603987384279e+00 4.931576054080768490e-01
2.928780645748945588e+00 4.423293178917840351e-01
2.947594775756988916e+00 3.944569778830546158e-01
2.966529765443776778e+00 3.497061674004079412e-01
2.985586391197159628e+00 3.081852359476220937e-01
3.004765434392408174e+00 2.699477797657832689e-01
3.024067681424253529e+00 2.349962449796772768e-01
3.043493923739128970e+00 2.032864747283029405e-01
3.063044957867625318e+00 1.747329988627684128e-01
3.082721585457147473e+00 1.492148525218438271e-01
3.102524613304782797e+00 1.265817069592332089e-01
3.122454853390394636e+00 1.066601020160132252e-01
3.142513122909896151e+00 8.925958378082843314e-02
3.162700244308770614e+00 7.417857205593682279e-02
3.183017045315791549e+00 6.120980875789368281e-02
3.203464358976960025e+00 5.014526865020353663e-02
3.224043023689664000e+00 4.078044608005126220e-02
3.244753883237054382e+00 3.291796395375346657e-02
3.265597786822641790e+00 2.637048245069142927e-02
3.286575589105115824e+00 2.096291357514542056e-02
3.307688150233391244e+00 1.653397249182865514e-02
3.328936335881869990e+00 1.293711691579488982e-02
3.350321017285950997e+00 1.004094119653596746e-02
3.371843071277733639e+00 7.729102039955606379e-03
3.393503380321983176e+00 5.899858235149536140e-03
3.415302832552310264e+00 4.465307727608849864e-03
3.437242321807588930e+00 3.350402527374105911e-03
3.459322747668604148e+00 2.491816005396348295e-03
3.481545015494938333e+00 1.836728919705662467e-03
3.503910036462094535e+00 1.341590831299427876e-03
3.526418727598854996e+00 9.709031736395647063e-04
3.549072011824879969e+00 6.960597944819686689e-04
3.571870817988564095e+00 4.942708419557879625e-04
3.594816080905100186e+00 3.475868338339246390e-04
3.617908741394823657e+00 2.420319107365252579e-04
3.641149746321783898e+00 1.668487845854427427e-04
3.664540048632571434e+00 1.138527952575598984e-04
3.688080607395388011e+00 7.688873195406062139e-05
3.711772387839374243e+00 5.138154359020286781e-05
3.735616361394183293e+00 3.397059118180147162e-05
3.759613505729815230e+00 2.221649711013020222e-05
3.783764804796698744e+00 1.436972759423090348e-05
3.808071248866052638e+00 9.190620404244308490e-06
3.832533834570464926e+00 5.811473277353046417e-06
3.857153564944773461e+00 3.632398238918963312e-06
3.881931449467190376e+00 2.243809662694427803e-06
3.906868504100693418e+00 1.369564000110721018e-06
3.931965751334680625e+00 8.258471455476943821e-07
3.957224220226899902e+00 4.918742971928093089e-07
3.982644946445639267e+00 2.893081141148734723e-07
4.008228972312193328e+00 1.680091131540671855e-07
4.033977346843598433e+00 9.631264301377320465e-08
4.059891125795660471e+00 5.449081003013995386e-08
4.085971371706220268e+00 3.042024763305620517e-08
4.112219153938735161e+00 1.675369080348604983e-08
4.138635548726123936e+00 9.100682995461628669e-09
4.165221639214894189e+00 4.874829021336839247e-09
4.191978515509555692e+00 2.574373484066848646e-09
4.218907274717315303e+00 1.340028402510155339e-09
4.246009020993064098e+00 6.873673600291579113e-10
4.273284865584647818e+00 3.473737982260990607e-10
4.300735926878434867e+00 1.729170698076473792e-10
4.328363330445166746e+00 8.476358918263394146e-11
4.356168209086127341e+00 4.090798087482122159e-11
4.384151702879562684e+00 1.943251970893442456e-11
4.412314959227450650e+00 9.083771932093105738e-12
4.440659132902536221e+00 4.177452696907401992e-12
4.469185386095686496e+00 1.889538529913274721e-12
4.497894888463538798e+00 8.404038035700072235e-13
4.526788817176464086e+00 3.674480287278641515e-13
4.555868356966831456e+00 1.578939661630648718e-13
4.585134700177586176e+00 6.666245507359204798e-14
4.614589046811134132e+00 2.764560400557183844e-14
4.644232604578566459e+00 1.125851454018598340e-14
4.674066588949147061e+00 4.501175084693205292e-15
4.704092223200172285e+00 1.766194068620496125e-15
4.734310738467122803e+00 6.799779732144375265e-16
4.764723373794141459e+00 2.567850062346305139e-16
4.795331376184843286e+00 9.509016900930210690e-17
4.826136000653439950e+00 3.451943677926420506e-17
4.857138510276201693e+00 1.228069945735933395e-17
4.888340176243247903e+00 4.280369002814060674e-18
4.919742277910663653e+00 1.461179508118487826e-18
4.951346102852974163e+00 4.883755140726545073e-19
4.983152946915914150e+00 1.597695242020893943e-19
5.015164114269576423e+00 5.114269987558107899e-20
5.047380917461886440e+00 1.601330483707023855e-20
5.079804677472415264e+00 4.902774326186837955e-21
5.112436723766545121e+00 1.467305217512468464e-21
5.145278394349983131e+00 4.291100127816636263e-22
5.178331035823623196e+00 1.225847439785255820e-22
5.211596003438756952e+00 3.419571461668774551e-23
5.245074661152641760e+00 9.311512421981714026e-24
5.278768381684444400e+00 2.474148316767603675e-24
5.312678546571498295e+00 6.412534597051622538e-25
5.346806546225968404e+00 1.620583998077416225e-25
5.381153779991857178e+00 3.991979888917153695e-26
5.415721656202385326e+00 9.581092164769266773e-27
5.450511592237731406e+00 2.239670861715203335e-27
5.485525014583153336e+00 5.097136068258978798e-28
5.520763358887476713e+00 1.128935445155147175e-28
5.556228070021959731e+00 2.432419600050477677e-29
5.591920602139536456e+00 5.096331188983555659e-30
5.627842418734437580e+00 1.037880598063777031e-30
5.663994992702220621e+00 2.053648576647827219e-31
5.700379806400125204e+00 3.946478539936539212e-32
5.736998351707880417e+00 7.362267991129379787e-33
5.773852130088869217e+00 1.332731253206835504e-33
5.810942652651691631e+00 2.339973095126925232e-34
5.848271440212124972e+00 3.983108011139921279e-35
5.885840023355482842e+00 6.570209249994763311e-36
5.923649942499371157e+00 1.049741790501783009e-36
5.961702747956851844e+00 1.623788580783759410e-37
6.000000000000000000e+00 2.430608257940822060e-38
