1.000000000000000021e-02 1.024804589289038406e-35
1.006423878153985853e-02 1.036025342011482283e-35
1.012889022518508909e-02 1.047388727175400446e-35
1.019395698182676974e-02 1.058896868211903776e-35
1.025944171938499710e-02 1.070551925132819982e-35
1.032534712291824537e-02 1.082356095245484164e-35
1.039167589473347954e-02 1.094311613883047716e-35
1.045843075449695916e-02 1.106420755150555605e-35
1.052561443934573945e-02 1.118685832687589174e-35
1.059322970399993041e-02 1.131109200447363160e-35
1.066127932087561000e-02 1.143693253493070194e-35
1.072976608019852313e-02 1.156440428811778144e-35
1.079869279011848836e-02 1.169353206146114711e-35
1.086806227682452809e-02 1.182434108844380208e-35
1.093787738466077755e-02 1.195685704729600742e-35
1.100814097624307555e-02 1.209110606987708107e-35
1.107885593257636019e-02 1.222711475075450964e-35
1.115002515317279307e-02 1.236491015648749460e-35
1.122165155617064515e-02 1.250451983511511194e-35
1.129373807845397183e-02 1.264597182585753671e-35
1.136628767577298887e-02 1.278929466903617761e-35
1.143930332286530530e-02 1.293451741621503364e-35
1.151278801357787616e-02 1.308166964057202613e-35
1.158674476098976898e-02 1.323078144750188580e-35
1.166117659753569506e-02 1.338188348546114673e-35
1.173608657513037536e-02 1.353500695705822231e-35
1.181147776529364000e-02 1.369018363039516733e-35
1.188735325927639877e-02 1.384744585066822519e-35
1.196371616818737126e-02 1.400682655203190975e-35
1.204056962312067582e-02 1.416835926973446360e-35
1.211791677528418522e-02 1.433207815253379630e-35
1.219576079612875140e-02 1.449801797539492891e-35
1.227410487747824033e-02 1.466621415248144529e-35
1.235295223166040304e-02 1.483670275044695319e-35
1.243230609163858968e-02 1.500952050203342690e-35
1.251216971114433099e-02 1.518470481998322014e-35
1.259254636481071422e-02 1.536229381127743700e-35
1.267343934830667505e-02 1.554232629170000587e-35
1.275485197847212558e-02 1.572484180074807959e-35
1.283678759345394972e-02 1.590988061688538607e-35
1.291924955284289370e-02 1.609748377315502828e-35
1.300224123781129268e-02 1.628769307316046571e-35
1.308576605125172203e-02 1.648055110741802868e-35
1.316982741791652631e-02 1.667610127010056521e-35
1.325442878455823648e-02 1.687438777617052825e-35
1.333957362007092036e-02 1.707545567892479442e-35
1.342526541563237967e-02 1.727935088795296477e-35
1.351150768484732194e-02 1.748612018752137272e-35
1.359830396389142236e-02 1.769581125539829881e-35
1.368565781165631719e-02 1.790847268212899015e-35
1.377357280989554081e-02 1.812415399076847659e-35
1.386205256337136142e-02 1.834290565709483218e-35
1.395110070000260549e-02 1.856477913029986468e-35
1.404072087101340856e-02 1.878982685418782815e-35
1.413091675108292360e-02 1.901810228887910627e-35
1.422169203849599044e-02 1.924965993304474418e-35
1.431305045529479743e-02 1.948455534667751647e-35
1.440499574743146251e-02 1.972284517441757513e-35
1.449753168492164644e-02 1.996458716944873537e-35
1.459066206199912362e-02 2.020984021797679082e-35
1.468439069727138849e-02 2.045866436430855658e-35
1.477872143387618312e-02 2.071112083654738011e-35
1.487365813963910204e-02 2.096727207291739328e-35
1.496920470723218238e-02 2.122718174874355402e-35
1.506536505433351235e-02 2.149091480409005136e-35
1.516214312378785789e-02 2.175853747209542269e-35
1.525954288376836498e-02 2.203011730799620733e-35
1.535756832793921424e-02 2.230572321888802123e-35
1.545622347561940654e-02 2.258542549421951437e-35
1.555551237194755312e-02 2.286929583705357213e-35
1.565543908804776368e-02 2.315740739610895044e-35
1.575600772119652854e-02 2.344983479860911273e-35
1.585722239499075259e-02 2.374665418395944745e-35
1.595908725951682844e-02 2.404794323827154624e-35
1.606160649152079192e-02 2.435378122976216039e-35
1.616478429457958096e-02 2.466424904505276408e-35
1.626862489927342198e-02 2.497942922638477468e-35
1.637313256335925366e-02 2.529940600979266529e-35
1.647831157194533033e-02 2.562426536424326025e-35
1.658416623766692174e-02 2.595409503178207236e-35
1.669070090086312991e-02 2.628898456870690105e-35
1.679791992975489603e-02 2.662902538780356600e-35
1.690582772062405176e-02 2.697431080166744600e-35
1.701442869799361587e-02 2.732493606714705512e-35
1.712372731480920826e-02 2.768099843093450228e-35
1.723372805262161217e-02 2.804259717634721802e-35
1.734443542177057859e-02 2.840983367131706000e-35
1.745585396156970961e-02 2.878281141764198976e-35
1.756798824049260119e-02 2.916163610151822833e-35
1.768084285636018285e-02 2.954641564539907065e-35
1.779442243652919892e-02 2.993726026121773476e-35
1.790873163808201496e-02 3.033428250500897033e-35
1.802377514801748598e-02 3.073759733297616786e-35
1.813955768344318459e-02 3.114732215903875187e-35
1.825608399176882266e-02 3.156357691391161352e-35
1.837335885090087689e-02 3.198648410574639999e-35
1.849138706943850852e-02 3.241616888239793573e-35
1.861017348687077008e-02 3.285275909535253668e-35
1.872972297377496417e-02 3.329638536536208831e-35
1.885004043201640375e-02 3.374718114985200015e-35
1.897113079494937293e-02 3.420528281213066790e-35
1.909299902761945472e-02 3.467082969247708733e-35
1.921565012696705224e-02 3.514396418114333295e-35
1.933908912203231162e-02 3.562483179334085362e-35
1.946332107416131815e-02 3.611358124626102002e-35
1.958835107721363517e-02 3.661036453819908451e-35
1.971418425777114042e-02 3.711533702983469856e-35
1.984082577534828848e-02 3.762865752773741071e-35
1.996828082260358739e-02 3.815048837016640680e-35
2.009655462555256372e-02 3.868099551523458332e-35
2.022565244378202176e-02 3.922034863148879999e-35
2.035557957066574247e-02 3.976872119101679848e-35
2.048634133358146273e-02 4.032629056511747339e-35
2.061794309412935330e-02 4.089323812263513610e-35
2.075039024835185000e-02 4.146974933103160364e-35
2.088368822695491761e-02 4.205601386028542585e-35
2.101784249553069472e-02 4.265222568969357468e-35
2.115285855478164778e-02 4.325858321767043064e-35
2.128874194074606083e-02 4.387528937463956953e-35
2.142549822502506224e-02 4.450255173910869447e-35
2.156313301501104965e-02 4.514058265701968820e-35
2.170165195411766917e-02 4.578959936449331711e-35
2.184106072201113039e-02 4.644982411404907468e-35
2.198136503484313456e-02 4.712148430443132213e-35
2.212257064548524971e-02 4.780481261413565808e-35
2.226468334376478786e-02 4.850004713876275134e-35
2.240770895670221238e-02 4.920743153230559069e-35
2.255165334875003022e-02 4.992721515252295356e-35
2.269652242203332518e-02 5.065965321047820210e-35
2.284232211659167552e-02 5.140500692442607409e-35
2.298905841062274386e-02 5.216354367814972334e-35
2.313673732072744557e-02 5.293553718390595918e-35
2.328536490215657451e-02 5.372126765011194922e-35
2.343494724905912513e-02 5.452102195394112804e-35
2.358549049473216558e-02 5.533509381896366059e-35
2.373700081187231706e-02 5.616378399801358252e-35
2.388948441282884652e-02 5.700740046143231361e-35
2.404294754985839000e-02 5.786625859087189602e-35
2.419739651538135167e-02 5.874068137883974809e-35
2.435283764223983988e-02 5.963099963414343927e-35
2.450927730395738649e-02 6.053755219347427111e-35
2.466672191500024827e-02 6.146068613928272808e-35
2.482517793104046036e-02 6.240075702416826854e-35
2.498465184922048221e-02 6.335812910200449338e-35
2.514515020841963031e-02 6.433317556600857452e-35
2.530667958952218660e-02 6.532627879397750930e-35
2.546924661568723824e-02 6.633783060094334983e-35
2.563285795262021383e-02 6.736823249947532963e-35
2.579752030884627234e-02 6.841789596788643543e-35
2.596324043598527420e-02 6.948724272661628687e-35
2.613002512902868127e-02 7.057670502303623992e-35
2.629788122661813263e-02 7.168672592498617747e-35
2.646681561132591815e-02 7.281775962331991744e-35
2.663683520993708614e-02 7.397027174373861732e-35
2.680794699373352172e-02 7.514473966827858964e-35
2.698015797877977365e-02 7.634165286672058046e-35
2.715347522621074441e-02 7.756151323827777394e-35
2.732790584252117738e-02 7.880483546392595486e-35
2.750345697985713198e-02 8.007214736970076236e-35
2.768013583630912419e-02 8.136399030136298184e-35
2.785794965620734878e-02 8.268091951081075531e-35
2.803690573041868125e-02 8.402350455462851691e-35
2.821701139664567828e-02 8.539232970519373179e-35
2.839827403972735795e-02 8.678799437479522005e-35
2.858070109194206510e-02 8.821111355315208166e-35
2.876430003331218940e-02 8.966231825886806361e-35
2.894907839191087490e-02 9.114225600525095769e-35
2.913504374417069318e-02 9.265159128099283730e-35
2.932220371519427687e-02 9.419100604628437716e-35
2.951056597906703480e-02 9.576120024481628968e-35
2.970013825917171973e-02 9.736289233230171866e-35
2.989092832850515427e-02 9.899681982203155304e-35
3.008294400999699664e-02 1.006637398481262014e-34
3.027619317683039393e-02 1.023644297470322464e-34
3.047068375276488703e-02 1.040996876579834765e-34
3.066642371246128262e-02 1.058703331430300626e-34
3.086342108180863478e-02 1.076772078273763834e-34
3.106168393825332885e-02 1.095211760607305674e-34
3.126122041113026800e-02 1.114031256004177799e-34
3.146203868199626275e-02 1.133239683170179025e-34
3.166414698496539809e-02 1.152846409233824217e-34
3.186755360704669748e-02 1.172861057278124035e-34
3.207226688848397594e-02 1.193293514123044782e-34
3.227829522309770549e-02 1.214153938367574109e-34
3.248564705862926755e-02 1.235452768700911023e-34
3.269433089708729395e-02 1.257200732492424192e-34
3.290435529509627005e-02 1.279408854670520505e-34
3.311572886424742762e-02 1.302088466901117514e-34
3.332846027145178192e-02 1.325251217076536966e-34
3.354255823929552793e-02 1.348909079126307403e-34
3.375803154639773346e-02 1.373074363161715106e-34
3.397488902777018316e-02 1.397759725966284559e-34
3.419313957517976926e-02 1.422978181845268516e-34
3.441279213751295696e-02 1.448743113847290195e-34
3.463385572114277555e-02 1.475068285371759286e-34
3.485633939029812722e-02 1.501967852177030964e-34
3.508025226743537173e-02 1.529456374803725877e-34
3.530560353361246462e-02 1.557548831429240632e-34
3.553240242886532285e-02 1.586260631169079117e-34
3.576065825258672309e-02 1.615607627842761208e-34
3.599038036390766332e-02 1.645606134220730138e-34
3.622157818208099345e-02 1.676272936771978805e-34
3.645426118686775213e-02 1.707625310929309997e-34
3.668843891892576564e-02 1.739681036894737776e-34
3.692412098020089045e-02 1.772458416002805186e-34
3.716131703432073302e-02 1.805976287665707461e-34
3.740003680699084676e-02 1.840254046920583566e-34
3.764029008639353802e-02 1.875311662603868690e-34
3.788208672358921170e-02 1.911169696175425150e-34
3.812543663292024959e-02 1.947849321218981536e-34
3.837034979241763649e-02 1.985372343644423847e-34
3.861683624420994554e-02 2.023761222619205493e-34
3.886490609493514770e-02 2.063039092257971480e-34
3.911456951615511352e-02 2.103229784099672720e-34
3.936583674477250189e-02 2.144357850403208344e-34
3.961871808345061863e-02 2.186448588293945001e-34
3.987322390103581471e-02 2.229528064794912308e-34
4.012936463298266698e-02 2.273623142777007692e-34
4.038715078178180956e-02 2.318761507866131833e-34
4.064659291739061014e-02 2.364971696343909630e-34
4.090770167766658721e-02 2.412283124082681304e-34
4.117048776880351951e-02 2.460726116555869480e-34
4.143496196577045598e-02 2.510331939967027016e-34
4.170113511275359841e-02 2.561132833543183484e-34
4.196901812360082779e-02 2.613162043038194561e-34
4.223862198226925602e-02 2.666453855496965833e-34
4.250995774327562260e-02 2.721043635330199836e-34
4.278303653214950847e-02 2.776967861754546982e-34
4.305786954588956134e-02 2.834264167652968281e-34
4.333446805342257291e-02 2.892971379913594105e-34
4.361284339606552596e-02 2.953129561309282978e-34
4.389300698799071532e-02 3.014780053979124782e-34
4.417497031669358892e-02 3.077965524580388548e-34
4.445874494346396810e-02 3.142730011179144744e-34
4.474434250385991851e-02 3.209118971951686081e-34
4.503177470818491707e-02 3.277179335772945439e-34
4.532105334196803725e-02 3.346959554771086319e-34
4.561219026644713209e-02 3.418509658929759928e-34
4.590519741905520201e-02 3.491881312824999360e-34
4.620008681390987831e-02 3.567127874587304586e-34
4.649687054230598054e-02 3.644304457181864173e-34
4.679556077321140456e-02 3.723467992106691240e-34
4.709616975376592490e-02 3.804677295610838276e-34
4.739870980978354992e-02 3.887993137540391256e-34
4.770319334625772872e-02 3.973478312925696149e-34
4.800963284787011787e-02 4.061197716425998826e-34
4.831804087950242882e-02 4.151218419757138432e-34
4.862843008675165474e-02 4.243609752227388986e-34
4.894081319644856543e-02 4.338443384521355431e-34
4.925520301717953298e-02 4.435793415867688155e-34
4.957161243981170196e-02 4.535736464742567591e-34
4.989005443802165679e-02 4.638351763261332129e-34
5.021054206882722554e-02 4.743721255420371995e-34
5.053308847312291963e-02 4.851929699359229013e-34
5.085770687621885000e-02 4.963064773819895751e-34
5.118441058838280738e-02 5.077217188988804749e-34
5.151321300538615200e-02 5.194480801917412525e-34
5.184412760905307560e-02 5.314952736723700214e-34
5.217716796781331906e-02 5.438733509788623289e-34
5.251234773725860228e-02 5.565927160171381977e-34
5.284968066070245413e-02 5.696641385478901274e-34
5.318918056974386577e-02 5.830987683433059446e-34
5.353086138483425377e-02 5.969081499395852037e-34
5.387473711584830210e-02 6.111042380119814052e-34
5.422082186265853032e-02 6.256994134010712457e-34
5.456912981571321319e-02 6.407064998194169655e-34
5.491967525661839433e-02 6.561387812703403681e-34
5.527247255872337617e-02 6.720100202109692699e-34
5.562753618771013736e-02 6.883344764942550236e-34
5.598488070218642088e-02 7.051269271255082878e-34
5.634452075428270090e-02 7.224026868715490483e-34
5.670647109025290372e-02 7.401776297618735150e-34
5.707074655107920863e-02 7.584682115234352662e-34
5.743736207308031833e-02 7.772914929926621264e-34
5.780633268852414935e-02 7.966651645506247368e-34
5.817767352624399896e-02 8.166075716293186208e-34
5.855139981225895157e-02 8.371377413397855664e-34
5.892752687039821274e-02 8.582754102748808020e-34
5.930607012292937047e-02 8.800410535427933272e-34
5.968704509119080598e-02 9.024559150895437582e-34
6.007046739622807358e-02 9.255420393723954743e-34
6.045635275943438830e-02 9.493223044485007506e-34
6.084471700319537407e-02 9.738204565471789951e-34
6.123557605153762129e-02 9.990611461970803467e-34
6.162894593078183103e-02 1.025069965983590347e-33
6.202484277019974790e-02 1.051873490015367662e-33
6.242328280267563784e-02 1.079499315183369019e-33
6.282428236537182520e-02 1.107976104299886750e-33
6.322785790039857357e-02 1.137333631209350286e-33
6.363402595548825480e-02 1.167602827968090957e-33
6.404280318467388267e-02 1.198815834194887284e-33
6.445420634897189305e-02 1.231006048699504300e-33
6.486825231706953854e-02 1.264208183502415107e-33
6.528495806601640472e-02 1.298458320364276200e-33
6.570434068192053390e-02 1.333793969950824067e-33
6.612641736064915621e-02 1.370254133764983021e-33
6.655120540853358413e-02 1.407879368984760404e-33
6.697872224307888089e-02 1.446711856354054207e-33
6.740898539367808084e-02 1.486795471280014577e-33
6.784201250233087843e-02 1.528175858299809006e-33
6.827782132436703566e-02 1.570900509088372945e-33
6.871642972917434145e-02 1.615018844187171137e-33
6.915785570093148371e-02 1.660582298645410256e-33
6.960211733934519585e-02 1.707644411773594873e-33
7.004923286039253794e-02 1.756260921222186175e-33
7.049922059706788258e-02 1.806489861608422703e-33
7.095209900013441096e-02 1.858391667926817569e-33
7.140788663888081311e-02 1.912029283993430744e-33
7.186660220188260950e-02 1.967468276185039611e-33
7.232826449776846855e-02 2.024776952751433625e-33
7.279289245599139535e-02 2.084026488993552563e-33
7.326050512760487465e-02 2.145291058615990745e-33
7.373112168604402383e-02 2.208647971580973974e-33
7.420476142791186669e-02 2.274177818808315111e-33
7.468144377377032572e-02 2.341964624085601740e-33
7.516118826893676552e-02 2.412096003573991476e-33
7.564401458428519909e-02 2.484663333315714002e-33
7.612994251705297588e-02 2.559761925174325555e-33
7.661899199165246588e-02 2.637491211661602101e-33
7.711118306048804494e-02 2.717954940131700844e-33
7.760653590477831210e-02 2.801261376852237105e-33
7.810507083538353879e-02 2.887523521487912326e-33
7.860680829363843325e-02 2.976859332567982994e-33
7.911176885219048383e-02 3.069391964537838039e-33
7.961997321584320109e-02 3.165250017032718885e-33
8.013144222240539682e-02 3.264567797047618353e-33
8.064619684354527862e-02 3.367485594716871460e-33
8.116425818565056738e-02 3.474149973461134505e-33
8.168564749069383291e-02 3.584714075299674571e-33
8.221038613710347775e-02 3.699337942178790922e-33
8.273849564064035544e-02 3.818188854213052220e-33
8.326999765527991204e-02 3.941441685792305715e-33
8.380491397410007315e-02 4.069279280563493212e-33
8.434326653017495956e-02 4.201892846356275682e-33
8.488507739747394587e-02 4.339482371187357500e-33
8.543036879176692244e-02 4.482257061545794258e-33
8.597916307153530280e-02 4.630435804235061065e-33
8.653148273888852660e-02 4.784247653123887326e-33
8.708735044048687701e-02 4.943932342243487587e-33
8.764678896847001577e-02 5.109740826752551800e-33
8.820982126139158275e-02 5.281935853388853927e-33
8.877647040515962429e-02 5.460792562123389401e-33
8.934675963398325260e-02 5.646599120840457788e-33
8.992071233132541141e-02 5.839657394978955694e-33
9.049835203086145641e-02 6.040283654192233732e-33
9.107970241744417494e-02 6.248809318211224666e-33
9.166478732807512020e-02 6.465581744232146989e-33
9.225363075288169068e-02 6.690965058297907426e-33
9.284625683610100988e-02 6.925341033294025960e-33
9.344268987706978724e-02 7.169110016352083343e-33
9.404295433122077108e-02 7.422691908624058275e-33
9.464707481108537712e-02 7.686527200584369731e-33
9.525507608730292286e-02 7.961078066217076728e-33
9.586698308963639836e-02 8.246829519660960904e-33
9.648282090799444044e-02 8.544290638112643656e-33
9.710261479346017632e-02 8.853995855038483911e-33
9.772639015932678419e-02 9.176506328004154864e-33
9.835417258213917380e-02 9.512411385710658163e-33
9.898598780274293907e-02 9.862330059129225733e-33
9.962186172733968059e-02 1.022691270194195803e-32
1.002618204285493225e-01 1.060684270584143506e-32
1.009058901464790770e-01 1.100283831660574233e-32
1.015540972897995414e-01 1.141565455725782030e-32
1.022064684368272219e-01 1.184608526503654667e-32
1.028630303366146054e-01 1.229496524935190758e-32
1.035238099100467546e-01 1.276317257838201173e-32
1.041888342509452864e-01 1.325163100247502263e-32
1.048581306271791219e-01 1.376131252307361290e-32
1.055317264817828560e-01 1.429324011646516489e-32
1.062096494340815794e-01 1.484849062229158976e-32
1.068919272808236676e-01 1.542819780742952142e-32
1.075785879973203824e-01 1.603355561656601392e-32
1.082696597385929549e-01 1.666582162158831916e-32
1.089651708405271757e-01 1.732632068271141179e-32
1.096651498210349657e-01 1.801644883518627801e-32
1.103696253812238987e-01 1.873767741636214661e-32
1.110786264065739409e-01 1.949155744891980217e-32
1.117921819681218232e-01 2.027972429718644787e-32
1.125103213236532396e-01 2.110390261461875396e-32
1.132330739189021801e-01 2.196591160181869009e-32
1.139604693887584785e-01 2.286767059580020783e-32
1.146925375584828821e-01 2.381120501269020664e-32
1.154293084449299622e-01 2.479865266761637535e-32
1.161708122577790325e-01 2.583227049723035672e-32
1.169170794007725611e-01 2.691444171210761682e-32
1.176681404729630065e-01 2.804768340825190038e-32
1.184240262699674112e-01 2.923465466898729957e-32
1.191847677852300308e-01 3.047816519081392325e-32
1.199503962112934419e-01 3.178118446920283628e-32
1.207209429410771029e-01 3.314685158294054657e-32
1.214964395691648658e-01 3.457848561841685997e-32
1.222769178931002731e-01 3.607959677831519264e-32
1.230624099146904044e-01 3.765389822237383590e-32
1.238529478413182422e-01 3.930531869145833830e-32
1.246485640872628253e-01 4.103801596989412114e-32
1.254492912750286848e-01 4.285639124516407714e-32
1.262551622366833437e-01 4.476510442840071366e-32
1.270662100152034346e-01 4.676909050389626589e-32
1.278824678658298797e-01 4.887357698090859597e-32
1.287039692574309668e-01 5.108410252661832728e-32
1.295307478738750295e-01 5.340653686496761214e-32
1.303628376154114810e-01 5.584710203260281327e-32
1.312002726000606467e-01 5.841239509001596007e-32
1.320430871650131455e-01 6.110941239350289767e-32
1.328913158680373185e-01 6.394557554160379120e-32
1.337449934888964298e-01 6.692875911848840324e-32
1.346041550307747192e-01 7.006732036609890107e-32
1.354688357217126438e-01 7.337013092715245557e-32
1.363390710160511665e-01 7.684661081209369335e-32
1.372148965958858990e-01 8.050676475501251909e-32
1.380963483725296259e-01 8.436122113650097112e-32
1.389834624879851266e-01 8.842127366533569645e-32
1.398762753164270178e-01 9.269892602603827180e-32
1.407748234656930331e-01 9.720693971572859208e-32
1.416791437787855157e-01 1.019588853114006682e-31
1.425892733353814612e-01 1.069691974279807642e-31
1.435052494533533285e-01 1.122532336483435669e-31
1.444271096902990104e-01 1.178273377290188599e-31
1.453548918450817407e-01 1.237089074097964363e-31
1.462886339593803264e-01 1.299164671819225379e-31
1.472283743192484284e-01 1.364697463984490868e-31
1.481741514566846940e-01 1.433897631414377546e-31
1.491260041512126600e-01 1.506989142946771927e-31
1.500839714314707585e-01 1.584210723073333957e-31
1.510480925768128146e-01 1.665816891739779727e-31
1.520184071189182307e-01 1.752079081998005315e-31
1.529949548434131612e-01 1.843286841670367589e-31
1.539777757915017919e-01 1.939749125698954406e-31
1.549669102616080818e-01 2.041795686410934680e-31
1.559623988110283022e-01 2.149778569536578520e-31
1.569642822575936791e-01 2.264073724477404275e-31
1.579726016813443046e-01 2.385082738038926550e-31
1.589873984262133721e-01 2.513234701624790054e-31
1.600087141017224879e-01 2.648988222739553282e-31
1.610365905846878887e-01 2.792833592575018001e-31
1.620710700209372357e-01 2.945295122464040079e-31
1.631121948270378430e-01 3.106933663086692598e-31
1.641600076920359252e-01 3.278349321513899339e-31
1.652145515792068364e-01 3.460184392482813269e-31
1.662758697278170772e-01 3.653126521721601940e-31
1.673440056548965715e-01 3.857912120705919361e-31
1.684190031570235446e-01 4.075330053921219079e-31
1.695009063121200032e-01 4.306225621566678612e-31
1.705897594812591511e-01 4.551504862662776804e-31
1.716856073104844893e-01 4.812139205734642399e-31
1.727884947326401022e-01 5.089170496671918809e-31
1.738984669692131835e-01 5.383716436002568036e-31
1.750155695321883587e-01 5.696976460717741820e-31
1.761398482259134701e-01 6.030238108946279923e-31
1.772713491489782689e-01 6.384883909242451845e-31
1.784101186961039864e-01 6.762398840040536369e-31
1.795562035600458961e-01 7.164378408977426303e-31
1.807096507335079205e-01 7.592537406335818545e-31
1.818705075110692848e-01 8.048719391836767122e-31
1.830388214911238820e-01 8.534906979468750533e-31
1.842146405778320173e-01 9.053232991029454553e-31
1.853980129830842816e-01 9.605992555613726043e-31
1.865889872284786921e-01 1.019565623948606514e-30
1.877876121473100457e-01 1.082488429867576445e-30
1.889939368865722058e-01 1.149654215530769621e-30
1.902080109089736293e-01 1.221371720820699926e-30
1.914298839949648834e-01 1.297973709878511146e-30
1.926596062447801794e-01 1.379818956470318940e-30
1.938972280804915349e-01 1.467294402646722772e-30
1.951428002480760926e-01 1.560817506598776801e-30
1.963963738194973163e-01 1.660838797145506570e-30
1.976580001947984278e-01 1.767844653967583083e-30
1.989277311042103036e-01 1.882360334556726768e-30
2.002056186102726121e-01 2.004953270888352873e-30
2.014917151099682446e-01 2.136236661071796024e-30
2.027860733368722912e-01 2.276873383708486485e-30
2.040887463633135890e-01 2.427580265416879528e-30
2.053997876025512315e-01 2.589132734992400087e-30
2.067192508109645666e-01 2.762369900989466566e-30
2.080471900902573501e-01 2.948200093176016509e-30
2.093836598896762768e-01 3.147606912353858477e-30
2.107287150082431670e-01 3.361655837502890735e-30
2.120824105970021134e-01 3.591501444139247603e-30
2.134448021612808388e-01 3.838395293228937949e-30
2.148159455629664039e-01 4.103694556021166983e-30
2.161958970227961241e-01 4.388871446831588105e-30
2.175847131226622266e-01 4.695523543174007640e-30
2.189824508079321608e-01 5.025385080798470646e-30
2.203891673897835080e-01 5.380339320224466892e-30
2.218049205475537411e-01 5.762432091359177427e-30
2.232297683311057490e-01 6.173886633870997163e-30
2.246637691632072387e-01 6.617119863275094964e-30
2.261069818419268740e-01 7.094760206298302375e-30
2.275594655430448754e-01 7.609667164200213871e-30
2.290212798224794122e-01 8.164952779483975446e-30
2.304924846187288989e-01 8.764005200033542553e-30
2.319731402553290578e-01 9.410514555370989007e-30
2.334633074433267730e-01 1.010850138267941061e-29
2.349630472837692108e-01 1.086234786572917169e-29
2.364724212702093431e-01 1.167683217820747329e-29
2.379914912912270419e-01 1.255716625447326098e-29
2.395203196329672712e-01 1.350903734584464937e-29
2.410589689816931835e-01 1.453865375956697621e-29
2.426075024263570079e-01 1.565279522109915771e-29
2.441659834611867586e-01 1.685886834876704730e-29
2.457344759882894025e-01 1.816496778381211599e-29
2.473130443202717077e-01 1.957994357903416344e-29
2.489017531828764396e-01 2.111347551630159044e-29
2.505006677176366825e-01 2.277615509808647584e-29
2.521098534845468420e-01 2.457957604173453126e-29
2.537293764647506888e-01 2.653643419846028945e-29
2.553593030632470007e-01 2.866063792331712768e-29
2.569997001116120505e-01 3.096743003882765205e-29
2.586506348707399150e-01 3.347352266519493235e-29
2.603121750336006568e-01 3.619724633565698720e-29
2.619843887280153827e-01 3.915871497847956599e-29
2.636673445194505638e-01 4.238000852953419260e-29
2.653611114138285099e-01 4.588537514363334071e-29
2.670657588603572163e-01 4.970145520170823902e-29
2.687813567543779203e-01 5.385752956735016450e-29
2.705079754402308634e-01 5.838579483391930489e-29
2.722456857141403175e-01 6.332166862597624740e-29
2.739945588271162635e-01 6.870412838091148211e-29
2.757546664878767206e-01 7.457608744313885650e-29
2.775260808657878386e-01 8.098481275975760710e-29
2.793088745938227535e-01 8.798238897970827837e-29
2.811031207715403712e-01 9.562623433517495083e-29
2.829088929680818598e-01 1.039796743326836821e-28
2.847262652251878468e-01 1.131125800112335711e-28
2.865553120602338799e-01 1.231020783463790414e-28
2.883961084692860388e-01 1.340333433044765918e-28
2.902487299301764190e-01 1.460004770937574419e-28
2.921132524055969903e-01 1.591074923339164633e-28
2.939897523462150497e-01 1.734694071910022734e-28
2.958783066938076023e-01 1.892134670193357884e-28
2.977789928844161160e-01 2.064805077394462890e-28
2.996918888515222035e-01 2.254264780864992552e-28
3.016170730292422331e-01 2.462241400159986157e-28
3.035546243555439228e-01 2.690649689867672152e-28
3.055046222754828622e-01 2.941612785918770004e-28
3.074671467444600181e-01 3.217485971207129411e-28
3.094422782314999454e-01 3.520883271576741050e-28
3.114300977225508693e-01 3.854707233116477543e-28
3.134306867238044192e-01 4.222182276889912043e-28
3.154441272650382322e-01 4.626892078443300099e-28
3.174705019029792075e-01 5.072821477504708968e-28
3.195098937246885207e-01 5.564403489175473191e-28
3.215623863509688429e-01 6.106572062689065461e-28
3.236280639397923764e-01 6.704821318731248016e-28
3.257070111897519271e-01 7.365272092784980135e-28
3.277993133435337936e-01 8.094746721622116624e-28
3.299050561914126933e-01 8.900853134759878231e-28
3.320243260747701708e-01 9.792079454584477964e-28
3.341572098896337661e-01 1.077790047032985595e-27
3.363037950902406092e-01 1.186889753504684513e-27
3.384641696926233290e-01 1.307689364424132898e-27
3.406384222782185556e-01 1.441510569378749651e-27
3.428266419974997370e-01 1.589831618718301745e-27
3.450289185736318265e-01 1.754306697316058912e-27
3.472453423061502842e-01 1.936787794964208064e-27
3.494760040746641150e-01 2.139349407551479962e-27
3.517209953425813884e-01 2.364316449508560094e-27
3.539804081608607378e-01 2.614295810994036278e-27
3.562543351717842866e-01 2.892212053904824555e-27
3.585428696127570536e-01 3.201347810171565495e-27
3.608461053201297841e-01 3.545389525246545812e-27
3.631641367330464831e-01 3.928479280711776777e-27
3.654970588973169843e-01 4.355273534280660098e-27
3.678449674693134996e-01 4.831009735135225073e-27
3.702079587198932598e-01 5.361581909865315549e-27
3.725861295383456340e-01 5.953626471938125232e-27
3.749795774363649525e-01 6.614619688734193201e-27
3.773884005520492524e-01 7.352988448326483685e-27
3.798126976539232258e-01 8.178236207537894789e-27
3.822525681449886470e-01 9.101086278176021381e-27
3.847081120668002230e-01 1.013364492534302142e-26
3.871794301035670349e-01 1.128958711680032585e-26
3.896666235862820127e-01 1.258436818308025525e-26
3.921697944968753347e-01 1.403546513309743047e-26
3.946890454723969155e-01 1.566265192957753117e-26
3.972244798092245399e-01 1.748831367446176549e-26
3.997762014672994191e-01 1.953780540030501004e-26
4.023443150743883923e-01 2.183986202545727933e-26
4.049289259303751609e-01 2.442706702715157801e-26
4.075301400115762251e-01 2.733638853903987678e-26
4.101480639750873514e-01 3.060979291352504765e-26
4.127828051631564632e-01 3.429494733373431673e-26
4.154344716075848432e-01 3.844602484950119152e-26
4.181031720341574220e-01 4.312462728623623113e-26
4.207890158670998249e-01 4.840084388186112058e-26
4.234921132335656702e-01 5.435446629959816890e-26
4.262125749681520692e-01 6.107638390723911635e-26
4.289505126174437688e-01 6.867018698125730075e-26
4.317060384445879917e-01 7.725400987415582894e-26
4.344792654338959226e-01 8.696265127820971056e-26
4.372703072954765013e-01 9.795001464820556816e-26
4.400792784698985827e-01 1.103919187505928533e-25
4.429062941328829606e-01 1.244893363516721810e-25
4.457514702000259788e-01 1.404721284367713803e-25
4.486149233315510076e-01 1.586033522932631299e-25
4.514967709370925619e-01 1.791842345602471960e-25
4.543971311805105051e-01 2.025599152608616499e-25
4.573161229847345632e-01 2.291260862596961766e-25
4.602538660366416456e-01 2.593366679625678318e-25
4.632104807919619205e-01 2.937126919121371887e-25
4.661860884802186966e-01 3.328525848346571262e-25
4.691808111096988365e-01 3.774440823730177289e-25
4.721947714724555323e-01 4.282780390401425093e-25
4.752280931493437777e-01 4.862644458373269397e-25
4.782809005150861492e-01 5.524510196765480511e-25
4.813533187433736704e-01 6.280447906101609319e-25
4.844454738119977621e-01 7.144371855448818015e-25
4.875574925080157218e-01 8.132331925382882557e-25
4.906895024329500643e-01 9.262852902426983921e-25
4.938416320080192268e-01 1.055732945292476377e-24
4.970140104794042446e-01 1.204048619653472035e-24
5.002067679235477904e-01 1.374091393990420431e-24
5.034200352524874633e-01 1.569169506502434388e-24
5.066539442192246057e-01 1.793113334818841187e-24
5.099086274231252602e-01 2.050360617843007895e-24
5.131842183153575432e-01 2.346056032501834116e-24
5.164808512043638222e-01 2.686167616262213387e-24
5.197986612613673119e-01 3.077622970802165018e-24
5.231377845259151949e-01 3.528468708227854362e-24
5.264983579114558276e-01 4.048057224015349506e-24
5.298805192109525830e-01 4.647265618704766623e-24
5.332844071025344412e-01 5.338752465067512514e-24
5.367101611551816642e-01 6.137259155042122382e-24
5.401579218344484401e-01 7.059963792268351905e-24
5.436278305082230533e-01 8.126897058736003999e-24
5.471200294525235819e-01 9.361431222343124340e-24
5.506346618573316753e-01 1.079085551927119285e-23
5.541718718324643023e-01 1.244705360477255991e-23
5.577318044134820241e-01 1.436730169460195376e-23
5.613146055676369039e-01 1.659520950854406383e-23
5.649204221998559428e-01 1.918183028718940343e-23
5.685494021587660374e-01 2.218697111526938164e-23
5.722016942427554653e-01 2.568074070803781267e-23
5.758774482060748934e-01 2.974537889195931025e-23
5.795768147649789093e-01 3.447742046663973581e-23
5.832999456039044128e-01 3.999025624740388357e-23
5.870469933816904184e-01 4.641716618961570372e-23
5.908181117378380476e-01 5.391491398721448279e-23
5.946134552988096011e-01 6.266800990203888277e-23
5.984331796843695983e-01 7.289376940008309456e-23
6.022774415139643400e-01 8.484832014959417090e-23
6.061463984131443272e-01 9.883373992394726507e-23
6.100402090200276461e-01 1.152065439773383685e-22
6.139590329918040990e-01 1.343877837665616822e-22
6.179030310112822999e-01 1.568750709826024695e-22
6.218723647934772947e-01 1.832569035537528525e-22
6.258671970922415895e-01 2.142297457966861882e-22
6.298876917069388126e-01 2.506184059020266667e-22
6.339340134891592315e-01 2.934003636972440702e-22
6.380063283494807891e-01 3.437348340793817863e-22
6.421048032642696635e-01 4.029975114486775698e-22
6.462296062825283460e-01 4.728221337331150644e-22
6.503809065327855743e-01 5.551502382656475845e-22
6.545588742300306739e-01 6.522907644959871051e-22
6.587636806826945302e-01 7.669915008055588098e-22
6.629954982996713042e-01 9.025247873665734212e-22
6.672545005973894439e-01 1.062790389681659882e-21
6.715408622069257705e-01 1.252439067239443333e-21
6.758547588811653073e-01 1.477021101927594966e-21
6.801963675020092914e-01 1.743164949931702771e-21
6.845658660876259294e-01 2.058792273632719243e-21
6.889634337997506686e-01 2.433376939095285768e-21
6.933892509510318769e-01 2.878257182263073876e-21
6.978434990124248172e-01 3.407012116835629925e-21
7.023263606206313625e-01 4.035916157301826423e-21
7.068380195855905601e-01 4.784487857813529226e-21
7.113786608980130488e-01 5.676153239387237120e-21
7.159484707369674350e-01 6.739048039128058859e-21
7.205476364775141862e-01 8.006988643706415106e-21
7.251763466983878192e-01 9.520647984000589964e-21
7.298347911897308249e-01 1.132898063787240599e-20
7.345231609608733336e-01 1.349095114496234659e-20
7.392416482481665163e-01 1.607763148956236951e-20
7.439904465228642794e-01 1.917474835848459214e-20
7.487697504990562525e-01 2.288577875143929164e-20
7.535797561416526236e-01 2.733571457826958853e-20
7.584206606744169354e-01 3.267564396719958068e-20
7.632926625880547267e-01 3.908833030104069475e-20
7.681959616483517994e-01 4.679501094086758618e-20
7.731307589043643347e-01 5.606368797930690093e-20
7.780972566966645187e-01 6.721924540488025105e-20
7.830956586656345753e-01 8.065580350086816490e-20
7.881261697598178628e-01 9.685181555128763945e-20
7.931889962443223752e-01 1.163885282053618956e-19
7.982843457092778650e-01 1.399725704016129180e-19
8.034124270783484789e-01 1.684636130823427595e-19
8.085734506172977953e-01 2.029082611277098818e-19
8.137676279426111492e-01 2.445816100637302964e-19
8.189951720301725802e-01 2.950382356641500601e-19
8.242562972239966257e-01 3.561748001512679740e-19
8.295512192450190669e-01 4.303069737119287877e-19
8.348801551999394110e-01 5.202640086703280196e-19
8.402433235901245467e-01 6.295050960663627146e-19
8.456409443205675780e-01 7.622626182220143954e-19
8.510732387089039452e-01 9.237186331440612239e-19
8.565404294944880537e-01 1.120222446035782703e-18
8.620427408475233033e-01 1.359559013186313716e-18
8.675803983782557349e-01 1.651280275901636379e-18
8.731536291462240751e-01 2.007114451858979157e-18
8.787626616695695114e-01 2.441471962220713102e-18
8.844077259344070852e-01 2.972071225357842241e-18
8.900890534042533719e-01 3.620713228162218943e-18
8.958068770295187777e-01 4.414240877250175518e-18
9.015614312570590094e-01 5.385727990766716650e-18
9.073529520397869419e-01 6.575953863936853163e-18
9.131816768463497658e-01 8.035233189526092248e-18
9.190478446708632010e-01 9.825688443941572177e-18
9.249516960427121015e-01 1.202407354882841509e-17
9.308934730364128995e-01 1.472528480423013573e-17
9.368734192815395545e-01 1.804672916994108249e-17
9.428917799727116744e-01 2.213376271942363203e-17
9.489488018796511382e-01 2.716646574039793923e-17
9.550447333572968933e-01 3.336808832628446000e-17
9.611798243559900312e-01 4.101558494946963681e-17
9.673543264317223667e-01 5.045276292049885497e-17
9.735684927564501878e-01 6.210670348778730845e-17
9.798225781284772840e-01 7.650828278669558160e-17
9.861168389828988134e-01 9.431783196579602221e-17
9.924515334021185575e-01 1.163572430636375521e-16
9.988269211264301228e-01 1.436501640867337303e-16
1.005243263564667089e+00 1.774723516154987060e-16
1.011700823804921656e+00 2.194147854053035699e-16
1.018199866625330463e+00 2.714628263405975800e-16
1.024740658504936119e+00 3.360955541268593060e-16
1.031323467634607027e+00 4.164105016910479949e-16
1.037948563928037915e+00 5.162803695884008892e-16
1.044616219032816096e+00 6.405500321876214546e-16
1.051326706341560113e+00 7.952843350740214671e-16
1.058080301003129664e+00 9.880799532830025116e-16
1.064877279933906351e+00 1.228458089404060350e-15
1.071717921829149489e+00 1.528359238619083788e-15
1.078602507174422964e+00 1.902766887948628867e-15
1.085531318257094924e+00 2.370494172120517699e-15
1.092504639177912962e+00 2.955176589442403384e-15
1.099522755862656131e+00 3.686525411175440229e-15
1.106585956073852461e+00 4.601911063913804476e-15
1.113694529422582846e+00 5.748364376146409933e-15
1.120848767380353994e+00 7.185107240896094929e-15
1.128048963291050644e+00 8.986754337808101409e-15
1.135295412382962166e+00 1.124736584297720715e-14
1.142588411780889546e+00 1.408557978260385989e-14
1.149928260518326084e+00 1.765111472866054467e-14
1.157315259549720698e+00 2.213301255754601764e-14
1.164749711762815165e+00 2.777009167898257185e-14
1.172231921991069736e+00 3.486420947459775615e-14
1.179762197026152926e+00 4.379709630836594794e-14
1.187340845630527442e+00 5.505173215546418873e-14
1.194968178550108506e+00 6.923950313358344455e-14
1.202644508527004552e+00 8.713471498437129612e-14
1.210370150312342297e+00 1.097184742708415413e-13
1.218145420679170199e+00 1.382345018607527393e-13
1.225970638435448956e+00 1.742601505882196420e-13
1.233846124437122382e+00 2.197968026050973504e-13
1.241772201601272885e+00 2.773849765957245197e-13
1.249749194919366202e+00 3.502509508032582504e-13
1.257777431470570084e+00 4.424935943928155848e-13
1.265857240435170228e+00 5.593225118747523504e-13
1.273988953108066369e+00 7.073616901203522681e-13
1.282172902912356527e+00 8.950367831183839606e-13
1.290409425413007627e+00 1.133069216995881814e-12
1.298698858330615824e+00 1.435106755468867939e-12
1.307041541555252095e+00 1.818528428800271931e-12
1.315437817160400646e+00 2.305472303261954823e-12
1.323888029416982803e+00 2.924148100508256774e-12
1.332392524807477940e+00 3.710513996094492987e-12
1.340951652040122566e+00 4.710419094708432242e-12
1.349565762063214436e+00 5.982341454718146289e-12
1.358235208079499490e+00 7.600887854579543601e-12
1.366960345560655599e+00 9.661267982767823448e-12
1.375741532261867572e+00 1.228501523693318152e-11
1.384579128236495649e+00 1.562730247708578083e-11
1.393473495850838795e+00 1.988629854710123537e-11
1.402424999798993044e+00 2.531513611083343876e-11
1.411434007117805312e+00 3.223722095176867046e-11
1.420500887201920692e+00 4.106581708046399639e-11
1.429626011818934561e+00 5.232910320118121500e-11
1.438809755124627943e+00 6.670223016714027715e-11
1.448052493678314789e+00 8.504833624673697982e-11
1.457354606458279411e+00 1.084710231613345124e-10
1.466716474877317378e+00 1.383814938834906165e-10
1.476138482798372786e+00 1.765844451000256778e-10
1.485621016550279005e+00 2.253879465585801784e-10
1.495164464943598670e+00 2.877439943735082857e-10
1.504769219286565596e+00 3.674282824966983524e-10
1.514435673401129279e+00 4.692701062763325777e-10
1.524164223639107529e+00 5.994463345561130076e-10
1.533955268898429480e+00 7.658572402277470066e-10
1.543809210639497609e+00 9.786068896319590103e-10
1.553726452901646793e+00 1.250617045466059136e-09
1.563707402319711504e+00 1.598411499314410713e-09
1.573752468140698912e+00 2.043117878733591382e-09
1.583862062240569246e+00 2.611746852137584868e-09
1.594036599141123167e+00 3.338825018292330172e-09
1.604276496026999732e+00 4.268478545006711081e-09
1.614582172762778711e+00 5.457090985273939022e-09
1.624954051910204589e+00 6.976692124843537217e-09
1.635392558745501157e+00 8.919277060594532725e-09
1.645898121276817339e+00 1.140230830892962726e-08
1.656471170261773596e+00 1.457572152841186553e-08
1.667112139225125578e+00 1.863084108487119136e-08
1.677821464476538349e+00 2.381171978899935325e-08
1.688599585128477631e+00 3.042955344415852920e-08
1.699446943114214070e+00 3.888099252914484379e-08
1.710363983205943406e+00 4.967138934443435107e-08
1.721351153033022330e+00 6.344429038704628093e-08
1.732408903100329356e+00 8.101882438934311720e-08
1.743537686806726050e+00 1.034370634619121647e-07
1.754737960463654822e+00 1.320239692687878649e-07
1.766010183313846849e+00 1.684632042329505941e-07
1.777354817550153010e+00 2.148929215574411659e-07
1.788772328334494954e+00 2.740266868298908220e-07
1.800263183816937174e+00 3.493059765325766344e-07
1.811827855154883649e+00 4.450923040344225360e-07
1.823466816532396173e+00 5.669090136658863804e-07
1.835180545179636580e+00 7.217452458621391683e-07
1.846969521392433977e+00 9.184376172270905344e-07
1.858834228551984324e+00 1.168148906877322041e-06
1.870775153144660585e+00 1.484967648795118225e-06
1.882792784781965878e+00 1.886658184062955100e-06
1.894887616220608972e+00 2.395597647576583823e-06
1.907060143382706574e+00 3.039944813706494231e-06
1.919310865376119724e+00 3.855096015174006184e-06
1.931640284514916983e+00 4.885495845145905794e-06
1.944048906339971294e+00 6.186885482990265865e-06
1.956537239639688730e+00 7.829089748570423123e-06
1.969105796470867809e+00 9.899465966074301983e-06
1.981755092179703803e+00 1.250716406979738440e-05
1.994485645422906961e+00 1.578837886724833312e-05
2.007297978188977261e+00 1.991281284351893924e-05
2.020192615819605297e+00 2.509161229966277223e-05
2.033170087031212603e+00 3.158709202134317635e-05
2.046230923936629864e+00 3.972462522060338599e-05
2.059375662066916135e+00 4.990714741294831173e-05
2.072604840393318160e+00 6.263280647321888721e-05
2.085919001349366031e+00 7.851638767240797455e-05
2.099318690853115843e+00 9.831525332719440950e-05
2.112804458329541113e+00 1.229606629999983555e-04
2.126376856733048104e+00 1.535954829986834163e-04
2.140036442570156350e+00 1.916194539794957292e-04
2.153783775922316401e+00 2.387433630547404874e-04
2.167619420468872793e+00 2.970536616307337921e-04
2.181543943510177996e+00 3.690892810949139092e-04
2.195557915990853370e+00 4.579326231733069899e-04
2.209661912523197547e+00 5.673169366168382332e-04
2.223856511410749803e+00 7.017525314022951457e-04
2.238142294671997767e+00 8.666745182335112291e-04
2.252519848064252983e+00 1.068614984570269780e-03
2.266989761107652157e+00 1.315402715381155160e-03
2.281552627109341369e+00 1.616393720435739317e-03
2.296209043187797949e+00 1.982735919301447259e-03
2.310959610297316669e+00 2.427671334916717358e-03
2.325804933252649143e+00 2.966879026489887064e-03
2.340745620753803102e+00 3.618861717340954125e-03
2.355782285411001542e+00 4.405378602984152785e-03
2.370915543769799960e+00 5.351926114370881594e-03
2.386146016336367914e+00 6.488267411878432221e-03
2.401474327602929115e+00 7.849010045568319965e-03
2.416901106073375161e+00 9.474229483537937799e-03
2.432426984289024041e+00 1.141013403120990852e-02
2.448052598854563833e+00 1.370976399301266670e-02
2.463778590464153595e+00 1.643371472549944728e-02
2.479605603927694357e+00 1.965086947253077282e-02
2.495534288197266193e+00 2.343912355314296814e-02
2.511565296393739377e+00 2.788607661185565564e-02
2.527699285833551635e+00 3.308966429385701985e-02
2.543936918055663465e+00 3.915869496986471021e-02
2.560278858848676453e+00 4.621325115326994915e-02
2.576725778278146084e+00 5.438490922851278025e-02
2.593278350714039338e+00 6.381672531119866876e-02
2.609937254858395672e+00 7.466292982233495301e-02
2.626703173773154099e+00 8.708826908583301718e-02
2.643576794908160554e+00 1.012669294223547400e-01
2.660558810129354690e+00 1.173809783455145167e-01
2.677649915747139175e+00 1.356182591462997411e-01
2.694850812544929308e+00 1.561696799810063374e-01
2.712162205807887361e+00 1.792258471552846122e-01
2.729584805351839893e+00 2.049730051780900841e-01
2.747119325552390912e+00 2.335882638123026322e-01
2.764766485374199334e+00 2.652341150993650642e-01
2.782527008400466517e+00 3.000522713085372883e-01
2.800401622862605855e+00 3.381568878181548388e-01
2.818391061670099340e+00 3.796272726131915132e-01
2.836496062440550858e+00 4.245002255357611665e-01
2.854717367529929106e+00 4.727621943836232132e-01
2.873055724063008576e+00 5.243414796965147895e-01
2.891511883964000607e+00 5.791007634306426510e-01
2.910086603987384279e+00 6.368302761088932007e-01
2.928780645748945588e+00 6.972419495109576371e-01
2.947594775756988916e+00 7.599649243616157790e-01
2.966529765443776778e+00 8.245427915388032769e-01
2.985586391197159628e+00 8.904329379309917636e-01
3.004765434392408174e+00 9.570083414664184440e-01
3.024067681424253529e+00 1.023562111883207892e+00
3.043493923739128970e+00 1.089315003285528327e+00
3.063044957867625318e+00 1.153426031388052886e+00
3.082721585457147473e+00 1.215006213951676184e+00
3.102524613304782797e+00 1.273135320207138710e+00
3.122454853390394636e+00 1.326881368673623607e+00
3.142513122909896151e+00 1.375322458979242546e+00
3.162700244308770614e+00 1.417570369842197975e+00
3.183017045315791549e+00 1.452795211219638727e+00
3.203464358976960025e+00 1.480250293451050192e+00
3.224043023689664000e+00 1.499296279827880163e+00
3.244753883237054382e+00 1.509423630667290350e+00
3.265597786822641790e+00 1.510272334592303700e+00
3.286575589105115824e+00 1.501647962169981421e+00
3.307688150233391244e+00 1.483533171381292037e+00
3.328936335881869990e+00 1.456093943261096424e+00
3.350321017285950997e+00 1.419680025373278642e+00
3.371843071277733639e+00 1.374819302635002183e+00
3.393503380321983176e+00 1.322206087779385308e+00
3.415302832552310264e+00 1.262683612730616911e+00
3.437242321807588930e+00 1.197221290373306157e+00
3.459322747668604148e+00 1.126887585505406797e+00
3.481545015494938333e+00 1.052819566238386129e+00
3.503910036462094535e+00 9.761903864295672362e-01
3.526418727598854996e+00 8.981760625816185284e-01
3.549072011824879969e+00 8.199229459268478903e-01
3.571870817988564095e+00 7.425172481796534774e-01
3.594816080905100186e+00 6.669578594043540365e-01
3.617908741394823657e+00 5.941335060261668799e-01
3.641149746321783898e+00 5.248050488689505189e-01
3.664540048632571434e+00 4.595934321780419940e-01
3.688080607395388011e+00 3.989734847593384148e-01
3.711772387839374243e+00 3.432734648086095408e-01
3.735616361394183293e+00 2.926799514213238584e-01
3.759613505729815230e+00 2.472474366809284674e-01
3.783764804796698744e+00 2.069117774612312111e-01
3.808071248866052638e+00 1.715065356788514628e-01
3.832533834570464926e+00 1.407811742737941074e-01
3.857153564944773461e+00 1.144200826874186699e-01
3.881931449467190376e+00 9.206147389499491629e-02
3.906868504100693418e+00 7.331531469179444760e-02
3.931965751334680625e+00 5.777960841935531749e-02
3.957224220226899902e+00 4.505452950268878931e-02
3.982644946445639267e+00 3.475409672686768925e-02
4.008228972312193328e+00 2.651525296842280333e-02
4.033977346843598433e+00 2.000438125437016892e-02
4.059891125795660471e+00 1.492142174275939981e-02
4.085971371706220268e+00 1.100185613142267739e-02
4.112219153938735161e+00 8.016893169159532498e-03
4.138635548726123936e+00 5.772222529650822796e-03
4.165221639214894189e+00 4.105707986999856084e-03
4.191978515509555692e+00 2.884370041681102829e-03
4.218907274717315303e+00 2.000969291523655488e-03
4.246009020993064098e+00 1.370451538624034874e-03
4.273284865584647818e+00 9.264600544938642176e-04
4.300735926878434867e+00 6.180648731535124752e-04
4.328363330445166746e+00 4.068075339380956921e-04
4.356168209086127341e+00 2.641151409878248098e-04
4.384151702879562684e+00 1.691014798233134663e-04
4.412314959227450650e+00 1.067456771771400144e-04
4.440659132902536221e+00 6.642009549132149246e-05
4.469185386095686496e+00 4.072781083114847804e-05
4.497894888463538798e+00 2.460478545985980215e-05
4.526788817176464086e+00 1.464124828416331380e-05
4.555868356966831456e+00 8.579424719341771822e-06
4.585134700177586176e+00 4.949368063941299538e-06
4.614589046811134132e+00 2.810226125563849091e-06
4.644232604578566459e+00 1.570071862442807657e-06
4.674066588949147061e+00 8.629184310998493820e-07
4.704092223200172285e+00 4.664181874787825194e-07
4.734310738467122803e+00 2.478669561350143828e-07
4.764723373794141459e+00 1.294730688593387933e-07
4.795331376184843286e+00 6.645634100080730427e-08
4.826136000653439950e+00 3.350937920045574435e-08
4.857138510276201693e+00 1.659374293657303507e-08
4.888340176243247903e+00 8.067586436992954988e-09
4.919742277910663653e+00 3.849777824963719492e-09
4.951346102852974163e+00 1.802561667704047116e-09
4.983152946915914150e+00 8.278941820073371120e-10
5.015164114269576423e+00 3.728685060659197075e-10
5.047380917461886440e+00 1.646253797838862694e-10
5.079804677472415264e+00 7.122955199825797933e-11
5.112436723766545121e+00 3.019299150968210972e-11
5.145278394349983131e+00 1.253408933276966264e-11
5.178331035823623196e+00 5.094204025904297982e-12
5.211596003438756952e+00 2.026333687302260231e-12
5.245074661152641760e+00 7.885855108731619271e-13
5.278768381684444400e+00 3.001510433080218437e-13
5.312678546571498295e+00 1.116945757853494061e-13
5.346806546225968404e+00 4.062293134273921591e-14
5.381153779991857178e+00 1.443447544508061788e-14
5.415721656202385326e+00 5.009135159698031209e-15
5.450511592237731406e+00 1.697054116224044587e-15
5.485525014583153336e+00 5.610954855322062035e-16
5.520763358887476713e+00 1.809758639468230782e-16
5.556228070021959731e+00 5.692193917054795295e-17
5.591920602139536456e+00 1.745194579189039295e-17
5.627842418734437580e+00 5.213636894680378643e-18
5.663994992702220621e+00 1.517035247850601734e-18
5.700379806400125204e+00 4.297652439613791962e-19
5.736998351707880417e+00 1.184862421439777845e-19
5.773852130088869217e+00 3.177776567074693858e-20
5.810942652651691631e+00 8.287295509843510489e-21
5.848271440212124972e+00 2.100627218604584350e-21
5.885840023355482842e+00 5.172993096587950744e-22
5.923649942499371157e+00 1.237083349761196737e-22
5.961702747956851844e+00 2.871606325933372882e-23
6.000000000000000000e+00 6.467280917959646779e-24
