1.000000000000000021e-02 1.753670953011772416e-52
1.006423878153985853e-02 1.774087397093096476e-52
1.012889022518508909e-02 1.794783317140366738e-52
1.019395698182676974e-02 1.815763212820512728e-52
1.025944171938499710e-02 1.837031667513500127e-52
1.032534712291824537e-02 1.858593350073145821e-52
1.039167589473347954e-02 1.880453016630897438e-52
1.045843075449695916e-02 1.902615512439765406e-52
1.052561443934573945e-02 1.925085773763247314e-52
1.059322970399993041e-02 1.947868829807777952e-52
1.066127932087561000e-02 1.970969804701377880e-52
1.072976608019852313e-02 1.994393919518362930e-52
1.079869279011848836e-02 2.018146494353002973e-52
1.086806227682452809e-02 2.042232950441483841e-52
1.093787738466077755e-02 2.066658812335152716e-52
1.100814097624307555e-02 2.091429710125206512e-52
1.107885593257636019e-02 2.116551381720550239e-52
1.115002515317279307e-02 2.142029675180700352e-52
1.122165155617064515e-02 2.167870551104325463e-52
1.129373807845397183e-02 2.194080085075028618e-52
1.136628767577298887e-02 2.220664470167285868e-52
1.143930332286530530e-02 2.247630019511568178e-52
1.151278801357787616e-02 2.274983168922535799e-52
1.158674476098976898e-02 2.302730479591444555e-52
1.166117659753569506e-02 2.330878640842555229e-52
1.173608657513037536e-02 2.359434472958737447e-52
1.181147776529364000e-02 2.388404930075069988e-52
1.188735325927639877e-02 2.417797103143305841e-52
1.196371616818737126e-02 2.447618222969929041e-52
1.204056962312067582e-02 2.477875663328738339e-52
1.211791677528418522e-02 2.508576944149545653e-52
1.219576079612875140e-02 2.539729734787550855e-52
1.227410487747824033e-02 2.571341857371651810e-52
1.235295223166040304e-02 2.603421290237772752e-52
1.243230609163858968e-02 2.635976171446611604e-52
1.251216971114433099e-02 2.669014802390075520e-52
1.259254636481071422e-02 2.702545651487306003e-52
1.267343934830667505e-02 2.736577357974075125e-52
1.275485197847212558e-02 2.771118735786940095e-52
1.283678759345394972e-02 2.806178777545866122e-52
1.291924955284289370e-02 2.841766658636852446e-52
1.300224123781129268e-02 2.877891741398665022e-52
1.308576605125172203e-02 2.914563579415392125e-52
1.316982741791652631e-02 2.951791921918128128e-52
1.325442878455823648e-02 2.989586718299889331e-52
1.333957362007092036e-02 3.027958122744668003e-52
1.342526541563237967e-02 3.066916498975844221e-52
1.351150768484732194e-02 3.106472425126587200e-52
1.359830396389142236e-02 3.146636698735525035e-52
1.368565781165631719e-02 3.187420341871557889e-52
1.377357280989554081e-02 3.228834606390395832e-52
1.386205256337136142e-02 3.270890979329528347e-52
1.395110070000260549e-02 3.313601188440497140e-52
1.404072087101340856e-02 3.356977207867651812e-52
1.413091675108292360e-02 3.401031263974716280e-52
1.422169203849599044e-02 3.445775841323076199e-52
1.431305045529479743e-02 3.491223688807557046e-52
1.440499574743146251e-02 3.537387825954480351e-52
1.449753168492164644e-02 3.584281549383772175e-52
1.459066206199912362e-02 3.631918439443838257e-52
1.468439069727138849e-02 3.680312367021409082e-52
1.477872143387618312e-02 3.729477500531774041e-52
1.487365813963910204e-02 3.779428313097199930e-52
1.496920470723218238e-02 3.830179589913398048e-52
1.506536505433351235e-02 3.881746435817009493e-52
1.516214312378785789e-02 3.934144283053455838e-52
1.525954288376836498e-02 3.987388899254403727e-52
1.535756832793921424e-02 4.041496395630221734e-52
1.545622347561940654e-02 4.096483235384479947e-52
1.555551237194755312e-02 4.152366242354593913e-52
1.565543908804776368e-02 4.209162609889424549e-52
1.575600772119652854e-02 4.266889909966383710e-52
1.585722239499075259e-02 4.325566102558237587e-52
1.595908725951682844e-02 4.385209545256127228e-52
1.606160649152079192e-02 4.445839003157056940e-52
1.616478429457958096e-02 4.507473659021234854e-52
1.626862489927342198e-02 4.570133123711356194e-52
1.637313256335925366e-02 4.633837446918448671e-52
1.647831157194533033e-02 4.698607128187280801e-52
1.658416623766692174e-02 4.764463128244609085e-52
1.669070090086312991e-02 4.831426880645119447e-52
1.679791992975489603e-02 4.899520303741198691e-52
1.690582772062405176e-02 4.968765812987648005e-52
1.701442869799361587e-02 5.039186333591914223e-52
1.712372731480920826e-02 5.110805313518859616e-52
1.723372805262161217e-02 5.183646736862762375e-52
1.734443542177057859e-02 5.257735137596785954e-52
1.745585396156970961e-02 5.333095613712439529e-52
1.756798824049260119e-02 5.409753841759314479e-52
1.768084285636018285e-02 5.487736091799307585e-52
1.779442243652919892e-02 5.567069242788524610e-52
1.790873163808201496e-02 5.647780798396517075e-52
1.802377514801748598e-02 5.729898903283071142e-52
1.813955768344318459e-02 5.813452359839604972e-52
1.825608399176882266e-02 5.898470645414024757e-52
1.837335885090087689e-02 5.984983930034836194e-52
1.849138706943850852e-02 6.073023094647765872e-52
1.861017348687077008e-02 6.162619749881041715e-52
1.872972297377496417e-02 6.253806255358684160e-52
1.885004043201640375e-02 6.346615739578049185e-52
1.897113079494937293e-02 6.441082120366466699e-52
1.909299902761945472e-02 6.537240125941659063e-52
1.921565012696705224e-02 6.635125316589475362e-52
1.933908912203231162e-02 6.734774106981646983e-52
1.946332107416131815e-02 6.836223789154781144e-52
1.958835107721363517e-02 6.939512556167903240e-52
1.971418425777114042e-02 7.044679526466629672e-52
1.984082577534828848e-02 7.151764768970387356e-52
1.996828082260358739e-02 7.260809328912814988e-52
2.009655462555256372e-02 7.371855254451386903e-52
2.022565244378202176e-02 7.484945624082342675e-52
2.035557957066574247e-02 7.600124574876728142e-52
2.048634133358146273e-02 7.717437331569607249e-52
2.061794309412935330e-02 7.836930236532360216e-52
2.075039024835185000e-02 7.958650780652145215e-52
2.088368822695491761e-02 8.082647635154001383e-52
2.101784249553069472e-02 8.208970684389471546e-52
2.115285855478164778e-02 8.337671059633025161e-52
2.128874194074606083e-02 8.468801173912839385e-52
2.142549822502506224e-02 8.602414757913151995e-52
2.156313301501104965e-02 8.738566896983929559e-52
2.170165195411766917e-02 8.877314069295079412e-52
2.184106072201113039e-02 9.018714185172408774e-52
2.198136503484313456e-02 9.162826627659719831e-52
2.212257064548524971e-02 9.309712294337956260e-52
2.226468334376478786e-02 9.459433640461560074e-52
2.240770895670221238e-02 9.612054723436409758e-52
2.255165334875003022e-02 9.767641248701710739e-52
2.269652242203332518e-02 9.926260617054586035e-52
2.284232211659167552e-02 1.008798197347052150e-51
2.298905841062274386e-02 1.025287625746974883e-51
2.313673732072744557e-02 1.042101625508202791e-51
2.328536490215657451e-02 1.059247665247009264e-51
2.343494724905912513e-02 1.076733409125739985e-51
2.358549049473216558e-02 1.094566722563957018e-51
2.373700081187231706e-02 1.112755678131380879e-51
2.388948441282884652e-02 1.131308561632181953e-51
2.404294754985839000e-02 1.150233878384344988e-51
2.419739651538135167e-02 1.169540359702727771e-51
2.435283764223983988e-02 1.189236969592920804e-51
2.450927730395738649e-02 1.209332911662536203e-51
2.466672191500024827e-02 1.229837636257739913e-51
2.482517793104046036e-02 1.250760847834038545e-51
2.498465184922048221e-02 1.272112512568621590e-51
2.514515020841963031e-02 1.293902866222659161e-51
2.530667958952218660e-02 1.316142422264078605e-51
2.546924661568723824e-02 1.338841980257900379e-51
2.563285795262021383e-02 1.362012634535745712e-51
2.579752030884627234e-02 1.385665783153680583e-51
2.596324043598527420e-02 1.409813137148283589e-51
2.613002512902868127e-02 1.434466730103446767e-51
2.629788122661813263e-02 1.459638928036866368e-51
2.646681561132591815e-02 1.485342439620182366e-51
2.663683520993708614e-02 1.511590326743186296e-51
2.680794699373352172e-02 1.538396015436067196e-51
2.698015797877977365e-02 1.565773307160968956e-51
2.715347522621074441e-02 1.593736390489583155e-51
2.732790584252117738e-02 1.622299853177145051e-51
2.750345697985713198e-02 1.651478694650728909e-51
2.768013583630912419e-02 1.681288338925723998e-51
2.785794965620734878e-02 1.711744647966330457e-51
2.803690573041868125e-02 1.742863935507622543e-51
2.821701139664567828e-02 1.774662981355251104e-51
2.839827403972735795e-02 1.807159046181454745e-51
2.858070109194206510e-02 1.840369886836734930e-51
2.876430003331218940e-02 1.874313772194277826e-51
2.894907839191087490e-02 1.909009499550361822e-51
2.913504374417069318e-02 1.944476411599523157e-51
2.932220371519427687e-02 1.980734414007098695e-51
2.951056597906703480e-02 2.017803993602937583e-51
2.970013825917171973e-02 2.055706237217768486e-51
2.989092832850515427e-02 2.094462851189888615e-51
3.008294400999699664e-02 2.134096181564128025e-51
3.027619317683039393e-02 2.174629235014997528e-51
3.047068375276488703e-02 2.216085700515773699e-51
3.066642371246128262e-02 2.258489971788578892e-51
3.086342108180863478e-02 2.301867170561129330e-51
3.106168393825332885e-02 2.346243170664769713e-51
3.126122041113026800e-02 2.391644623004504816e-51
3.146203868199626275e-02 2.438098981437101716e-51
3.166414698496539809e-02 2.485634529591096855e-51
3.186755360704669748e-02 2.534280408668266766e-51
3.207226688848397594e-02 2.584066646263096064e-51
3.227829522309770549e-02 2.635024186241313402e-51
3.248564705862926755e-02 2.687184919721556028e-51
3.269433089708729395e-02 2.740581717200281112e-51
3.290435529509627005e-02 2.795248461869742034e-51
3.311572886424742762e-02 2.851220084175764768e-51
3.332846027145178192e-02 2.908532597661437178e-51
3.354255823929552793e-02 2.967223136155691792e-51
3.375803154639773346e-02 3.027329992355268765e-51
3.397488902777018316e-02 3.088892657858950573e-51
3.419313957517976926e-02 3.151951864713477425e-51
3.441279213751295696e-02 3.216549628532303195e-51
3.463385572114277555e-02 3.282729293252289887e-51
3.485633939029812722e-02 3.350535577593135452e-51
3.508025226743537173e-02 3.420014623294315499e-51
3.530560353361246462e-02 3.491214045199254186e-51
3.553240242886532285e-02 3.564182983262839561e-51
3.576065825258672309e-02 3.638972156566166028e-51
3.599038036390766332e-02 3.715633919418128412e-51
3.622157818208099345e-02 3.794222319633156830e-51
3.645426118686775213e-02 3.874793159075452186e-51
3.668843891892576564e-02 3.957404056566379463e-51
3.692412098020089045e-02 4.042114513252672404e-51
3.716131703432073302e-02 4.128985980540842677e-51
3.740003680699084676e-02 4.218081930706857248e-51
3.764029008639353802e-02 4.309467930293430748e-51
3.788208672358921170e-02 4.403211716415893349e-51
3.812543663292024959e-02 4.499383276099929899e-51
3.837034979241763649e-02 4.598054928780157959e-51
3.861683624420994554e-02 4.699301412098493978e-51
3.886490609493514770e-02 4.803199971142401628e-51
3.911456951615511352e-02 4.909830451273319359e-51
3.936583674477250189e-02 5.019275394700006933e-51
3.961871808345061863e-02 5.131620140960613043e-51
3.987322390103581471e-02 5.246952931485394918e-51
4.012936463298266698e-02 5.365365018416238639e-51
4.038715078178180956e-02 5.486950777872568069e-51
4.064659291739061014e-02 5.611807827858920535e-51
4.090770167766658721e-02 5.740037151019040700e-51
4.117048776880351951e-02 5.871743222449999879e-51
4.143496196577045598e-02 6.007034142807622551e-51
4.170113511275359841e-02 6.146021776929316080e-51
4.196901812360082779e-02 6.288821898231612149e-51
4.223862198226925602e-02 6.435554339132555726e-51
4.250995774327562260e-02 6.586343147779560503e-51
4.278303653214950847e-02 6.741316751357532551e-51
4.305786954588956134e-02 6.900608126283823031e-51
4.333446805342257291e-02 7.064354975597487113e-51
4.361284339606552596e-02 7.232699913875496673e-51
4.389300698799071532e-02 7.405790660013072986e-51
4.417497031669358892e-02 7.583780238238301590e-51
4.445874494346396810e-02 7.766827187729951111e-51
4.474434250385991851e-02 7.955095781244130085e-51
4.503177470818491707e-02 8.148756253160170728e-51
4.532105334196803725e-02 8.347985037386608167e-51
4.561219026644713209e-02 8.552965015587277427e-51
4.590519741905520201e-02 8.763885776204332654e-51
4.620008681390987831e-02 8.980943884791199704e-51
4.649687054230598054e-02 9.204343166185147396e-51
4.679556077321140456e-02 9.434294999069243513e-51
4.709616975376592490e-02 9.671018623526157280e-51
4.739870980978354992e-02 9.914741462185432052e-51
4.770319334625772872e-02 1.016569945561643960e-50
4.800963284787011787e-02 1.042413741265314077e-50
4.831804087950242882e-02 1.069030937635262073e-50
4.862843008675165474e-02 1.096447900635473557e-50
4.894081319644856543e-02 1.124691997841772876e-50
4.925520301717953298e-02 1.153791640197222867e-50
4.957161243981170196e-02 1.183776325656120519e-50
4.989005443802165679e-02 1.214676684808631434e-50
5.021054206882722554e-02 1.246524528582924789e-50
5.053308847312291963e-02 1.279352898126259314e-50
5.085770687621885000e-02 1.313196116972149988e-50
5.118441058838280738e-02 1.348089845606463166e-50
5.151321300538615200e-02 1.384071138550621251e-50
5.184412760905307560e-02 1.421178504087254616e-50
5.217716796781331906e-02 1.459451966759585773e-50
5.251234773725860228e-02 1.498933132782339069e-50
5.284968066070245413e-02 1.539665258511385213e-50
5.318918056974386577e-02 1.581693322124186220e-50
5.353086138483425377e-02 1.625064098674099854e-50
5.387473711584830210e-02 1.669826238688291071e-50
5.422082186265853032e-02 1.716030350489560156e-50
5.456912981571321319e-02 1.763729086431054794e-50
5.491967525661839433e-02 1.812977233244041205e-50
5.527247255872337617e-02 1.863831806709460920e-50
5.562753618771013736e-02 1.916352150874678980e-50
5.598488070218642088e-02 1.970600042050466168e-50
5.634452075428270090e-02 2.026639797835766371e-50
5.670647109025290372e-02 2.084538391429807585e-50
5.707074655107920863e-02 2.144365571507605283e-50
5.743736207308031833e-02 2.206193987950197609e-50
5.780633268852414935e-02 2.270099323734792101e-50
5.817767352624399896e-02 2.336160433309683226e-50
5.855139981225895157e-02 2.404459487795490360e-50
5.892752687039821274e-02 2.475082127374769637e-50
5.930607012292937047e-02 2.548117621250306878e-50
5.968704509119080598e-02 2.623659035576885288e-50
6.007046739622807358e-02 2.701803409790768519e-50
6.045635275943438830e-02 2.782651941788769425e-50
6.084471700319537407e-02 2.866310182432611102e-50
6.123557605153762129e-02 2.952888239881809197e-50
6.162894593078183103e-02 3.042500994286101370e-50
6.202484277019974790e-02 3.135268323404115101e-50
6.242328280267563784e-02 3.231315339739095669e-50
6.282428236537182520e-02 3.330772639825263742e-50
6.322785790039857357e-02 3.433776566330468958e-50
6.363402595548825480e-02 3.540469483681196171e-50
6.404280318467388267e-02 3.651000067957001011e-50
6.445420634897189305e-02 3.765523611844701751e-50
6.486825231706953854e-02 3.884202345492669581e-50
6.528495806601640472e-02 4.007205774149873742e-50
6.570434068192053390e-02 4.134711033531152823e-50
6.612641736064915621e-02 4.266903263904746009e-50
6.655120540853358413e-02 4.403976003958177992e-50
6.697872224307888089e-02 4.546131605561239224e-50
6.740898539367808084e-02 4.693581670610947423e-50
6.784201250233087843e-02 4.846547511221259356e-50
6.827782132436703566e-02 5.005260634585550242e-50
6.871642972917434145e-02 5.169963253931146666e-50
6.915785570093148371e-02 5.340908827068070527e-50
6.960211733934519585e-02 5.518362624123207127e-50
7.004923286039253794e-02 5.702602326152273451e-50
7.049922059706788258e-02 5.893918656426082540e-50
7.095209900013441096e-02 6.092616046297188202e-50
7.140788663888081311e-02 6.299013337670430738e-50
7.186660220188260950e-02 6.513444524230188413e-50
7.232826449776846855e-02 6.736259533709716535e-50
7.279289245599139535e-02 6.967825053628217857e-50
7.326050512760487465e-02 7.208525403077344849e-50
7.373112168604402383e-02 7.458763453304200641e-50
7.420476142791186669e-02 7.718961600003645809e-50
7.468144377377032572e-02 7.989562790423704465e-50
7.516118826893676552e-02 8.271031608585688984e-50
7.564401458428519909e-02 8.563855422128740051e-50
7.612994251705297588e-02 8.868545594515133160e-50
7.661899199165246588e-02 9.185638766574178775e-50
7.711118306048804494e-02 9.515698211616136754e-50
7.760653590477831210e-02 9.859315268626936634e-50
7.810507083538353879e-02 1.021711085834119123e-49
7.860680829363843325e-02 1.058973708731472725e-49
7.911176885219048383e-02 1.097787894543302772e-49
7.961997321584320109e-02 1.138225610268069167e-49
8.013144222240539682e-02 1.180362481134267607e-49
8.064619684354527862e-02 1.224277992025233882e-49
8.116425818565056738e-02 1.270055700811264791e-49
8.168564749069383291e-02 1.317783464340868194e-49
8.221038613710347775e-02 1.367553677890491628e-49
8.273849564064035544e-02 1.419463528928565959e-49
8.326999765527991204e-02 1.473615266105002344e-49
8.380491397410007315e-02 1.530116484440401623e-49
8.434326653017495956e-02 1.589080427754143719e-49
8.488507739747394587e-02 1.650626309441597451e-49
8.543036879176692244e-02 1.714879652787590803e-49
8.597916307153530280e-02 1.781972652082044791e-49
8.653148273888852660e-02 1.852044555893308428e-49
8.708735044048687701e-02 1.925242073946026066e-49
8.764678896847001577e-02 2.001719809153731883e-49
8.820982126139158275e-02 2.081640716458533970e-49
8.877647040515962429e-02 2.165176590252978070e-49
8.934675963398325260e-02 2.252508582274321230e-49
8.992071233132541141e-02 2.343827752004289338e-49
9.049835203086145641e-02 2.439335651740664717e-49
9.107970241744417494e-02 2.539244948668008949e-49
9.166478732807512020e-02 2.643780086415663136e-49
9.225363075288169068e-02 2.753177988768770678e-49
9.284625683610100988e-02 2.867688808391771459e-49
9.344268987706978724e-02 2.987576723623114330e-49
9.404295433122077108e-02 3.113120786626060248e-49
9.464707481108537712e-02 3.244615826413906912e-49
9.525507608730292286e-02 3.382373410524739874e-49
9.586698308963639836e-02 3.526722869394085066e-49
9.648282090799444044e-02 3.678012387770609467e-49
9.710261479346017632e-02 3.836610167838275019e-49
9.772639015932678419e-02 4.002905669051900573e-49
9.835417258213917380e-02 4.177310930059444976e-49
9.898598780274293907e-02 4.360261978486975261e-49
9.962186172733968059e-02 4.552220334789522144e-49
1.002618204285493225e-01 4.753674616831032113e-49
1.009058901464790770e-01 4.965142252363374226e-49
1.015540972897995414e-01 5.187171307103825744e-49
1.022064684368272219e-01 5.420342436697592208e-49
1.028630303366146054e-01 5.665270971478280892e-49
1.035238099100467546e-01 5.922609143615137316e-49
1.041888342509452864e-01 6.193048466966812638e-49
1.048581306271791219e-01 6.477322280755272893e-49
1.055317264817828560e-01 6.776208469021596059e-49
1.062096494340815794e-01 7.090532368752025985e-49
1.068919272808236676e-01 7.421169880560841494e-49
1.075785879973203824e-01 7.769050796887856289e-49
1.082696597385929549e-01 8.135162363849808345e-49
1.089651708405271757e-01 8.520553094127998737e-49
1.096651498210349657e-01 8.926336849658906274e-49
1.103696253812238987e-01 9.353697214359942328e-49
1.110786264065739409e-01 9.803892178737921353e-49
1.117921819681218232e-01 1.027825915994091413e-48
1.125103213236532396e-01 1.077822038272437947e-48
1.132330739189021801e-01 1.130528864880813756e-48
1.139604693887584785e-01 1.186107352433267769e-48
1.146925375584828821e-01 1.244728797750603762e-48
1.154293084449299622e-01 1.306575550113195486e-48
1.161708122577790325e-01 1.371841775753228517e-48
1.169170794007725611e-01 1.440734278643015903e-48
1.176681404729630065e-01 1.513473381968739030e-48
1.184240262699674112e-01 1.590293875038525948e-48
1.191847677852300308e-01 1.671446030767137788e-48
1.199503962112934419e-01 1.757196699303852674e-48
1.207209429410771029e-01 1.847830483832018755e-48
1.214964395691648658e-01 1.943651005075586705e-48
1.222769178931002731e-01 2.044982261588888047e-48
1.230624099146904044e-01 2.152170093507127834e-48
1.238529478413182422e-01 2.265583758078221055e-48
1.246485640872628253e-01 2.385617626003874813e-48
1.254492912750286848e-01 2.512693008384279013e-48
1.262551622366833437e-01 2.647260124896692433e-48
1.270662100152034346e-01 2.789800224750571330e-48
1.278824678658298797e-01 2.940827872952059116e-48
1.287039692574309668e-01 3.100893415495310779e-48
1.295307478738750295e-01 3.270585638275416901e-48
1.303628376154114810e-01 3.450534635809481035e-48
1.312002726000606467e-01 3.641414907251758240e-48
1.320430871650131455e-01 3.843948698727131178e-48
1.328913158680373185e-01 4.058909612677869787e-48
1.337449934888964298e-01 4.287126506751103493e-48
1.346041550307747192e-01 4.529487706747737789e-48
1.354688357217126438e-01 4.786945560343740915e-48
1.363390710160511665e-01 5.060521360676091985e-48
1.372148965958858990e-01 5.351310671501683164e-48
1.380963483725296259e-01 5.660489088492637157e-48
1.389834624879851266e-01 5.989318474356695882e-48
1.398762753164270178e-01 6.339153708896013423e-48
1.407748234656930331e-01 6.711449998866650181e-48
1.416791437787855157e-01 7.107770796602066824e-48
1.425892733353814612e-01 7.529796380868626125e-48
1.435052494533533285e-01 7.979333158352189223e-48
1.444271096902990104e-01 8.458323749580999371e-48
1.453548918450817407e-01 8.968857929024193302e-48
1.462886339593803264e-01 9.513184495618466804e-48
1.472283743192484284e-01 1.009372415711345782e-47
1.481741514566846940e-01 1.071308351948492528e-47
1.491260041512126600e-01 1.137407028127304779e-47
1.500839714314707585e-01 1.207970974218053183e-47
1.510480925768128146e-01 1.283326274567463654e-47
1.520184071189182307e-01 1.363824518678460350e-47
1.529949548434131612e-01 1.449844922888171285e-47
1.539777757915017919e-01 1.541796638707470686e-47
1.549669102616080818e-01 1.640121265112365374e-47
1.559623988110283022e-01 1.745295583755267177e-47
1.569642822575936791e-01 1.857834537915420383e-47
1.579726016813443046e-01 1.978294478046458221e-47
1.589873984262133721e-01 2.107276699025594489e-47
1.600087141017224879e-01 2.245431296688694069e-47
1.610365905846878887e-01 2.393461373968356713e-47
1.620710700209372357e-01 2.552127629969791196e-47
1.631121948270378430e-01 2.722253368650410228e-47
1.641600076920359252e-01 2.904729967447053860e-47
1.652145515792068364e-01 3.100522850260495102e-47
1.662758697278170772e-01 3.310678013695538261e-47
1.673440056548965715e-01 3.536329160425906318e-47
1.684190031570235446e-01 3.778705499041281696e-47
1.695009063121200032e-01 4.039140275815167456e-47
1.705897594812591511e-01 4.319080110559565331e-47
1.716856073104844893e-01 4.620095216178315999e-47
1.727884947326401022e-01 4.943890589790919960e-47
1.738984669692131835e-01 5.292318272434890251e-47
1.750155695321883587e-01 5.667390784501497456e-47
1.761398482259134701e-01 6.071295855297182922e-47
1.772713491489782689e-01 6.506412577605629425e-47
1.784101186961039864e-01 6.975329131965104693e-47
1.795562035600458961e-01 7.480862240757505631e-47
1.807096507335079205e-01 8.026078529279382774e-47
1.818705075110692848e-01 8.614317989952498814e-47
1.830388214911238820e-01 9.249219766921514959e-47
1.842146405778320173e-01 9.934750501765764549e-47
1.853980129830842816e-01 1.067523550715117190e-46
1.865889872284786921e-01 1.147539306431964431e-46
1.877876121473100457e-01 1.234037217267133238e-46
1.889939368865722058e-01 1.327579411575034776e-46
1.902080109089736293e-01 1.428779824812232256e-46
1.914298839949648834e-01 1.538309245243433365e-46
1.926596062447801794e-01 1.656900876590156576e-46
1.938972280804915349e-01 1.785356473125021916e-46
1.951428002480760926e-01 1.924553108935487192e-46
1.963963738194973163e-01 2.075450650036414278e-46
1.976580001947984278e-01 2.239100005774631391e-46
1.989277311042103036e-01 2.416652244653737764e-46
2.002056186102726121e-01 2.609368669414973499e-46
2.014917151099682446e-01 2.818631957071582722e-46
2.027860733368722912e-01 3.045958481753875648e-46
2.040887463633135890e-01 3.293011951833042359e-46
2.053997876025512315e-01 3.561618508043440280e-46
2.067192508109645666e-01 3.853783446414346522e-46
2.080471900902573501e-01 4.171709748985664062e-46
2.093836598896762768e-01 4.517818626779036796e-46
2.107287150082431670e-01 4.894772303619869879e-46
2.120824105970021134e-01 5.305499296492183880e-46
2.134448021612808388e-01 5.753222478534408154e-46
2.148159455629664039e-01 6.241490244972565179e-46
2.161958970227961241e-01 6.774211140729827472e-46
2.175847131226622266e-01 7.355692351690932529e-46
2.189824508079321608e-01 7.990682510256497440e-46
2.203891673897835080e-01 8.684419320606538485e-46
2.218049205475537411e-01 9.442682570801137893e-46
2.232297683311057490e-01 1.027185316837874455e-45
2.246637691632072387e-01 1.117897891452494025e-45
2.261069818419268740e-01 1.217184782031201464e-45
2.275594655430448754e-01 1.325906986832179159e-45
2.290212798224794122e-01 1.445016823564348443e-45
2.304924846187288989e-01 1.575568112153978713e-45
2.319731402553290578e-01 1.718727546692543038e-45
2.334633074433267730e-01 1.875787401548325533e-45
2.349630472837692108e-01 2.048179735025261724e-45
2.364724212702093431e-01 2.237492274780980765e-45
2.379914912912270419e-01 2.445486192802318368e-45
2.395203196329672712e-01 2.674116004456073453e-45
2.410589689816931835e-01 2.925551856422543269e-45
2.426075024263570079e-01 3.202204502670781982e-45
2.441659834611867586e-01 3.506753306608588822e-45
2.457344759882894025e-01 3.842177651786109777e-45
2.473130443202717077e-01 4.211792193791609416e-45
2.489017531828764396e-01 4.619286443082972234e-45
2.505006677176366825e-01 5.068769233434287314e-45
2.521098534845468420e-01 5.564818704543849900e-45
2.537293764647506888e-01 6.112538511413759252e-45
2.553593030632470007e-01 6.717621068852914325e-45
2.569997001116120505e-01 7.386418748525504057e-45
2.586506348707399150e-01 8.126024070304673667e-45
2.603121750336006568e-01 8.944360071510928595e-45
2.619843887280153827e-01 9.850282199438583146e-45
2.636673445194505638e-01 1.085369325735437314e-44
2.653611114138285099e-01 1.196567314522798554e-44
2.670657588603572163e-01 1.319862537772030517e-44
2.687813567543779203e-01 1.456644263786221307e-44
2.705079754402308634e-01 1.608469394057677602e-44
2.722456857141403175e-01 1.777083634161688576e-44
2.739945588271162635e-01 1.964445454154030179e-44
2.757546664878767206e-01 2.172753220885090978e-44
2.775260808657878386e-01 2.404475939061237954e-44
2.793088745938227535e-01 2.662388100320231744e-44
2.811031207715403712e-01 2.949609211270028465e-44
2.829088929680818598e-01 3.269648653776139234e-44
2.847262652251878468e-01 3.626456625420530401e-44
2.865553120602338799e-01 4.024482016881789310e-44
2.883961084692860388e-01 4.468738208210439917e-44
2.902487299301764190e-01 4.964877910145967583e-44
2.921132524055969903e-01 5.519278342698536411e-44
2.939897523462150497e-01 6.139138234653677847e-44
2.958783066938076023e-01 6.832588348432137848e-44
2.977789928844161160e-01 7.608817489514432992e-44
2.996918888515222035e-01 8.478216253816500492e-44
3.016170730292422331e-01 9.452541106274167577e-44
3.035546243555439228e-01 1.054510177680639813e-43
3.055046222754828622e-01 1.177097541429988313e-43
3.074671467444600181e-01 1.314725146527476757e-43
3.094422782314999454e-01 1.469331185307736875e-43
3.114300977225508693e-01 1.643115173936361288e-43
3.134306867238044192e-01 1.838574696815244628e-43
3.154441272650382322e-01 2.058547524239645253e-43
3.174705019029792075e-01 2.306259918548045670e-43
3.195098937246885207e-01 2.585382072075523719e-43
3.215623863509688429e-01 2.900091769080491938e-43
3.236280639397923764e-01 3.255147536952091006e-43
3.257070111897519271e-01 3.655972753501861264e-43
3.277993133435337936e-01 4.108752411794112730e-43
3.299050561914126933e-01 4.620544517395823969e-43
3.320243260747701708e-01 5.199408411751684599e-43
3.341572098896337661e-01 5.854552687363001947e-43
3.363037950902406092e-01 6.596505794742764847e-43
3.384641696926233290e-01 7.437312948456548179e-43
3.406384222782185556e-01 8.390763532648607478e-43
3.428266419974997370e-01 9.472653900208261792e-43
3.450289185736318265e-01 1.070109127178074705e-42
3.472453423061502842e-01 1.209684539195912882e-42
3.494760040746641150e-01 1.368375571475682398e-42
3.517209953425813884e-01 1.548920319786467553e-42
3.539804081608607378e-01 1.754465731957633446e-42
3.562543351717842866e-01 1.988631073414921897e-42
3.585428696127570536e-01 2.255581609891358560e-42
3.608461053201297841e-01 2.560114209652068525e-42
3.631641367330464831e-01 2.907756860587814315e-42
3.654970588973169843e-01 3.304884442572970463e-42
3.678449674693134996e-01 3.758853502047991207e-42
3.702079587198932598e-01 4.278159255190388931e-42
3.725861295383456340e-01 4.872618611705019962e-42
3.749795774363649525e-01 5.553583679183024747e-42
3.773884005520492524e-01 6.334190997170175733e-42
3.798126976539232258e-01 7.229652683240829516e-42
3.822525681449886470e-01 8.257596777481602848e-42
3.847081120668002230e-01 9.438465379139262110e-42
3.871794301035670349e-01 1.079598071822887381e-41
3.896666235862820127e-01 1.235769114165643558e-41
3.921697944968753347e-01 1.415561117284093364e-41
3.946890454723969155e-01 1.622697239171733990e-41
3.972244798092245399e-01 1.861510495711281649e-41
3.997762014672994191e-01 2.137047325018099441e-41
4.023443150743883923e-01 2.455189346896696347e-41
4.049289259303751609e-01 2.822796618603714959e-41
4.075301400115762251e-01 3.247876305636619973e-41
4.101480639750873514e-01 3.739781422728730724e-41
4.127828051631564632e-01 4.309445179163625145e-41
4.154344716075848432e-01 4.969657512278924923e-41
4.181031720341574220e-01 5.735391647731245697e-41
4.207890158670998249e-01 6.624190025868549085e-41
4.234921132335656702e-01 7.656620730018140203e-41
4.262125749681520692e-01 8.856817704500268222e-41
4.289505126174437688e-01 1.025312063005038759e-40
4.317060384445879917e-01 1.187883341948041484e-40
4.344792654338959226e-01 1.377312401255905474e-40
4.372703072954765013e-01 1.598209261428586870e-40
4.400792784698985827e-01 1.856004089001372714e-40
4.429062941328829606e-01 2.157098109231922891e-40
4.457514702000259788e-01 2.509043187626920816e-40
4.486149233315510076e-01 2.920755693884295211e-40
4.514967709370925619e-01 3.402771393147729838e-40
4.543971311805105051e-01 3.967549475149990071e-40
4.573161229847345632e-01 4.629835481704192784e-40
4.602538660366416456e-01 5.407094887808057197e-40
4.632104807919619205e-01 6.320031505368546707e-40
4.661860884802186966e-01 7.393207801551767477e-40
4.691808111096988365e-01 8.655787766265539874e-40
4.721947714724555323e-01 1.014242726005679288e-39
4.752280931493437777e-01 1.189434198952109139e-39
4.782809005150861492e-01 1.396058959390033267e-39
4.813533187433736704e-01 1.639961003091386184e-39
4.844454738119977621e-01 1.928107782497349032e-39
4.875574925080157218e-01 2.268813115832215082e-39
4.906895024329500643e-01 2.672005670170680275e-39
4.938416320080192268e-01 3.149552605668337860e-39
4.970140104794042446e-01 3.715650040635855311e-39
5.002067679235477904e-01 4.387294529426936243e-39
5.034200352524874633e-01 5.184852841831715668e-39
5.066539442192246057e-01 6.132751122781578295e-39
5.099086274231252602e-01 7.260309153845354222e-39
5.131842183153575432e-01 8.602751129796149126e-39
5.164808512043638222e-01 1.020243134743010891e-38
5.197986612613673119e-01 1.211032178043064275e-38
5.231377845259151949e-01 1.438781905558478022e-38
5.264983579114558276e-01 1.710894131331759069e-38
5.298805192109525830e-01 2.036300140141306771e-38
5.332844071025344412e-01 2.425786252504992420e-38
5.367101611551816642e-01 2.892390674126083748e-38
5.401579218344484401e-01 3.451887663868707201e-38
5.436278305082230533e-01 4.123378754961577165e-38
5.471200294525235819e-01 4.930015340149213253e-38
5.506346618573316753e-01 5.899882595000907732e-38
5.541718718324643023e-01 7.067081729150844165e-38
5.577318044134820241e-01 8.473056253321892339e-38
5.613146055676369039e-01 1.016821874367994355e-37
5.649204221998559428e-01 1.221394799115753702e-37
5.685494021587660374e-01 1.468504308900856599e-37
5.722016942427554653e-01 1.767274174810916019e-37
5.758774482060748934e-01 2.128843595379047361e-37
5.795768147649789093e-01 2.566825026775894022e-37
5.832999456039044128e-01 3.097868823923161134e-37
5.870469933816904184e-01 3.742360253995008711e-37
5.908181117378380476e-01 4.525280712032239031e-37
5.946134552988096011e-01 5.477272810164315140e-37
5.984331796843695983e-01 6.635958831203588406e-37
6.022774415139643400e-01 8.047574344121306453e-37
6.061463984131443272e-01 9.768994217493592255e-37
6.100402090200276461e-01 1.187024765232318085e-36
6.139590329918040990e-01 1.443764321920982368e-36
6.179030310112822999e-01 1.757765553363494228e-36
6.218723647934772947e-01 2.142176379448140538e-36
6.258671970922415895e-01 2.613248104870939935e-36
6.298876917069388126e-01 3.191087440218949990e-36
6.339340134891592315e-01 3.900595387219541748e-36
6.380063283494807891e-01 4.772640549767911345e-36
6.421048032642696635e-01 5.845526820155482626e-36
6.462296062825283460e-01 7.166831076483866197e-36
6.503809065327855743e-01 8.795706409878866212e-36
6.545588742300306739e-01 1.080577162533147831e-35
6.587636806826945302e-01 1.328873979400471919e-35
6.629954982996713042e-01 1.635897935455542257e-35
6.672545005973894439e-01 2.015925307130055394e-35
6.715408622069257705e-01 2.486794614222228886e-35
6.758547588811653073e-01 3.070817886929932814e-35
6.801963675020092914e-01 3.795930664532013643e-35
6.845658660876259294e-01 4.697144711913240284e-35
6.889634337997506686e-01 5.818384970028169302e-35
6.933892509510318769e-01 7.214814691132611319e-35
6.978434990124248172e-01 8.955781449689896393e-35
7.023263606206313625e-01 1.112855357356621055e-34
7.068380195855905601e-01 1.384306384458776167e-34
7.113786608980130488e-01 1.723793809617645786e-34
7.159484707369674350e-01 2.148816450390010573e-34
7.205476364775141862e-01 2.681485999727789106e-34
7.251763466983878192e-01 3.349771990280091573e-34
7.298347911897308249e-01 4.189090421061144186e-34
7.345231609608733336e-01 5.244332985831010678e-34
7.392416482481665163e-01 6.572461761220516665e-34
7.439904465228642794e-01 8.245830334397686124e-34
7.487697504990562525e-01 1.035643913205778131e-33
7.535797561416526236e-01 1.302139336169349630e-33
7.584206606744169354e-01 1.638991068218624289e-33
7.632926625880547267e-01 2.065232796293248655e-33
7.681959616483517994e-01 2.605168944137104989e-33
7.731307589043643347e-01 3.289867164639421033e-33
7.780972566966645187e-01 4.159082594719568851e-33
7.830956586656345753e-01 5.263741369918297683e-33
7.881261697598178628e-01 6.669149296316219614e-33
7.931889962443223752e-01 8.459141765664896963e-33
7.982843457092778650e-01 1.074145666118679869e-32
8.034124270783484789e-01 1.365469799466863860e-32
8.085734506172977953e-01 1.737737075105008405e-32
8.137676279426111492e-01 2.213961536262057069e-32
8.189951720301725802e-01 2.823846458754427633e-32
8.242562972239966257e-01 3.605770114558547393e-32
8.295512192450190669e-01 4.609373090079745284e-32
8.348801551999394110e-01 5.898932971428676590e-32
8.402433235901245467e-01 7.557770688646557584e-32
8.456409443205675780e-01 9.694010030253798061e-32
8.510732387089039452e-01 1.244811390919914541e-31
8.565404294944880537e-01 1.600275601782563787e-31
8.620427408475233033e-01 2.059576539832080854e-31
8.675803983782557349e-01 2.653711864719419976e-31
8.731536291462240751e-01 3.423126929534115841e-31
8.787626616695695114e-01 4.420652220010438374e-31
8.844077259344070852e-01 5.715371713622717223e-31
8.900890534042533719e-01 7.397722651034082630e-31
8.958068770295187777e-01 9.586225938183311896e-31
9.015614312570590094e-01 1.243637811595200217e-30
9.073529520397869419e-01 1.615241175398186618e-30
9.131816768463497658e-01 2.100286632216596991e-30
9.190478446708632010e-01 2.734122636783096727e-30
9.249516960427121015e-01 3.563330554039117399e-30
9.308934730364128995e-01 4.649362057519898876e-30
9.368734192815395545e-01 6.073375863377825871e-30
9.428917799727116744e-01 7.942676180567630071e-30
9.489488018796511382e-01 1.039929253306410439e-29
9.550447333572968933e-01 1.363142547757798756e-29
9.611798243559900312e-01 1.788873195768594938e-29
9.673543264317223667e-01 2.350276034934942049e-29
9.735684927564501878e-01 3.091429957122548337e-29
9.798225781284772840e-01 4.071002099447187365e-29
9.861168389828988134e-01 5.367162352636084069e-29
9.924515334021185575e-01 7.084181916384177959e-29
9.988269211264301228e-01 9.361302493170504286e-29
1.005243263564667089e+00 1.238467027532242725e-28
1.011700823804921656e+00 1.640341100903485246e-28
1.018199866625330463e+00 2.175130629366357525e-28
1.024740658504936119e+00 2.887605412236841331e-28
1.031323467634607027e+00 3.837880953035010842e-28
1.037948563928037915e+00 5.106767413410404145e-28
1.044616219032816096e+00 6.803013254068207113e-28
1.051326706341560113e+00 9.073125139061157477e-28
1.058080301003129664e+00 1.211469452860041160e-27
1.064877279933906351e+00 1.619450239547123596e-27
1.071717921829149489e+00 2.167314127394058976e-27
1.078602507174422964e+00 2.903853615435511424e-27
1.085531318257094924e+00 3.895162857392400598e-27
1.092504639177912962e+00 5.230870291229802659e-27
1.099522755862656131e+00 7.032650676056831955e-27
1.106585956073852461e+00 9.465862342657889974e-27
1.113694529422582846e+00 1.275547370880348043e-26
1.120848767380353994e+00 1.720788270730514605e-26
1.128048963291050644e+00 2.324084059297469796e-26
1.135295412382962166e+00 3.142453282926462141e-26
1.142588411780889546e+00 4.253803517701407272e-26
1.149928260518326084e+00 5.764697921310565358e-26
1.157315259549720698e+00 7.821050474296025882e-26
1.164749711762815165e+00 1.062286932852746836e-25
1.172231921991069736e+00 1.444460112542906081e-25
1.179762197026152926e+00 1.966323251523758586e-25
1.187340845630527442e+00 2.679714581081037204e-25
1.194968178550108506e+00 3.655989820042538243e-25
1.202644508527004552e+00 4.993473069385106145e-25
1.210370150312342297e+00 6.827789993380241050e-25
1.218145420679170199e+00 9.346212441734630541e-25
1.225970638435448956e+00 1.280759138933429617e-24
1.233846124437122382e+00 1.757008237378735219e-24
1.241772201601272885e+00 2.412974732020977346e-24
1.249749194919366202e+00 3.317435142352432031e-24
1.257777431470570084e+00 4.565840846830033932e-24
1.265857240435170228e+00 6.290796716371961038e-24
1.273988953108066369e+00 8.676706385950980642e-24
1.282172902912356527e+00 1.198026023119774755e-23
1.290409425413007627e+00 1.655912378603204194e-23
1.298698858330615824e+00 2.291214615599555730e-23
1.307041541555252095e+00 3.173576622923407736e-23
1.315437817160400646e+00 4.400321415818461649e-23
1.323888029416982803e+00 6.107582098174143785e-23
1.332392524807477940e+00 8.485959335442273399e-23
1.340951652040122566e+00 1.180256567019136838e-22
1.349565762063214436e+00 1.643208927227408121e-22
1.358235208079499490e+00 2.290060559636787605e-22
1.366960345560655599e+00 3.194742174593098517e-22
1.375741532261867572e+00 4.461245027076113429e-22
1.384579128236495649e+00 6.235975520517967146e-22
1.393473495850838795e+00 8.725239123581130878e-22
1.402424999798993044e+00 1.222000355996299208e-21
1.411434007117805312e+00 1.713100049007693432e-21
1.420500887201920692e+00 2.403852193467024637e-21
1.429626011818934561e+00 3.376311915936678482e-21
1.438809755124627943e+00 4.746605646103199087e-21
1.448052493678314789e+00 6.679215267817767348e-21
1.457354606458279411e+00 9.407305050961147523e-21
1.466716474877317378e+00 1.326166929877234136e-20
1.476138482798372786e+00 1.871198704386133272e-20
1.485621016550279005e+00 2.642565852812333912e-20
1.495164464943598670e+00 3.735177584956372082e-20
1.504769219286565596e+00 5.284104805233352811e-20
1.514435673401129279e+00 7.481719228392767503e-20
1.524164223639107529e+00 1.060220412324932902e-19
1.533955268898429480e+00 1.503663015051705221e-19
1.543809210639497609e+00 2.134318230229502970e-19
1.553726452901646793e+00 3.031912732159752662e-19
1.563707402319711504e+00 4.310399452686554056e-19
1.573752468140698912e+00 6.132759534764317160e-19
1.583862062240569246e+00 8.732248912227570487e-19
1.594036599141123167e+00 1.244291249399966735e-18
1.604276496026999732e+00 1.774343217223350488e-18
1.614582172762778711e+00 2.532016821468202627e-18
1.624954051910204589e+00 3.615784141638695717e-18
1.635392558745501157e+00 5.167003896142617576e-18
1.645898121276817339e+00 7.388712114126933962e-18
1.656471170261773596e+00 1.057268977596462560e-17
1.667112139225125578e+00 1.513847010658677712e-17
1.677821464476538349e+00 2.168957528275951280e-17
1.688599585128477631e+00 3.109462444014165874e-17
1.699446943114214070e+00 4.460435587808017238e-17
1.710363983205943406e+00 6.402052495453665882e-17
1.721351153033022330e+00 9.193975372327105407e-17
1.732408903100329356e+00 1.321057008008409671e-16
1.743537686806726050e+00 1.899178115053850034e-16
1.754737960463654822e+00 2.731664560665795415e-16
1.766010183313846849e+00 3.930954448739278981e-16
1.777354817550153010e+00 5.659380328150173451e-16
1.788772328334494954e+00 8.151378240978077534e-16
1.800263183816937174e+00 1.174560484143073426e-15
1.811827855154883649e+00 1.693138902880914640e-15
1.823466816532396173e+00 2.441592301737063312e-15
1.835180545179636580e+00 3.522146013365791192e-15
1.846969521392433977e+00 5.082592716231095466e-15
1.858834228551984324e+00 7.336634743476855723e-15
1.870775153144660585e+00 1.059331298875640063e-14
1.882792784781965878e+00 1.529957969550556761e-14
1.894887616220608972e+00 2.210188147417425339e-14
1.907060143382706574e+00 3.193523252056094400e-14
1.919310865376119724e+00 4.615203268984521539e-14
1.931640284514916983e+00 6.670833443681728448e-14
1.944048906339971294e+00 9.643312623350393027e-14
1.956537239639688730e+00 1.394175421288609983e-13
1.969105796470867809e+00 2.015772578770657207e-13
1.981755092179703803e+00 2.914648922564295793e-13
1.994485645422906961e+00 4.214431544744711272e-13
2.007297978188977261e+00 6.093782929035323053e-13
2.020192615819605297e+00 8.810835959859089517e-13
2.033170087031212603e+00 1.273843563753978131e-12
2.046230923936629864e+00 1.841494196308019148e-12
2.059375662066916135e+00 2.661742619008944309e-12
2.072604840393318160e+00 3.846707076691133404e-12
2.085919001349366031e+00 5.558084799402330529e-12
2.099318690853115843e+00 8.028965346183080893e-12
2.112804458329541113e+00 1.159517892942401926e-11
2.126376856733048104e+00 1.674031387059705614e-11
2.140036442570156350e+00 2.416031203625018829e-11
2.153783775922316401e+00 3.485607849318137349e-11
2.167619420468872793e+00 5.026613632702825617e-11
2.181543943510177996e+00 7.245646344187134781e-11
2.195557915990853370e+00 1.043918902523879460e-10
2.209661912523197547e+00 1.503236940869200393e-10
2.223856511410749803e+00 2.163425304160370801e-10
2.238142294671997767e+00 3.111663183724803900e-10
2.252519848064252983e+00 4.472615593118424286e-10
2.266989761107652157e+00 6.424371730505550527e-10
2.281552627109341369e+00 9.221069606626587688e-10
2.296209043187797949e+00 1.322496729375726631e-09
2.310959610297316669e+00 1.895183916841174829e-09
2.325804933252649143e+00 2.713513612184045321e-09
2.340745620753803102e+00 3.881652232567993729e-09
2.355782285411001542e+00 5.547342163628704553e-09
2.370915543769799960e+00 7.919839405065633430e-09
2.386146016336367914e+00 1.129509531011300114e-08
2.401474327602929115e+00 1.609104216916077961e-08
2.416901106073375161e+00 2.289694097469142072e-08
2.432426984289024041e+00 3.254225658296587650e-08
2.448052598854563833e+00 4.619258631126929120e-08
2.463778590464153595e+00 6.548297775019314020e-08
2.479605603927694357e+00 9.270279009643473967e-08
2.495534288197266193e+00 1.310514254158299208e-07
2.511565296393739377e+00 1.849912372081860653e-07
2.527699285833551635e+00 2.607333115858559754e-07
2.543936918055663465e+00 3.669043928468360455e-07
2.560278858848676453e+00 5.154600056074676276e-07
2.576725778278146084e+00 7.229311210935971595e-07
2.593278350714039338e+00 1.012121207627874578e-06
2.609937254858395672e+00 1.414409337303075007e-06
2.626703173773154099e+00 1.972865900762445021e-06
2.643576794908160554e+00 2.746453805675083900e-06
2.660558810129354690e+00 3.815674021048008394e-06
2.677649915747139175e+00 5.290125169257251214e-06
2.694850812544929308e+00 7.318588875321932758e-06
2.712162205807887361e+00 1.010243334618985532e-05
2.729584805351839893e+00 1.391335616045177673e-05
2.747119325552390912e+00 1.911677397560042165e-05
2.764766485374199334e+00 2.620252377548170066e-05
2.782527008400466517e+00 3.582498074082652380e-05
2.800401622862605855e+00 4.885523628886360997e-05
2.818391061670099340e+00 6.644863132580405135e-05
2.836496062440550858e+00 9.013171903368780982e-05
2.854717367529929106e+00 1.219136517367769968e-04
2.873055724063008576e+00 1.644280573105780143e-04
2.891511883964000607e+00 2.211126960324989775e-04
2.910086603987384279e+00 2.964355633337401735e-04
2.928780645748945588e+00 3.961776088038342211e-04
2.947594775756988916e+00 5.277838396903073966e-04
2.966529765443776778e+00 7.007962060622722296e-04
2.985586391197159628e+00 9.273832312176316780e-04
3.004765434392408174e+00 1.222982722111712285e-03
3.024067681424253529e+00 1.607074890983670309e-03
3.043493923739128970e+00 2.104103607253265430e-03
3.063044957867625318e+00 2.744562984601644443e-03
3.082721585457147473e+00 3.566264735609323867e-03
3.102524613304782797e+00 4.615798277883017761e-03
3.122454853390394636e+00 5.950189980631010248e-03
3.142513122909896151e+00 7.638759692302593031e-03
3.162700244308770614e+00 9.765161273286266513e-03
3.183017045315791549e+00 1.242957879143423601e-02
3.203464358976960025e+00 1.575103093179472391e-02
3.224043023689664000e+00 1.986971279912393140e-02
3.244753883237054382e+00 2.494927668017601907e-02
3.265597786822641790e+00 3.117892186711746991e-02
3.286575589105115824e+00 3.877512917676041032e-02
3.307688150233391244e+00 4.798283976523763650e-02
3.328936335881869990e+00 5.907584234474125978e-02
3.350321017285950997e+00 7.235610081603481569e-02
3.371843071277733639e+00 8.815172926388994967e-02
3.393503380321983176e+00 1.068133075672613591e-01
3.415302832552310264e+00 1.287082334708943565e-01
3.437242321807588930e+00 1.542128310856507589e-01
3.459322747668604148e+00 1.837019865942696728e-01
3.481545015494938333e+00 2.175361640064084612e-01
3.503910036462094535e+00 2.560457704588785521e-01
3.526418727598854996e+00 2.995129931384374888e-01
3.549072011824879969e+00 3.481514169932262148e-01
3.571870817988564095e+00 4.020839490587874709e-01
3.594816080905100186e+00 4.613198123939052930e-01
3.617908741394823657e+00 5.257316167587182676e-01
3.641149746321783898e+00 5.950337462755463935e-01
3.664540048632571434e+00 6.687635044706732312e-01
3.688080607395388011e+00 7.462665995772335137e-01
3.711772387839374243e+00 8.266886120184584463e-01
3.735616361394183293e+00 9.089740371486408899e-01
3.759613505729815230e+00 9.918743193638955846e-01
3.783764804796698744e+00 1.073965975700169828e+00
3.808071248866052638e+00 1.153679445544776305e+00
3.832533834570464926e+00 1.229338708729791341e+00
3.857153564944773461e+00 1.299211012554786659e+00
3.881931449467190376e+00 1.361565280021553415e+00
3.906868504100693418e+00 1.414736991648989362e+00
3.931965751334680625e+00 1.457196607473618011e+00
3.957224220226899902e+00 1.487617995863568021e+00
3.982644946445639267e+00 1.504942932307496983e+00
4.008228972312193328e+00 1.508437586362774585e+00
4.033977346843598433e+00 1.497737073557906085e+00
4.059891125795660471e+00 1.472874632058889688e+00
4.085971371706220268e+00 1.434292782279790401e+00
4.112219153938735161e+00 1.382834899694215469e+00
4.138635548726123936e+00 1.319716903517777817e+00
4.165221639214894189e+00 1.246480136471681988e+00
4.191978515509555692e+00 1.164927865164975263e+00
4.218907274717315303e+00 1.077049042098249254e+00
4.246009020993064098e+00 9.849339215791833579e-01
4.273284865584647818e+00 8.906867167623955250e-01
4.300735926878434867e+00 7.963406605953573525e-01
4.328363330445166746e+00 7.037805684653862803e-01
4.356168209086127341e+00 6.146773190828156430e-01
4.384151702879562684e+00 5.304376404495851904e-01
4.412314959227450650e+00 4.521713135591996502e-01
4.440659132902536221e+00 3.806765155481573459e-01
4.469185386095686496e+00 3.164426528027481922e-01
4.497894888463538798e+00 2.596688119144575646e-01
4.526788817176464086e+00 2.102949888732152106e-01
4.555868356966831456e+00 1.680426171432869431e-01
4.585134700177586176e+00 1.324606355284322079e-01
4.614589046811134132e+00 1.029734079085277837e-01
4.644232604578566459e+00 7.892718309997526216e-02
4.674066588949147061e+00 5.963239047064874260e-02
4.704092223200172285e+00 4.439981565335379687e-02
4.734310738467122803e+00 3.256949745569957810e-02
4.764723373794141459e+00 2.353194678657082733e-02
4.795331376184843286e+00 1.674194333062343706e-02
4.826136000653439950e+00 1.172567082638898729e-02
4.857138510276201693e+00 8.082286621141576699e-03
4.888340176243247903e+00 5.481187757317456354e-03
4.919742277910663653e+00 3.656254309315117197e-03
4.951346102852974163e+00 2.398253110227322859e-03
4.983152946915914150e+00 1.546408949488935376e-03
5.015164114269576423e+00 9.799330139039497123e-04
5.047380917461886440e+00 6.100722115918428114e-04
5.079804677472415264e+00 3.730329180118458778e-04
5.112436723766545121e+00 2.239548453243138339e-04
5.145278394349983131e+00 1.319731424614904313e-04
5.178331035823623196e+00 7.631060208672831296e-05
5.211596003438756952e+00 4.328315203173733648e-05
5.245074661152641760e+00 2.407387463495781735e-05
5.278768381684444400e+00 1.312570438845639215e-05
5.312678546571498295e+00 7.012987742499891133e-06
5.346806546225968404e+00 3.670621519120733410e-06
5.381153779991857178e+00 1.881405037168175275e-06
5.415721656202385326e+00 9.440154838228775047e-07
5.450511592237731406e+00 4.635278342903236131e-07
5.485525014583153336e+00 2.226465432132876392e-07
5.520763358887476713e+00 1.045781231518766682e-07
5.556228070021959731e+00 4.801639099276772848e-08
5.591920602139536456e+00 2.154262901329116845e-08
5.627842418734437580e+00 9.440669721234676485e-09
5.663994992702220621e+00 4.039558014973600122e-09
5.700379806400125204e+00 1.687024811724050731e-09
5.736998351707880417e+00 6.873736261307664366e-10
5.773852130088869217e+00 2.731321159666053468e-10
5.810942652651691631e+00 1.057994528263109414e-10
5.848271440212124972e+00 3.993415769392356741e-11
5.885840023355482842e+00 1.468159472081048544e-11
5.923649942499371157e+00 5.255137350359988202e-12
5.961702747956851844e+00 1.830581018767964161e-12
6.000000000000000000e+00 6.202933387929368980e-13
