3.500001249999999953e+00 2.982333189828909159e+00
3.504725231002380426e+00 2.958399582878156409e+00
3.509455588001487047e+00 2.934619120868551700e+00
3.514192329603055498e+00 2.910991148454292521e+00
3.518935464424437498e+00 2.887515010719551967e+00
3.523685001094614577e+00 2.864190053195456720e+00
3.528440948254217613e+00 2.841015621876977537e+00
3.533203314555536600e+00 2.817991063239751348e+00
3.537972108662541082e+00 2.795115724256802547e+00
3.542747339250893912e+00 2.772388952415188790e+00
3.547529015007968134e+00 2.749810095732565074e+00
3.552317144632862522e+00 2.727378502773655011e+00
3.557111736836415350e+00 2.705093522666656369e+00
3.561912800341223928e+00 2.682954505119533373e+00
3.566720343881657040e+00 2.660960800436248608e+00
3.571534376203874039e+00 2.639111759532885682e+00
3.576354906065838168e+00 2.617406733953701714e+00
3.581181942237332549e+00 2.595845075887095454e+00
3.586015493499977502e+00 2.574426138181471035e+00
3.590855568647246532e+00 2.553149274361017351e+00
3.595702176484481427e+00 2.532013838641400838e+00
3.600555325828908249e+00 2.511019185945383647e+00
3.605415025509654203e+00 2.490164671918327688e+00
3.610281284367762300e+00 2.469449652943620510e+00
3.615154111256210445e+00 2.448873486158003931e+00
3.620033515039923877e+00 2.428435529466823617e+00
3.624919504595793374e+00 2.408135141559180070e+00
3.629812088812689908e+00 2.387971681922984146e+00
3.634711276591483742e+00 2.367944510859915752e+00
3.639617076845056420e+00 2.348052989500314602e+00
3.644529498498322084e+00 2.328296479817934195e+00
3.649448550488238130e+00 2.308674344644650045e+00
3.654374241763824749e+00 2.289185947685046241e+00
3.659306581286183579e+00 2.269830653530891418e+00
3.664245578028508366e+00 2.250607827675569439e+00
3.669191240976104051e+00 2.231516836528374181e+00
3.674143579126403658e+00 2.212557047428716839e+00
3.679102601488984714e+00 2.193727828660236856e+00
3.684068317085583910e+00 2.175028549464836036e+00
3.689040734950115752e+00 2.156458580056583418e+00
3.694019864128687214e+00 2.138017291635545103e+00
3.699005713679614615e+00 2.119704056401515491e+00
3.703998292673441828e+00 2.101518247567637498e+00
3.708997610192953598e+00 2.083459239373937955e+00
3.714003675333195087e+00 2.065526407100759521e+00
3.719016497201486082e+00 2.047719127082098023e+00
3.724036084917438760e+00 2.030036776718826097e+00
3.729062447612974562e+00 2.012478734491839116e+00
3.734095594432340626e+00 1.995044379975079885e+00
3.739135534532124883e+00 1.977733093848487389e+00
3.744182277081274712e+00 1.960544257910816990e+00
3.749235831261114260e+00 1.943477255092381339e+00
3.754296206265357760e+00 1.926531469467686275e+00
3.759363411300129520e+00 1.909706286267961906e+00
3.764437455583978132e+00 1.893001091893593779e+00
3.769518348347896008e+00 1.876415273926447691e+00
3.774606098835333601e+00 1.859948221142108782e+00
3.779700716302218044e+00 1.843599323521996070e+00
3.784802210016969148e+00 1.827367972265386387e+00
3.789910589260514939e+00 1.811253559801352608e+00
3.795025863326313420e+00 1.795255479800553777e+00
3.800148041520362785e+00 1.779373127186977266e+00
3.805277133161223180e+00 1.763605898149535944e+00
3.810413147580031357e+00 1.747953190153583414e+00
3.815556094120518438e+00 1.732414401952318883e+00
3.820705982139027679e+00 1.716988933598088796e+00
3.825862821004530012e+00 1.701676186453584760e+00
3.831026620098641366e+00 1.686475563202937789e+00
3.836197388815639986e+00 1.671386467862715941e+00
3.841375136562486414e+00 1.656408305792790303e+00
3.846559872758834153e+00 1.641540483707146114e+00
3.851751606837052311e+00 1.626782409684534692e+00
3.856950348242241144e+00 1.612133493179057186e+00
3.862156106432247604e+00 1.597593145030634876e+00
3.867368890877685761e+00 1.583160777475361547e+00
3.872588711061950573e+00 1.568835804155771507e+00
3.877815576481238757e+00 1.554617640130984801e+00
3.883049496644561227e+00 1.540505701886762946e+00
3.888290481073767513e+00 1.526499407345434323e+00
3.893538539303554646e+00 1.512598175875756512e+00
3.898793680881491586e+00 1.498801428302621641e+00
3.904055915368032537e+00 1.485108586916698670e+00
3.909325252336534717e+00 1.471519075483947780e+00
3.914601701373278342e+00 1.458032319255034404e+00
3.919885272077481275e+00 1.444647744974638881e+00
3.925175974061317685e+00 1.431364780890654442e+00
3.930473816949934474e+00 1.418182856763297250e+00
3.935778810381472592e+00 1.405101403874081667e+00
3.941090964007078590e+00 1.392119855034714249e+00
3.946410287490926816e+00 1.379237644595872503e+00
3.951736790510234520e+00 1.366454208455878838e+00
3.957070482755280949e+00 1.353768984069267933e+00
3.962411373929424663e+00 1.341181410455245748e+00
3.967759473749119969e+00 1.328690928206046395e+00
3.973114791943936908e+00 1.316296979495191533e+00
3.978477338256575013e+00 1.303999008085617417e+00
3.983847122442887745e+00 1.291796459337726688e+00
3.989224154271893141e+00 1.279688780217315802e+00
3.994608443525794694e+00 1.267675419303406992e+00
4.000000000000000000e+00 1.255755826795959651e+00
