1.000000000000000021e-02 2.270655403046884693e-96
1.006423878153985853e-02 2.300240800179351454e-96
1.012889022518508909e-02 2.330286445541669554e-96
1.019395698182676974e-02 2.360800776208382663e-96
1.025944171938499710e-02 2.391792407199431665e-96
1.032534712291824537e-02 2.423270135704260814e-96
1.039167589473347954e-02 2.455242945419000153e-96
1.045843075449695916e-02 2.487720010995916708e-96
1.052561443934573945e-02 2.520710702611177494e-96
1.059322970399993041e-02 2.554224590653886624e-96
1.066127932087561000e-02 2.588271450539919730e-96
1.072976608019852313e-02 2.622861267652205647e-96
1.079869279011848836e-02 2.658004242414631945e-96
1.086806227682452809e-02 2.693710795500687450e-96
1.093787738466077755e-02 2.729991573182296006e-96
1.100814097624307555e-02 2.766857452821747215e-96
1.107885593257636019e-02 2.804319548512074463e-96
1.115002515317279307e-02 2.842389216869421727e-96
1.122165155617064515e-02 2.881078062982959900e-96
1.129373807845397183e-02 2.920397946524803429e-96
1.136628767577298887e-02 2.960360988027942148e-96
1.143930332286530530e-02 3.000979575333911851e-96
1.151278801357787616e-02 3.042266370217300355e-96
1.158674476098976898e-02 3.084234315192685095e-96
1.166117659753569506e-02 3.126896640506495091e-96
1.173608657513037536e-02 3.170266871323820516e-96
1.181147776529364000e-02 3.214358835112234002e-96
1.188735325927639877e-02 3.259186669229433492e-96
1.196371616818737126e-02 3.304764828723803460e-96
1.204056962312067582e-02 3.351108094349407236e-96
1.211791677528418522e-02 3.398231580806126034e-96
1.219576079612875140e-02 3.446150745209154807e-96
1.227410487747824033e-02 3.494881395797401672e-96
1.235295223166040304e-02 3.544439700884218058e-96
1.243230609163858968e-02 3.594842198062094534e-96
1.251216971114433099e-02 3.646105803667754587e-96
1.259254636481071422e-02 3.698247822512369183e-96
1.267343934830667505e-02 3.751285957892108921e-96
1.275485197847212558e-02 3.805238321879534835e-96
1.283678759345394972e-02 3.860123445911182691e-96
1.291924955284289370e-02 3.915960291676642448e-96
1.300224123781129268e-02 3.972768262320912124e-96
1.308576605125172203e-02 4.030567213967523232e-96
1.316982741791652631e-02 4.089377467574721014e-96
1.325442878455823648e-02 4.149219821134295672e-96
1.333957362007092036e-02 4.210115562222817990e-96
1.342526541563237967e-02 4.272086480918120594e-96
1.351150768484732194e-02 4.335154883091474301e-96
1.359830396389142236e-02 4.399343604088579419e-96
1.368565781165631719e-02 4.464676022809537020e-96
1.377357280989554081e-02 4.531176076203392484e-96
1.386205256337136142e-02 4.598868274188391869e-96
1.395110070000260549e-02 4.667777715011848511e-96
1.404072087101340856e-02 4.737930101064773046e-96
1.413091675108292360e-02 4.809351755165854511e-96
1.422169203849599044e-02 4.882069637328605136e-96
1.431305045529479743e-02 4.956111362028115165e-96
1.440499574743146251e-02 5.031505215984461224e-96
1.449753168492164644e-02 5.108280176478856134e-96
1.459066206199912362e-02 5.186465930218504231e-96
1.468439069727138849e-02 5.266092892771891060e-96
1.477872143387618312e-02 5.347192228588539607e-96
1.487365813963910204e-02 5.429795871627796162e-96
1.496920470723218238e-02 5.513936546609099514e-96
1.506536505433351235e-02 5.599647790914715142e-96
1.516214312378785789e-02 5.686963977156559764e-96
1.525954288376836498e-02 5.775920336434725662e-96
1.535756832793921424e-02 5.866552982309512652e-96
1.545622347561940654e-02 5.958898935512067229e-96
1.555551237194755312e-02 6.052996149413929043e-96
1.565543908804776368e-02 6.148883536288437312e-96
1.575600772119652854e-02 6.246600994382106816e-96
1.585722239499075259e-02 6.346189435830413047e-96
1.595908725951682844e-02 6.447690815442364168e-96
1.606160649152079192e-02 6.551148160386208628e-96
1.616478429457958096e-02 6.656605600803307335e-96
1.626862489927342198e-02 6.764108401385476524e-96
1.637313256335925366e-02 6.873702993946297292e-96
1.647831157194533033e-02 6.985437011024495557e-96
1.658416623766692174e-02 7.099359320546085344e-96
1.669070090086312991e-02 7.215520061592915501e-96
1.679791992975489603e-02 7.333970681307488756e-96
1.690582772062405176e-02 7.454763972978043160e-96
1.701442869799361587e-02 7.577954115341435834e-96
1.712372731480920826e-02 7.703596713150639947e-96
1.723372805262161217e-02 7.831748839045931704e-96
1.734443542177057859e-02 7.962469076778163369e-96
1.745585396156970961e-02 8.095817565835911432e-96
1.756798824049260119e-02 8.231856047512831452e-96
1.768084285636018285e-02 8.370647912484830576e-96
1.779442243652919892e-02 8.512258249931407488e-96
1.790873163808201496e-02 8.656753898269909209e-96
1.802377514801748598e-02 8.804203497556320112e-96
1.813955768344318459e-02 8.954677543604450429e-96
1.825608399176882266e-02 9.108248443898534195e-96
1.837335885090087689e-02 9.264990575350882692e-96
1.849138706943850852e-02 9.424980343982969791e-96
1.861017348687077008e-02 9.588296246583897213e-96
1.872972297377496417e-02 9.755018934435430655e-96
1.885004043201640375e-02 9.925231279165614993e-96
1.897113079494937293e-02 1.009901844081161365e-95
1.909299902761945472e-02 1.027646793817640409e-95
1.921565012696705224e-02 1.045766972155860891e-95
1.933908912203231162e-02 1.064271624794275421e-95
1.946332107416131815e-02 1.083170255874664895e-95
1.958835107721363517e-02 1.102472636020589524e-95
1.971418425777114042e-02 1.122188810651227732e-95
1.984082577534828848e-02 1.142329108579019228e-95
1.996828082260358739e-02 1.162904150903293001e-95
2.009655462555256372e-02 1.183924860208822788e-95
2.022565244378202176e-02 1.205402470083482868e-95
2.035557957066574247e-02 1.227348534964010934e-95
2.048634133358146273e-02 1.249774940324589786e-95
2.061794309412935330e-02 1.272693913219521634e-95
2.075039024835185000e-02 1.296118033194899023e-95
2.088368822695491761e-02 1.320060243581528171e-95
2.101784249553069472e-02 1.344533863184797608e-95
2.115285855478164778e-02 1.369552598386633006e-95
2.128874194074606083e-02 1.395130555674288864e-95
2.142549822502506224e-02 1.421282254613719599e-95
2.156313301501104965e-02 1.448022641283125993e-95
2.170165195411766917e-02 1.475367102185958719e-95
2.184106072201113039e-02 1.503331478660242320e-95
2.198136503484313456e-02 1.531932081805173435e-95
2.212257064548524971e-02 1.561185707943174614e-95
2.226468334376478786e-02 1.591109654640960878e-95
2.240770895670221238e-02 1.621721737308081594e-95
2.255165334875003022e-02 1.653040306398066307e-95
2.269652242203332518e-02 1.685084265235559178e-95
2.284232211659167552e-02 1.717873088493154237e-95
2.298905841062274386e-02 1.751426841343788889e-95
2.313673732072744557e-02 1.785766199316688115e-95
2.328536490215657451e-02 1.820912468883255709e-95
2.343494724905912513e-02 1.856887608802686691e-95
2.358549049473216558e-02 1.893714252258588554e-95
2.373700081187231706e-02 1.931415729815548201e-95
2.388948441282884652e-02 1.970016093233026456e-95
2.404294754985839000e-02 2.009540140166315336e-95
2.419739651538135167e-02 2.050013439793584298e-95
2.435283764223983988e-02 2.091462359406350770e-95
2.450927730395738649e-02 2.133914092001307412e-95
2.466672191500024827e-02 2.177396684914094431e-95
2.482517793104046036e-02 2.221939069540521575e-95
2.498465184922048221e-02 2.267571092185991480e-95
2.514515020841963031e-02 2.314323546092475444e-95
2.530667958952218660e-02 2.362228204690641633e-95
2.546924661568723824e-02 2.411317856126224009e-95
2.563285795262021383e-02 2.461626339117481068e-95
2.579752030884627234e-02 2.513188580194926055e-95
2.596324043598527420e-02 2.566040632383156661e-95
2.613002512902868127e-02 2.620219715386286099e-95
2.629788122661813263e-02 2.675764257336202791e-95
2.646681561132591815e-02 2.732713938174546369e-95
2.663683520993708614e-02 2.791109734733512520e-95
2.680794699373352172e-02 2.850993967589647693e-95
2.698015797877977365e-02 2.912410349763052914e-95
2.715347522621074441e-02 2.975404037346947996e-95
2.732790584252117738e-02 3.040021682141842663e-95
2.750345697985713198e-02 3.106311486386115861e-95
2.768013583630912419e-02 3.174323259673284981e-95
2.785794965620734878e-02 3.244108478143939771e-95
2.803690573041868125e-02 3.315720346060738275e-95
2.821701139664567828e-02 3.389213859859644600e-95
2.839827403972735795e-02 3.464645874793473842e-95
2.858070109194206510e-02 3.542075174275826494e-95
2.876430003331218940e-02 3.621562542045068988e-95
2.894907839191087490e-02 3.703170837273501816e-95
2.913504374417069318e-02 3.786965072749411445e-95
2.932220371519427687e-02 3.873012496268896100e-95
2.951056597906703480e-02 3.961382675381212822e-95
2.970013825917171973e-02 4.052147585632397793e-95
2.989092832850515427e-02 4.145381702468894556e-95
3.008294400999699664e-02 4.241162096957863076e-95
3.027619317683039393e-02 4.339568535505385100e-95
3.047068375276488703e-02 4.440683583740145136e-95
3.066642371246128262e-02 4.544592714762159633e-95
3.086342108180863478e-02 4.651384421945359602e-95
3.106168393825332885e-02 4.761150336507550751e-95
3.126122041113026800e-02 4.873985350060472124e-95
3.146203868199626275e-02 4.989987742368359548e-95
3.166414698496539809e-02 5.109259314555809488e-95
3.186755360704669748e-02 5.231905528014149062e-95
3.207226688848397594e-02 5.358035649269211298e-95
3.227829522309770549e-02 5.487762901083881314e-95
3.248564705862926755e-02 5.621204620092810615e-95
3.269433089708729395e-02 5.758482421260509382e-95
3.290435529509627005e-02 5.899722369494967542e-95
3.311572886424742762e-02 6.045055158744963605e-95
3.332846027145178192e-02 6.194616298928866706e-95
3.354255823929552793e-02 6.348546311075682645e-95
3.375803154639773346e-02 6.506990931056406147e-95
3.397488902777018316e-02 6.670101322316018300e-95
3.419313957517976926e-02 6.838034298038799078e-95
3.441279213751295696e-02 7.010952553189606466e-95
3.463385572114277555e-02 7.189024906913553048e-95
3.485633939029812722e-02 7.372426555779677731e-95
3.508025226743537173e-02 7.561339338404656504e-95
3.530560353361246462e-02 7.755952011997627150e-95
3.553240242886532285e-02 7.956460541404567753e-95
3.576065825258672309e-02 8.163068401266900120e-95
3.599038036390766332e-02 8.375986891929105398e-95
3.622157818208099345e-02 8.595435469767126220e-95
3.645426118686775213e-02 8.821642092652575960e-95
3.668843891892576564e-02 9.054843581294928130e-95
3.692412098020089045e-02 9.295285997242409466e-95
3.716131703432073302e-02 9.543225038379169354e-95
3.740003680699084676e-02 9.798926452775282057e-95
3.764029008639353802e-02 1.006266647181889614e-94
3.788208672358921170e-02 1.033473226358883814e-94
3.812543663292024959e-02 1.061542240748508080e-94
3.837034979241763649e-02 1.090504739119104627e-94
3.861683624420994554e-02 1.120393013109662012e-94
3.886490609493514770e-02 1.151240651737241491e-94
3.911456951615511352e-02 1.183082598494796846e-94
3.936583674477250189e-02 1.215955211172188927e-94
3.961871808345061863e-02 1.249896324539091034e-94
3.987322390103581471e-02 1.284945316038015366e-94
4.012936463298266698e-02 1.321143174641798133e-94
4.038715078178180956e-02 1.358532573039513917e-94
4.064659291739061014e-02 1.397157943324488552e-94
4.090770167766658721e-02 1.437065556365017207e-94
4.117048776880351951e-02 1.478303605051857774e-94
4.143496196577045598e-02 1.520922291626131688e-94
4.170113511275359841e-02 1.564973919299353928e-94
4.196901812360082779e-02 1.610512988396682565e-94
4.223862198226925602e-02 1.657596297258339973e-94
4.250995774327562260e-02 1.706283048155865407e-94
4.278303653214950847e-02 1.756634958487991607e-94
4.305786954588956134e-02 1.808716377539451472e-94
4.333446805342257291e-02 1.862594409101918694e-94
4.361284339606552596e-02 1.918339040272025823e-94
4.389300698799071532e-02 1.976023276759618502e-94
4.417497031669358892e-02 2.035723285061586198e-94
4.445874494346396810e-02 2.097518541871331378e-94
4.474434250385991851e-02 2.161491991122425623e-94
4.503177470818491707e-02 2.227730209081726995e-94
4.532105334196803725e-02 2.296323577935552368e-94
4.561219026644713209e-02 2.367366468337778754e-94
4.590519741905520201e-02 2.440957431413931899e-94
4.620008681390987831e-02 2.517199400748461163e-94
4.649687054230598054e-02 2.596199904910353249e-94
4.679556077321140456e-02 2.678071291104303447e-94
4.709616975376592490e-02 2.762930960575745787e-94
4.739870980978354992e-02 2.850901616427021249e-94
4.770319334625772872e-02 2.942111524547729104e-94
4.800963284787011787e-02 3.036694788403287686e-94
4.831804087950242882e-02 3.134791638466346559e-94
4.862843008675165474e-02 3.236548737131775175e-94
4.894081319644856543e-02 3.342119499996338316e-94
4.925520301717953298e-02 3.451664434447514254e-94
4.957161243981170196e-02 3.565351496558018888e-94
4.989005443802165679e-02 3.683356467343140396e-94
5.021054206882722554e-02 3.805863349510558919e-94
5.053308847312291963e-02 3.933064785889776356e-94
5.085770687621885000e-02 4.065162500814126576e-94
5.118441058838280738e-02 4.202367765799593319e-94
5.151321300538615200e-02 4.344901890950252332e-94
5.184412760905307560e-02 4.492996743613968281e-94
5.217716796781331906e-02 4.646895295900152435e-94
5.251234773725860228e-02 4.806852202777407654e-94
5.284968066070245413e-02 4.973134412580558586e-94
5.318918056974386577e-02 5.146021811865920569e-94
5.353086138483425377e-02 5.325807906679012421e-94
5.387473711584830210e-02 5.512800542438011993e-94
5.422082186265853032e-02 5.707322664765615512e-94
5.456912981571321319e-02 5.909713123759354565e-94
5.491967525661839433e-02 6.120327524355525906e-94
5.527247255872337617e-02 6.339539125598621560e-94
5.562753618771013736e-02 6.567739791830000644e-94
5.598488070218642088e-02 6.805340998989588901e-94
5.634452075428270090e-02 7.052774899446325404e-94
5.670647109025290372e-02 7.310495448988372104e-94
5.707074655107920863e-02 7.578979599845868902e-94
5.743736207308031833e-02 7.858728563882950796e-94
5.780633268852414935e-02 8.150269150354326390e-94
5.817767352624399896e-02 8.454155182930205140e-94
5.855139981225895157e-02 8.770969001000969607e-94
5.892752687039821274e-02 9.101323050607297358e-94
5.930607012292937047e-02 9.445861570704813582e-94
5.968704509119080598e-02 9.805262380859533916e-94
6.007046739622807358e-02 1.018023877687405200e-93
6.045635275943438830e-02 1.057154154130463404e-93
6.084471700319537407e-02 1.097996107628318117e-93
6.123557605153762129e-02 1.140632966658542498e-93
6.162894593078183103e-02 1.185152388141372947e-93
6.202484277019974790e-02 1.231646712397581237e-93
6.242328280267563784e-02 1.280213233852633616e-93
6.282428236537182520e-02 1.330954488525929649e-93
6.322785790039857357e-02 1.383978559412754946e-93
6.363402595548825480e-02 1.439399400945641834e-93
6.404280318467388267e-02 1.497337183805048093e-93
6.445420634897189305e-02 1.557918661438381479e-93
6.486825231706953854e-02 1.621277559743883559e-93
6.528495806601640472e-02 1.687554991477328842e-93
6.570434068192053390e-02 1.756899897051660519e-93
6.612641736064915621e-02 1.829469513520368523e-93
6.655120540853358413e-02 1.905429873660916466e-93
6.697872224307888089e-02 1.984956337216212259e-93
6.740898539367808084e-02 2.068234156498249384e-93
6.784201250233087843e-02 2.155459078718209140e-93
6.827782132436703566e-02 2.246837987583722298e-93
6.871642972917434145e-02 2.342589586881322443e-93
6.915785570093148371e-02 2.442945128971591661e-93
6.960211733934519585e-02 2.548149191332614503e-93
7.004923286039253794e-02 2.658460504521930753e-93
7.049922059706788258e-02 2.774152835178768480e-93
7.095209900013441096e-02 2.895515927955053175e-93
7.140788663888081311e-02 3.022856510556209787e-93
7.186660220188260950e-02 3.156499366386446003e-93
7.232826449776846855e-02 3.296788479631760634e-93
7.279289245599139535e-02 3.444088257978567947e-93
7.326050512760487465e-02 3.598784838558782287e-93
7.373112168604402383e-02 3.761287483144833933e-93
7.420476142791186669e-02 3.932030069067085997e-93
7.468144377377032572e-02 4.111472682835142149e-93
7.516118826893676552e-02 4.300103323970637363e-93
7.564401458428519909e-02 4.498439727151922624e-93
7.612994251705297588e-02 4.707031311385142586e-93
7.661899199165246588e-02 4.926461265609757029e-93
7.711118306048804494e-02 5.157348780868719265e-93
7.760653590477831210e-02 5.400351439980924567e-93
7.810507083538353879e-02 5.656167776504235184e-93
7.860680829363843325e-02 5.925540015717431110e-93
7.911176885219048383e-02 6.209257011353555524e-93
7.961997321584320109e-02 6.508157392920446335e-93
8.013144222240539682e-02 6.823132939615406562e-93
8.064619684354527862e-02 7.155132198146687449e-93
8.116425818565056738e-02 7.505164363146225651e-93
8.168564749069383291e-02 7.874303440397979700e-93
8.221038613710347775e-02 8.263692714712854200e-93
8.273849564064035544e-02 8.674549546100703114e-93
8.326999765527991204e-02 9.108170519789302678e-93
8.380491397410007315e-02 9.565936977767245827e-93
8.434326653017495956e-02 1.004932096179047331e-92
8.488507739747394587e-02 1.055989160028125775e-92
8.543036879176692244e-02 1.109932197424728144e-92
8.597916307153530280e-02 1.166939650026111438e-92
8.653148273888852660e-02 1.227201887174497057e-92
8.708735044048687701e-02 1.290922060327101540e-92
8.764678896847001577e-02 1.358317022635228657e-92
8.820982126139158275e-02 1.429618318930560928e-92
8.877647040515962429e-02 1.505073251827091934e-92
8.934675963398325260e-02 1.584946030128844944e-92
8.992071233132541141e-02 1.669519006271010810e-92
9.049835203086145641e-02 1.759094010096062974e-92
9.107970241744417494e-02 1.853993786900196815e-92
9.166478732807512020e-02 1.954563548371731835e-92
9.225363075288169068e-02 2.061172645796420530e-92
9.284625683610100988e-02 2.174216375723268501e-92
9.344268987706978724e-02 2.294117929177762431e-92
9.404295433122077108e-02 2.421330496489374705e-92
9.464707481108537712e-02 2.556339540866456013e-92
9.525507608730292286e-02 2.699665255017891313e-92
9.586698308963639836e-02 2.851865216398141822e-92
9.648282090799444044e-02 3.013537258042648654e-92
9.710261479346017632e-02 3.185322573494296367e-92
9.772639015932678419e-02 3.367909075983160031e-92
9.835417258213917380e-02 3.562035033851382701e-92
9.898598780274293907e-02 3.768493006220827250e-92
9.962186172733968059e-02 3.988134105087699922e-92
1.002618204285493225e-01 4.221872612429548143e-92
1.009058901464790770e-01 4.470690983552215774e-92
1.015540972897995414e-01 4.735645270777820768e-92
1.022064684368272219e-01 5.017871004751842087e-92
1.028630303366146054e-01 5.318589574117298020e-92
1.035238099100467546e-01 5.639115148119270389e-92
1.041888342509452864e-01 5.980862190892010705e-92
1.048581306271791219e-01 6.345353620777056758e-92
1.055317264817828560e-01 6.734229673081807343e-92
1.062096494340815794e-01 7.149257530237925134e-92
1.068919272808236676e-01 7.592341789434434894e-92
1.075785879973203824e-01 8.065535844513039518e-92
1.082696597385929549e-01 8.571054266324857895e-92
1.089651708405271757e-01 9.111286273864156291e-92
1.096651498210349657e-01 9.688810397487475905e-92
1.103696253812238987e-01 1.030641044537888014e-91
1.110786264065739409e-01 1.096709289533065350e-91
1.117921819681218232e-01 1.167410584587568538e-91
1.125103213236532396e-01 1.243095967407765023e-91
1.132330739189021801e-01 1.324144956185656963e-91
1.139604693887584785e-01 1.410968006885894238e-91
1.146925375584828821e-01 1.504009194765797348e-91
1.154293084449299622e-01 1.603749141674299055e-91
1.161708122577790325e-01 1.710708212844178144e-91
1.169170794007725611e-01 1.825450009295548812e-91
1.176681404729630065e-01 1.948585184619579581e-91
1.184240262699674112e-01 2.080775617851243051e-91
1.191847677852300308e-01 2.222738977384860481e-91
1.199503962112934419e-01 2.375253714490092831e-91
1.207209429410771029e-01 2.539164528963129780e-91
1.214964395691648658e-01 2.715388353870965319e-91
1.222769178931002731e-01 2.904920911233287604e-91
1.230624099146904044e-01 3.108843895918410430e-91
1.238529478413182422e-01 3.328332851047653113e-91
1.246485640872628253e-01 3.564665804883800720e-91
1.254492912750286848e-01 3.819232746598582625e-91
1.262551622366833437e-01 4.093546026551468158e-91
1.270662100152034346e-01 4.389251775869452884e-91
1.278824678658298797e-01 4.708142450293111377e-91
1.287039692574309668e-01 5.052170614573969256e-91
1.295307478738750295e-01 5.423464096298944224e-91
1.303628376154114810e-01 5.824342652036184799e-91
1.312002726000606467e-01 6.257336304297683034e-91
1.320430871650131455e-01 6.725205525213838248e-91
1.328913158680373185e-01 7.230963462170264522e-91
1.337449934888964298e-01 7.777900422282683555e-91
1.346041550307747192e-01 8.369610856667484505e-91
1.354688357217126438e-01 9.010023112370156281e-91
1.363390710160511665e-01 9.703432249817872972e-91
1.372148965958858990e-01 1.045453625721780586e-90
1.380963483725296259e-01 1.126847603077075671e-90
1.389834624879851266e-01 1.215087953146583232e-90
1.398762753164270178e-01 1.310791057607042905e-90
1.407748234656930331e-01 1.414632277233885482e-90
1.416791437787855157e-01 1.527351916713994562e-90
1.425892733353814612e-01 1.649761824193321266e-90
1.435052494533533285e-01 1.782752696361914238e-90
1.444271096902990104e-01 1.927302168135486111e-90
1.453548918450817407e-01 2.084483775247012738e-90
1.462886339593803264e-01 2.255476888446787916e-90
1.472283743192484284e-01 2.441577729667704398e-90
1.481741514566846940e-01 2.644211593604283659e-90
1.491260041512126600e-01 2.864946412864856766e-90
1.500839714314707585e-01 3.105507821389705168e-90
1.510480925768128146e-01 3.367795889428689379e-90
1.520184071189182307e-01 3.653903724294644066e-90
1.529949548434131612e-01 3.966138154666539270e-90
1.539777757915017919e-01 4.307042742746911003e-90
1.549669102616080818e-01 4.679423398476981510e-90
1.559623988110283022e-01 5.086376903715067266e-90
1.569642822575936791e-01 5.531322692305042870e-90
1.579726016813443046e-01 6.018038274860627177e-90
1.589873984262133721e-01 6.550698745537496560e-90
1.600087141017224879e-01 7.133920862776942286e-90
1.610365905846878887e-01 7.772812257866086402e-90
1.620710700209372357e-01 8.473026395066444786e-90
1.631121948270378430e-01 9.240823986216504180e-90
1.641600076920359252e-01 1.008314165223964467e-89
1.652145515792068364e-01 1.100766872543295640e-89
1.662758697278170772e-01 1.202293320133976377e-89
1.673440056548965715e-01 1.313839797928177883e-89
1.684190031570235446e-01 1.436456867844150574e-89
1.695009063121200032e-01 1.571311448408737975e-89
1.705897594812591511e-01 1.719700366897295928e-89
1.716856073104844893e-01 1.883065565134220946e-89
1.727884947326401022e-01 2.063011169685896241e-89
1.738984669692131835e-01 2.261322665153996987e-89
1.750155695321883587e-01 2.479988441101541670e-89
1.761398482259134701e-01 2.721224019383010624e-89
1.772713491489782689e-01 2.987499309936317028e-89
1.784101186961039864e-01 3.281569290135151415e-89
1.795562035600458961e-01 3.606508556472155106e-89
1.807096507335079205e-01 3.965750258558728472e-89
1.818705075110692848e-01 4.363129995338772372e-89
1.830388214911238820e-01 4.802935333257987842e-89
1.842146405778320173e-01 5.289961697405348390e-89
1.853980129830842816e-01 5.829575491009342939e-89
1.865889872284786921e-01 6.427785418121315401e-89
1.877876121473100457e-01 7.091323121041274227e-89
1.889939368865722058e-01 7.827734400717348403e-89
1.902080109089736293e-01 8.645482467891271565e-89
1.914298839949648834e-01 9.554064878720845508e-89
1.926596062447801794e-01 1.056414604494704138e-88
1.938972280804915349e-01 1.168770748004631247e-88
1.951428002480760926e-01 1.293821825462898790e-88
1.963963738194973163e-01 1.433082849277462702e-88
1.976580001947984278e-01 1.588258915337452103e-88
1.989277311042103036e-01 1.761270181511187356e-88
2.002056186102726121e-01 1.954280273036967906e-88
2.014917151099682446e-01 2.169728604322329064e-88
2.027860733368722912e-01 2.410367179308499440e-88
2.040887463633135890e-01 2.679302516361352164e-88
2.053997876025512315e-01 2.980043440414279686e-88
2.067192508109645666e-01 3.316555596869359656e-88
2.080471900902573501e-01 3.693323670977943856e-88
2.093836598896762768e-01 4.115422445894255976e-88
2.107287150082431670e-01 4.588598005578781131e-88
2.120824105970021134e-01 5.119360589097718990e-88
2.134448021612808388e-01 5.715090835046534640e-88
2.148159455629664039e-01 6.384161424092267929e-88
2.161958970227961241e-01 7.136076440073403267e-88
2.175847131226622266e-01 7.981631132898479365e-88
2.189824508079321608e-01 8.933095188013285695e-88
2.203891673897835080e-01 1.000442309730366093e-87
2.218049205475537411e-01 1.121149579651153785e-87
2.232297683311057490e-01 1.257239839805923948e-87
2.246637691632072387e-01 1.410773962149166617e-87
2.261069818419268740e-01 1.584101942530966104e-87
2.275594655430448754e-01 1.779905239558451815e-87
2.290212798224794122e-01 2.001245567437711441e-87
2.304924846187288989e-01 2.251621164504366666e-87
2.319731402553290578e-01 2.535031726768520163e-87
2.334633074433267730e-01 2.856053391883688450e-87
2.349630472837692108e-01 3.219925388456626058e-87
2.364724212702093431e-01 3.632650234453050227e-87
2.379914912912270419e-01 4.101109683584883009e-87
2.395203196329672712e-01 4.633198988187518072e-87
2.410589689816931835e-01 5.237982480997480855e-87
2.426075024263570079e-01 5.925873987883595466e-87
2.441659834611867586e-01 6.708846182704715956e-87
2.457344759882894025e-01 7.600673700199509705e-87
2.473130443202717077e-01 8.617215652424213069e-87
2.489017531828764396e-01 9.776744171564456661e-87
2.505006677176366825e-01 1.110032675409272829e-86
2.521098534845468420e-01 1.261227154047518198e-86
2.537293764647506888e-01 1.434064626941464953e-86
2.553593030632470007e-01 1.631788354163260788e-86
2.569997001116120505e-01 1.858148727003090485e-86
2.586506348707399150e-01 2.117485784574537964e-86
2.603121750336006568e-01 2.414825669081094701e-86
2.619843887280153827e-01 2.755993459064732993e-86
2.636673445194505638e-01 3.147745261424496756e-86
2.653611114138285099e-01 3.597922966960035729e-86
2.670657588603572163e-01 4.115635696544806464e-86
2.687813567543779203e-01 4.711472704821691290e-86
2.705079754402308634e-01 5.397753388369319061e-86
2.722456857141403175e-01 6.188821093046077458e-86
2.739945588271162635e-01 7.101388663597250224e-86
2.757546664878767206e-01 8.154945167205129848e-86
2.775260808657878386e-01 9.372234999107517206e-86
2.793088745938227535e-01 1.077982270005522537e-85
2.811031207715403712e-01 1.240875935134436277e-85
2.829088929680818598e-01 1.429536944677954374e-85
2.847262652251878468e-01 1.648218077282785810e-85
2.865553120602338799e-01 1.901902417993555938e-85
2.883961084692860388e-01 2.196433534640993438e-85
2.902487299301764190e-01 2.538669689924084001e-85
2.921132524055969903e-01 2.936666677899174843e-85
2.939897523462150497e-01 3.399894777946921414e-85
2.958783066938076023e-01 3.939496407361582310e-85
2.977789928844161160e-01 4.568592363950470317e-85
2.996918888515222035e-01 5.302646129107251058e-85
3.016170730292422331e-01 6.159897606542521241e-85
3.035546243555439228e-01 7.161879971311298824e-85
3.055046222754828622e-01 8.334036082166581041e-85
3.074671467444600181e-01 9.706454270264259409e-85
3.094422782314999454e-01 1.131474738408438761e-84
3.114300977225508693e-01 1.320110389716926126e-84
3.134306867238044192e-01 1.541554585887961913e-84
3.154441272650382322e-01 1.801743571778358821e-84
3.174705019029792075e-01 2.107728285269908828e-84
3.195098937246885207e-01 2.467891135133804995e-84
3.215623863509688429e-01 2.892206360247484793e-84
3.236280639397923764e-01 3.392553013194923298e-84
3.257070111897519271e-01 3.983091545172503426e-84
3.277993133435337936e-01 4.680717328708575852e-84
3.299050561914126933e-01 5.505607336316323379e-84
3.320243260747701708e-01 6.481879715578749028e-84
3.341572098896337661e-01 7.638390310748832699e-84
3.363037950902406092e-01 9.009695458617468045e-84
3.384641696926233290e-01 1.063721685558840229e-83
3.406384222782185556e-01 1.257065223012345859e-83
3.428266419974997370e-01 1.486968530228208035e-83
3.450289185736318265e-01 1.760606049420576472e-83
3.472453423061502842e-01 2.086610259848789829e-83
3.494760040746641150e-01 2.475377976889352319e-83
3.517209953425813884e-01 2.939443058227816883e-83
3.539804081608607378e-01 3.493930354239317134e-83
3.562543351717842866e-01 4.157109151424751049e-83
3.585428696127570536e-01 4.951068576090886902e-83
3.608461053201297841e-01 5.902542646073673045e-83
3.631641367330464831e-01 7.043919125758262787e-83
3.654970588973169843e-01 8.414474359707089455e-83
3.678449674693134996e-01 1.006188621547138220e-82
3.702079587198932598e-01 1.204408963609063329e-82
3.725861295383456340e-01 1.443155468848217320e-82
3.749795774363649525e-01 1.731008615009555390e-82
3.773884005520492524e-01 2.078426755116335290e-82
3.798126976539232258e-01 2.498170237654910364e-82
3.822525681449886470e-01 3.005824233152298210e-82
3.847081120668002230e-01 3.620443908338884979e-82
3.871794301035670349e-01 4.365351409441590489e-82
3.896666235862820127e-01 5.269121407909989594e-82
3.921697944968753347e-01 6.366801106554609152e-82
3.946890454723969155e-01 7.701422084715033279e-82
3.972244798092245399e-01 9.325875789601782137e-82
3.997762014672994191e-01 1.130524263376444046e-81
4.023443150743883923e-01 1.371968752143449758e-81
4.049289259303751609e-01 1.666806345246863931e-81
4.075301400115762251e-01 2.027240123649487709e-81
4.101480639750873514e-01 2.468350932322561003e-81
4.127828051631564632e-01 3.008796590884833664e-81
4.154344716075848432e-01 3.671685912107269614e-81
4.181031720341574220e-01 4.485672444518104961e-81
4.207890158670998249e-01 5.486324704083074299e-81
4.234921132335656702e-01 6.717844714567418276e-81
4.262125749681520692e-01 8.235225825537864984e-81
4.289505126174437688e-01 1.010696516231449030e-80
4.317060384445879917e-01 1.241847715031829263e-80
4.344792654338959226e-01 1.527639423485909807e-80
4.372703072954765013e-01 1.881399161805895017e-80
4.400792784698985827e-01 2.319803769376266705e-80
4.429062941328829606e-01 2.863745492866768034e-80
4.457514702000259788e-01 3.539428244881206989e-80
4.486149233315510076e-01 4.379756832091136815e-80
4.514967709370925619e-01 5.426099524758675625e-80
4.543971311805105051e-01 6.730526951446570869e-80
4.573161229847345632e-01 8.358659432901451414e-80
4.602538660366416456e-01 1.039329244129881238e-79
4.632104807919619205e-01 1.293901838981127838e-79
4.661860884802186966e-01 1.612812568732255140e-79
4.691808111096988365e-01 2.012813719468124783e-79
4.721947714724555323e-01 2.515145545885485091e-79
4.752280931493437777e-01 3.146771866257097718e-79
4.782809005150861492e-01 3.941964864843496511e-79
4.813533187433736704e-01 4.944340316797463310e-79
4.844454738119977621e-01 6.209474509341641429e-79
4.875574925080157218e-01 7.808273330817059516e-79
4.906895024329500643e-01 9.831315178668763487e-79
4.938416320080192268e-01 1.239445624490847910e-78
4.970140104794042446e-01 1.564607431697776473e-78
5.002067679235477904e-01 1.977644201533934331e-78
5.034200352524874633e-01 2.502987101858650893e-78
5.066539442192246057e-01 3.172046674984909464e-78
5.099086274231252602e-01 4.025259339838186931e-78
5.131842183153575432e-01 5.114749219203670638e-78
5.164808512043638222e-01 6.507794833443847668e-78
5.197986612613673119e-01 8.291349967891573788e-78
5.231377845259151949e-01 1.057794706314714636e-77
5.264983579114558276e-01 1.351341615060139215e-77
5.298805192109525830e-01 1.728699115454811627e-77
5.332844071025344412e-01 2.214455967787165052e-77
5.367101611551816642e-01 2.840605742063308847e-77
5.401579218344484401e-01 3.648833460377633373e-77
5.436278305082230533e-01 4.693525667129818204e-77
5.471200294525235819e-01 6.045738211456466442e-77
5.506346618573316753e-01 7.798433634805281578e-77
5.541718718324643023e-01 1.007340394281507539e-76
5.577318044134820241e-01 1.303043379298457402e-76
5.613146055676369039e-01 1.687944604531680908e-76
5.649204221998559428e-01 2.189662286430507453e-76
5.685494021587660374e-01 2.844583373461120669e-76
5.722016942427554653e-01 3.700715757628995758e-76
5.758774482060748934e-01 4.821490141175053863e-76
5.795768147649789093e-01 6.290834968982207476e-76
5.832999456039044128e-01 8.219960410884401392e-76
5.870469933816904184e-01 1.075643997628551357e-75
5.908181117378380476e-01 1.409638549268417299e-75
5.946134552988096011e-01 1.850079278485265556e-75
5.984331796843695983e-01 2.431751876720419705e-75
6.022774415139643400e-01 3.201087334435738913e-75
6.061463984131443272e-01 4.220152316192918219e-75
6.100402090200276461e-01 5.572038005618849618e-75
6.139590329918040990e-01 7.368148328327608733e-75
6.179030310112822999e-01 9.758071709377739917e-75
6.218723647934772947e-01 1.294297219816995509e-74
6.258671970922415895e-01 1.719378196448479964e-74
6.298876917069388126e-01 2.287595402547179347e-74
6.339340134891592315e-01 3.048319192739077498e-74
6.380063283494807891e-01 4.068348205458040340e-74
6.421048032642696635e-01 5.438201200461546176e-74
6.462296062825283460e-01 7.280730156280300601e-74
6.503809065327855743e-01 9.762929219273800403e-74
6.545588742300306739e-01 1.311215041725545338e-73
6.587636806826945302e-01 1.763840529523292133e-73
6.629954982996713042e-01 2.376508455459794171e-73
6.672545005973894439e-01 3.207133963394299165e-73
6.715408622069257705e-01 4.335064563258172295e-73
6.758547588811653073e-01 5.869185183163391719e-73
6.801963675020092914e-01 7.959153329042722745e-73
6.845658660876259294e-01 1.081099805621717277e-72
6.889634337997506686e-01 1.470881243297333616e-72
6.933892509510318769e-01 2.004496842145854351e-72
6.978434990124248172e-01 2.736227050034953434e-72
7.023263606206313625e-01 3.741286089184655422e-72
7.068380195855905601e-01 5.124066764861395670e-72
7.113786608980130488e-01 7.029699406575646276e-72
7.159484707369674350e-01 9.660283760290725197e-72
7.205476364775141862e-01 1.329772061064089457e-71
7.251763466983878192e-01 1.833587976246727672e-71
7.298347911897308249e-01 2.532599766948422345e-71
7.345231609608733336e-01 3.504085270855581063e-71
7.392416482481665163e-01 4.856563724430963565e-71
7.439904465228642794e-01 6.742684905813440403e-71
7.487697504990562525e-01 9.377541799552326235e-71
7.535797561416526236e-01 1.306473307965727887e-70
7.584206606744169354e-01 1.823351831331083625e-70
7.632926625880547267e-01 2.549187780661917713e-70
7.681959616483517994e-01 3.570241538078700004e-70
7.731307589043643347e-01 5.009112546892432006e-70
7.780972566966645187e-01 7.040352387159458513e-70
7.830956586656345753e-01 9.912915651080348519e-70
7.881261697598178628e-01 1.398249955680604390e-69
7.931889962443223752e-01 1.975820945035691792e-69
7.982843457092778650e-01 2.797001462768335438e-69
8.034124270783484789e-01 3.966642889425509669e-69
8.085734506172977953e-01 5.635620893291070690e-69
8.137676279426111492e-01 8.021427138111523693e-69
8.189951720301725802e-01 1.143814664986167174e-68
8.242562972239966257e-01 1.634017689297705965e-68
8.295512192450190669e-01 2.338610228643992970e-68
8.348801551999394110e-01 3.353218442343167719e-68
8.402433235901245467e-01 4.816944690166797786e-68
8.456409443205675780e-01 6.932504775678620244e-68
8.510732387089039452e-01 9.995862661952644068e-68
8.565404294944880537e-01 1.443992171016002056e-67
8.620427408475233033e-01 2.089905792315955316e-67
8.675803983782557349e-01 3.030461279857430028e-67
8.731536291462240751e-01 4.402645939286542764e-67
8.787626616695695114e-01 6.408325959208978024e-67
8.844077259344070852e-01 9.345532344339411549e-67
8.900890534042533719e-01 1.365510064917274078e-66
8.958068770295187777e-01 1.999032953718680194e-66
9.015614312570590094e-01 2.932121420187165439e-66
9.073529520397869419e-01 4.309070936789317428e-66
9.131816768463497658e-01 6.344943549189486726e-66
9.190478446708632010e-01 9.360887392800742644e-66
9.249516960427121015e-01 1.383738787508741008e-65
9.308934730364128995e-01 2.049470740299828782e-65
9.368734192815395545e-01 3.041462761296966831e-65
9.428917799727116744e-01 4.522505448008622586e-65
9.489488018796511382e-01 6.738048445745228668e-65
9.550447333572968933e-01 1.005889316967951485e-64
9.611798243559900312e-01 1.504630560268419600e-64
9.673543264317223667e-01 2.255151567168546705e-64
9.735684927564501878e-01 3.386805874417832824e-64
9.798225781284772840e-01 5.096547754606625875e-64
9.861168389828988134e-01 7.684853748425116901e-64
9.924515334021185575e-01 1.161104471183322631e-63
9.988269211264301228e-01 1.757865373831193489e-63
1.005243263564667089e+00 2.666741782201641155e-63
1.011700823804921656e+00 4.053776020725987789e-63
1.018199866625330463e+00 6.174820350839774356e-63
1.024740658504936119e+00 9.424906138182036193e-63
1.031323467634607027e+00 1.441518359667567594e-62
1.037948563928037915e+00 2.209306847037371046e-62
1.044616219032816096e+00 3.393023473994877821e-62
1.051326706341560113e+00 5.221735554037054162e-62
1.058080301003129664e+00 8.052713630401289663e-62
1.064877279933906351e+00 1.244431979122639175e-61
1.071717921829149489e+00 1.927097643507341154e-61
1.078602507174422964e+00 2.990487669839502107e-61
1.085531318257094924e+00 4.650376386922217878e-61
1.092504639177912962e+00 7.246762119361334130e-61
1.099522755862656131e+00 1.131648889007394478e-60
1.106585956073852461e+00 1.770896332319934049e-60
1.113694529422582846e+00 2.777091728412228271e-60
1.120848767380353994e+00 4.364201859552072669e-60
1.128048963291050644e+00 6.872880352260104049e-60
1.135295412382962166e+00 1.084660623827584741e-59
1.142588411780889546e+00 1.715425454576090420e-59
1.149928260518326084e+00 2.718782186750611898e-59
1.157315259549720698e+00 4.318204770834935688e-59
1.164749711762815165e+00 6.873214830088643446e-59
1.172231921991069736e+00 1.096341980607165978e-58
1.179762197026152926e+00 1.752520614961867699e-58
1.187340845630527442e+00 2.807454131117687925e-58
1.194968178550108506e+00 4.507088394407108131e-58
1.202644508527004552e+00 7.251280976957323692e-58
1.210370150312342297e+00 1.169149296196314142e-57
1.218145420679170199e+00 1.889135326220301355e-57
1.225970638435448956e+00 3.059111088151473345e-57
1.233846124437122382e+00 4.964410433028303526e-57
1.241772201601272885e+00 8.073864913942694291e-57
1.249749194919366202e+00 1.315944898086754787e-56
1.257777431470570084e+00 2.149499550043239755e-56
1.265857240435170228e+00 3.518693050266881316e-56
1.273988953108066369e+00 5.772589320940930364e-56
1.282172902912356527e+00 9.490869795742724044e-56
1.290409425413007627e+00 1.563825188345274155e-55
1.298698858330615824e+00 2.582366761171814348e-55
1.307041541555252095e+00 4.273619019286796542e-55
1.315437817160400646e+00 7.087978796095993273e-55
1.323888029416982803e+00 1.178143627872118022e-54
1.332392524807477940e+00 1.962563504097442291e-54
1.340951652040122566e+00 3.276417271892394052e-54
1.349565762063214436e+00 5.481822756823338845e-54
1.358235208079499490e+00 9.191815098886255685e-54
1.366960345560655599e+00 1.544643337177063869e-53
1.375741532261867572e+00 2.601392353434568343e-53
1.384579128236495649e+00 4.390704364918267039e-53
1.393473495850838795e+00 7.426995003260063348e-53
1.402424999798993044e+00 1.259048591194227609e-52
1.411434007117805312e+00 2.139055330299951188e-52
1.420500887201920692e+00 3.642095862972268373e-52
1.429626011818934561e+00 6.214842517343789128e-52
1.438809755124627943e+00 1.062815239058448310e-51
1.448052493678314789e+00 1.821519000223557184e-51
1.457354606458279411e+00 3.128651830410858896e-51
1.466716474877317378e+00 5.385519217707374944e-51
1.476138482798372786e+00 9.290602135031003161e-51
1.485621016550279005e+00 1.606220299438194022e-50
1.495164464943598670e+00 2.782981092083116304e-50
1.504769219286565596e+00 4.832347204154038849e-50
1.514435673401129279e+00 8.409060308470133817e-50
1.524164223639107529e+00 1.466482531135725313e-49
1.533955268898429480e+00 2.562978340134185205e-49
1.543809210639497609e+00 4.489004197380122921e-49
1.553726452901646793e+00 7.879350699165359374e-49
1.563707402319711504e+00 1.386003713223184184e-48
1.573752468140698912e+00 2.443261706837073243e-48
1.583862062240569246e+00 4.316236053497748472e-48
1.594036599141123167e+00 7.641310552215594308e-48
1.604276496026999732e+00 1.355675395666170295e-47
1.614582172762778711e+00 2.410273899792046738e-47
1.624954051910204589e+00 4.294349607977957705e-47
1.635392558745501157e+00 7.667364070490594170e-47
1.645898121276817339e+00 1.371859719755048463e-46
1.656471170261773596e+00 2.459718291670715624e-46
1.667112139225125578e+00 4.419468752008240506e-46
1.677821464476538349e+00 7.957206797298670974e-46
1.688599585128477631e+00 1.435667327178829070e-45
1.699446943114214070e+00 2.595650163351391380e-45
1.710363983205943406e+00 4.702557398197687679e-45
1.721351153033022330e+00 8.537170351501307725e-45
1.732408903100329356e+00 1.553037102406576972e-44
1.743537686806726050e+00 2.830960135279459757e-44
1.754737960463654822e+00 5.170893125355970329e-44
1.766010183313846849e+00 9.463961129594935708e-44
1.777354817550153010e+00 1.735607226206653407e-43
1.788772328334494954e+00 3.189307876129501427e-43
1.800263183816937174e+00 5.872231281244388040e-43
1.811827855154883649e+00 1.083344600447498161e-42
1.823466816532396173e+00 2.002542510664819316e-42
1.835180545179636580e+00 3.708883843004497355e-42
1.846969521392433977e+00 6.882490657855210507e-42
1.858834228551984324e+00 1.279626744222856753e-41
1.870775153144660585e+00 2.383693736686615656e-41
1.882792784781965878e+00 4.448781546427477450e-41
1.894887616220608972e+00 8.318576379530831633e-41
1.907060143382706574e+00 1.558360301650760059e-40
1.919310865376119724e+00 2.924766032088005003e-40
1.931640284514916983e+00 5.499358389930455747e-40
1.944048906339971294e+00 1.035913783055831143e-39
1.956537239639688730e+00 1.954873910414636810e-39
1.969105796470867809e+00 3.695643693012165178e-39
1.981755092179703803e+00 6.998904773552800249e-39
1.994485645422906961e+00 1.327794791452289436e-38
2.007297978188977261e+00 2.523392125185899382e-38
2.020192615819605297e+00 4.803781415317128554e-38
2.033170087031212603e+00 9.160475715750395293e-38
2.046230923936629864e+00 1.749768016515664646e-37
2.059375662066916135e+00 3.347816986413515208e-37
2.072604840393318160e+00 6.415826819646620988e-37
2.085919001349366031e+00 1.231526926574054423e-36
2.099318690853115843e+00 2.367696176881115301e-36
2.112804458329541113e+00 4.559203733863642646e-36
2.126376856733048104e+00 8.792713637728886610e-36
2.140036442570156350e+00 1.698311881981446306e-35
2.153783775922316401e+00 3.285201314762021704e-35
2.167619420468872793e+00 6.364227880659639476e-35
2.181543943510177996e+00 1.234688945252403616e-34
2.195557915990853370e+00 2.398756390218027693e-34
2.209661912523197547e+00 4.666807083958270426e-34
2.223856511410749803e+00 9.091734964891230477e-34
2.238142294671997767e+00 1.773596065186672375e-33
2.252519848064252983e+00 3.464425518505145189e-33
2.266989761107652157e+00 6.775846310285622131e-33
2.281552627109341369e+00 1.326901300259785126e-32
2.296209043187797949e+00 2.601615425834984449e-32
2.310959610297316669e+00 5.106970315153562992e-32
2.325804933252649143e+00 1.003657107322852417e-31
2.340745620753803102e+00 1.974671784413700293e-31
2.355782285411001542e+00 3.889353470711088028e-31
2.370915543769799960e+00 7.668632664135252633e-31
2.386146016336367914e+00 1.513565589913063013e-30
2.401474327602929115e+00 2.990279453708574764e-30
2.416901106073375161e+00 5.913350500260721237e-30
2.432426984289024041e+00 1.170443706465904658e-29
2.448052598854563833e+00 2.318707182088655256e-29
2.463778590464153595e+00 4.597299531967890384e-29
2.479605603927694357e+00 9.122290578973036187e-29
2.495534288197266193e+00 1.811471635694175794e-28
2.511565296393739377e+00 3.599711256635177484e-28
2.527699285833551635e+00 7.158035822381769206e-28
2.543936918055663465e+00 1.424266772746936395e-27
2.560278858848676453e+00 2.835573472379067137e-27
2.576725778278146084e+00 5.648367874697873192e-27
2.593278350714039338e+00 1.125686797632044284e-26
2.609937254858395672e+00 2.244420960716711450e-26
2.626703173773154099e+00 4.476745537938960887e-26
2.643576794908160554e+00 8.932450960948814389e-26
2.660558810129354690e+00 1.782819490418764378e-25
2.677649915747139175e+00 3.559184824505318280e-25
2.694850812544929308e+00 7.106858040832294079e-25
2.712162205807887361e+00 1.419272295014047035e-24
2.729584805351839893e+00 2.834597490618186023e-24
2.747119325552390912e+00 5.661490806051321673e-24
2.764766485374199334e+00 1.130731867386063524e-23
2.782527008400466517e+00 2.258151561300069457e-23
2.800401622862605855e+00 4.509058878100743090e-23
2.818391061670099340e+00 9.001861735294793634e-23
2.836496062440550858e+00 1.796660995788657539e-22
2.854717367529929106e+00 3.584763990213950255e-22
2.873055724063008576e+00 7.149709135419590725e-22
2.891511883964000607e+00 1.425350894754339310e-21
2.910086603987384279e+00 2.840092839907751529e-21
2.928780645748945588e+00 5.655770650354954977e-21
2.947594775756988916e+00 1.125564005598792513e-20
2.966529765443776778e+00 2.238400814406271417e-20
2.985586391197159628e+00 4.447995210402690591e-20
3.004765434392408174e+00 8.831176117622949770e-20
3.024067681424253529e+00 1.751737275260960244e-19
3.043493923739128970e+00 3.471230234845737063e-19
3.063044957867625318e+00 6.871145352864711270e-19
3.082721585457147473e+00 1.358541054098800086e-18
3.102524613304782797e+00 2.682750944549932101e-18
3.122454853390394636e+00 5.290751121044651204e-18
3.142513122909896151e+00 1.041953891216106248e-17
3.162700244308770614e+00 2.048981485329988290e-17
3.183017045315791549e+00 4.022994728608653537e-17
3.203464358976960025e+00 7.885798380718093440e-17
3.224043023689664000e+00 1.543081520268232816e-16
3.244753883237054382e+00 3.013981733316855116e-16
3.265597786822641790e+00 5.875729239350550998e-16
3.286575589105115824e+00 1.143174492399148251e-15
3.307688150233391244e+00 2.219485675328741305e-15
3.328936335881869990e+00 4.299718320532564621e-15
3.350321017285950997e+00 8.310622384935730419e-15
3.371843071277733639e+00 1.602471426042792001e-14
3.393503380321983176e+00 3.082242564478013756e-14
3.415302832552310264e+00 5.913150439267507004e-14
3.437242321807588930e+00 1.131362280754089261e-13
3.459322747668604148e+00 2.158586205907999919e-13
3.481545015494938333e+00 4.106535018252374566e-13
3.503910036462094535e+00 7.788840199365571730e-13
3.526418727598854996e+00 1.472695895656365785e-12
3.549072011824879969e+00 2.775539727823710620e-12
3.571870817988564095e+00 5.213461188482060247e-12
3.594816080905100186e+00 9.758848112591328216e-12
3.617908741394823657e+00 1.820175333632170421e-11
3.641149746321783898e+00 3.382344260245686476e-11
3.664540048632571434e+00 6.261221889421267177e-11
3.688080607395388011e+00 1.154470853910163310e-10
3.711772387839374243e+00 2.119992994481641624e-10
3.735616361394183293e+00 3.876658234115910009e-10
3.759613505729815230e+00 7.058222916939832951e-10
3.783764804796698744e+00 1.279352354712105969e-09
3.808071248866052638e+00 2.308251592954481956e-09
3.832533834570464926e+00 4.144904520856920961e-09
3.857153564944773461e+00 7.406680185318772045e-09
3.881931449467190376e+00 1.316887227623060874e-08
3.906868504100693418e+00 2.329307095499027887e-08
3.931965751334680625e+00 4.098210801669246239e-08
3.957224220226899902e+00 7.171109935000849394e-08
3.982644946445639267e+00 1.247777390005298326e-07
4.008228972312193328e+00 2.158636489469662651e-07
4.033977346843598433e+00 3.712320997890136921e-07
4.059891125795660471e+00 6.345501676493249733e-07
4.085971371706220268e+00 1.077880322291099248e-06
4.112219153938735161e+00 1.819230924846121575e-06
4.138635548726123936e+00 3.050318822501552906e-06
4.165221639214894189e+00 5.080061839689453508e-06
4.191978515509555692e+00 8.402029008971696256e-06
4.218907274717315303e+00 1.379795158751069025e-05
4.246009020993064098e+00 2.249484200179894728e-05
4.273284865584647818e+00 3.640076881950827755e-05
4.300735926878434867e+00 5.845444983258316958e-05
4.328363330445166746e+00 9.313713365761538401e-05
4.356168209086127341e+00 1.472122651898791158e-04
4.384151702879562684e+00 2.307794929935204581e-04
4.412314959227450650e+00 3.587545799616183089e-04
4.440659132902536221e+00 5.529148989550216947e-04
4.469185386095686496e+00 8.446794799696104783e-04
4.497894888463538798e+00 1.278819456479626934e-03
4.526788817176464086e+00 1.918313525393084990e-03
4.555868356966831456e+00 2.850565352969870129e-03
4.585134700177586176e+00 4.195174474209624992e-03
4.614589046811134132e+00 6.113385066526221857e-03
4.644232604578566459e+00 8.819211868907198340e-03
4.674066588949147061e+00 1.259204290493816727e-02
4.704092223200172285e+00 1.779023048282345199e-02
4.734310738467122803e+00 2.486479786497246269e-02
4.764723373794141459e+00 3.437191399712501844e-02
4.795331376184843286e+00 4.698224643731371136e-02
4.826136000653439950e+00 6.348474183183934472e-02
4.857138510276201693e+00 8.478188242367054595e-02
4.888340176243247903e+00 1.118731355162249919e-01
4.919742277910663653e+00 1.458232859687312866e-01
4.951346102852974163e+00 1.877127681112084889e-01
4.983152946915914150e+00 2.385681318131682993e-01
5.015164114269576423e+00 2.992724852277058312e-01
5.047380917461886440e+00 3.704581714513935919e-01
5.079804677472415264e+00 4.523869564091641537e-01
5.112436723766545121e+00 5.448263790736799228e-01
5.145278394349983131e+00 6.469342292646170778e-01
5.178331035823623196e+00 7.571658162085517230e-01
5.211596003438756952e+00 8.732201303655013902e-01
5.245074661152641760e+00 9.920405511500897111e-01
5.278768381684444400e+00 1.109882925524725117e+00
5.312678546571498295e+00 1.222458433889151763e+00
5.346806546225968404e+00 1.325150879412876126e+00
5.381153779991857178e+00 1.413298581014901023e+00
5.415721656202385326e+00 1.482521089996802210e+00
5.450511592237731406e+00 1.529062013090162875e+00
5.485525014583153336e+00 1.550112965756308192e+00
5.520763358887476713e+00 1.544081574702326876e+00
5.556228070021959731e+00 1.510769461667538227e+00
5.591920602139536456e+00 1.451434442048300522e+00
5.627842418734437580e+00 1.368723985231560691e+00
5.663994992702220621e+00 1.266482618072467980e+00
5.700379806400125204e+00 1.149452044596691369e+00
5.736998351707880417e+00 1.022896682408943381e+00
5.773852130088869217e+00 8.921967130369544696e-01
5.810942652651691631e+00 7.624539909610739130e-01
5.848271440212124972e+00 6.381527372206692306e-01
5.885840023355482842e+00 5.229075641364815397e-01
5.923649942499371157e+00 4.193178193651536101e-01
5.961702747956851844e+00 3.289319726206499372e-01
6.000000000000000000e+00 2.523114319857547860e-01
