1.000000000000000021e-02 1.723961327968924303e-12
1.006423878153985853e-02 1.740450461974846319e-12
1.012889022518508909e-02 1.757115014883828541e-12
1.019395698182676974e-02 1.773957117141538008e-12
1.025944171938499710e-02 1.790978928975390940e-12
1.032534712291824537e-02 1.808182640869166395e-12
1.039167589473347954e-02 1.825570474046039153e-12
1.045843075449695916e-02 1.843144680960246302e-12
1.052561443934573945e-02 1.860907545797620973e-12
1.059322970399993041e-02 1.878861384985067537e-12
1.066127932087561000e-02 1.897008547709191333e-12
1.072976608019852313e-02 1.915351416444285462e-12
1.079869279011848836e-02 1.933892407489862886e-12
1.086806227682452809e-02 1.952633971517914755e-12
1.093787738466077755e-02 1.971578594130054920e-12
1.100814097624307555e-02 1.990728796424785699e-12
1.107885593257636019e-02 2.010087135575061791e-12
1.115002515317279307e-02 2.029656205416448812e-12
1.122165155617064515e-02 2.049438637045911186e-12
1.129373807845397183e-02 2.069437099431603385e-12
1.136628767577298887e-02 2.089654300033903243e-12
1.143930332286530530e-02 2.110092985437644920e-12
1.151278801357787616e-02 2.130755941996188463e-12
1.158674476098976898e-02 2.151645996487227015e-12
1.166117659753569506e-02 2.172766016780688711e-12
1.173608657513037536e-02 2.194118912519123425e-12
1.181147776529364000e-02 2.215707635810515412e-12
1.188735325927639877e-02 2.237535181934047288e-12
1.196371616818737126e-02 2.259604590058943009e-12
1.204056962312067582e-02 2.281918943976786863e-12
1.211791677528418522e-02 2.304481372847385521e-12
1.219576079612875140e-02 2.327295051958635210e-12
1.227410487747824033e-02 2.350363203500637968e-12
1.235295223166040304e-02 2.373689097354336766e-12
1.243230609163858968e-02 2.397276051894856114e-12
1.251216971114433099e-02 2.421127434810233961e-12
1.259254636481071422e-02 2.445246663935289224e-12
1.267343934830667505e-02 2.469637208101539363e-12
1.275485197847212558e-02 2.494302588002987875e-12
1.283678759345394972e-02 2.519246377078465895e-12
1.291924955284289370e-02 2.544472202410809433e-12
1.300224123781129268e-02 2.569983745642891216e-12
1.308576605125172203e-02 2.595784743911517702e-12
1.316982741791652631e-02 2.621878990798832990e-12
1.325442878455823648e-02 2.648270337302155782e-12
1.333957362007092036e-02 2.674962692822418204e-12
1.342526541563237967e-02 2.701960026171451673e-12
1.351150768484732194e-02 2.729266366598879927e-12
1.359830396389142236e-02 2.756885804838712928e-12
1.368565781165631719e-02 2.784822494176237393e-12
1.377357280989554081e-02 2.813080651535473739e-12
1.386205256337136142e-02 2.841664558587926880e-12
1.395110070000260549e-02 2.870578562882715276e-12
1.404072087101340856e-02 2.899827078998837561e-12
1.413091675108292360e-02 2.929414589719931790e-12
1.422169203849599044e-02 2.959345647231885135e-12
1.431305045529479743e-02 2.989624874344172926e-12
1.440499574743146251e-02 3.020256965734879375e-12
1.449753168492164644e-02 3.051246689220425870e-12
1.459066206199912362e-02 3.082598887050263330e-12
1.468439069727138849e-02 3.114318477227122740e-12
1.477872143387618312e-02 3.146410454853450717e-12
1.487365813963910204e-02 3.178879893504378270e-12
1.496920470723218238e-02 3.211731946628235323e-12
1.506536505433351235e-02 3.244971848974640881e-12
1.516214312378785789e-02 3.278604918051375691e-12
1.525954288376836498e-02 3.312636555610087484e-12
1.535756832793921424e-02 3.347072249161927383e-12
1.545622347561940654e-02 3.381917573523485844e-12
1.555551237194755312e-02 3.417178192393881969e-12
1.565543908804776368e-02 3.452859859963605559e-12
1.575600772119652854e-02 3.488968422555740789e-12
1.585722239499075259e-02 3.525509820300393029e-12
1.595908725951682844e-02 3.562490088843152846e-12
1.606160649152079192e-02 3.599915361088094804e-12
1.616478429457958096e-02 3.637791868976259404e-12
1.626862489927342198e-02 3.676125945300486534e-12
1.637313256335925366e-02 3.714924025557086744e-12
1.647831157194533033e-02 3.754192649835684384e-12
1.658416623766692174e-02 3.793938464747390562e-12
1.669070090086312991e-02 3.834168225393098395e-12
1.679791992975489603e-02 3.874888797371796753e-12
1.690582772062405176e-02 3.916107158830614624e-12
1.701442869799361587e-02 3.957830402557134895e-12
1.712372731480920826e-02 4.000065738114924272e-12
1.723372805262161217e-02 4.042820494023475701e-12
1.734443542177057859e-02 4.086102119983543931e-12
1.745585396156970961e-02 4.129918189148534206e-12
1.756798824049260119e-02 4.174276400443595195e-12
1.768084285636018285e-02 4.219184580933101191e-12
1.779442243652919892e-02 4.264650688237645583e-12
1.790873163808201496e-02 4.310682813001960068e-12
1.802377514801748598e-02 4.357289181414574649e-12
1.813955768344318459e-02 4.404478157780663569e-12
1.825608399176882266e-02 4.452258247149375316e-12
1.837335885090087689e-02 4.500638097996417307e-12
1.849138706943850852e-02 4.549626504963942230e-12
1.861017348687077008e-02 4.599232411658406494e-12
1.872972297377496417e-02 4.649464913508079388e-12
1.885004043201640375e-02 4.700333260681420291e-12
1.897113079494937293e-02 4.751846861068111584e-12
1.909299902761945472e-02 4.804015283323626144e-12
1.921565012696705224e-02 4.856848259979516915e-12
1.933908912203231162e-02 4.910355690620169321e-12
1.946332107416131815e-02 4.964547645128495620e-12
1.958835107721363517e-02 5.019434367001495329e-12
1.971418425777114042e-02 5.075026276737416848e-12
1.984082577534828848e-02 5.131333975296849979e-12
1.996828082260358739e-02 5.188368247638574071e-12
2.009655462555256372e-02 5.246140066332612662e-12
2.022565244378202176e-02 5.304660595252199853e-12
2.035557957066574247e-02 5.363941193346383869e-12
2.048634133358146273e-02 5.423993418495233166e-12
2.061794309412935330e-02 5.484829031449973954e-12
2.075039024835185000e-02 5.546459999859438039e-12
2.088368822695491761e-02 5.608898502385628068e-12
2.101784249553069472e-02 5.672156932910016569e-12
2.115285855478164778e-02 5.736247904833145958e-12
2.128874194074606083e-02 5.801184255469527182e-12
2.142549822502506224e-02 5.866979050540030966e-12
2.156313301501104965e-02 5.933645588765003658e-12
2.170165195411766917e-02 6.001197406559247442e-12
2.184106072201113039e-02 6.069648282832409547e-12
2.198136503484313456e-02 6.139012243896980860e-12
2.212257064548524971e-02 6.209303568486514750e-12
2.226468334376478786e-02 6.280536792886739067e-12
2.240770895670221238e-02 6.352726716182730320e-12
2.255165334875003022e-02 6.425888405624272082e-12
2.269652242203332518e-02 6.500037202113404296e-12
2.284232211659167552e-02 6.575188725815974544e-12
2.298905841062274386e-02 6.651358881901108276e-12
2.313673732072744557e-02 6.728563866411756470e-12
2.328536490215657451e-02 6.806820172269083372e-12
2.343494724905912513e-02 6.886144595414516003e-12
2.358549049473216558e-02 6.966554241092717283e-12
2.373700081187231706e-02 7.048066530279012032e-12
2.388948441282884652e-02 7.130699206255091569e-12
2.404294754985839000e-02 7.214470341336277331e-12
2.419739651538135167e-02 7.299398343754857495e-12
2.435283764223983988e-02 7.385501964702857001e-12
2.450927730395738649e-02 7.472800305538594987e-12
2.466672191500024827e-02 7.561312825160967645e-12
2.482517793104046036e-02 7.651059347556321005e-12
2.498465184922048221e-02 7.742060069521209475e-12
2.514515020841963031e-02 7.834335568566827138e-12
2.530667958952218660e-02 7.927906811008809914e-12
2.546924661568723824e-02 8.022795160247649532e-12
2.563285795262021383e-02 8.119022385244698560e-12
2.579752030884627234e-02 8.216610669198227127e-12
2.596324043598527420e-02 8.315582618425308680e-12
2.613002512902868127e-02 8.415961271454798352e-12
2.629788122661813263e-02 8.517770108336754770e-12
2.646681561132591815e-02 8.621033060173531729e-12
2.663683520993708614e-02 8.725774518879412437e-12
2.680794699373352172e-02 8.832019347173474765e-12
2.698015797877977365e-02 8.939792888812939871e-12
2.715347522621074441e-02 9.049120979072178929e-12
2.732790584252117738e-02 9.160029955475179629e-12
2.750345697985713198e-02 9.272546668787039760e-12
2.768013583630912419e-02 9.386698494271423596e-12
2.785794965620734878e-02 9.502513343222105873e-12
2.803690573041868125e-02 9.620019674774498622e-12
2.821701139664567828e-02 9.739246508005358371e-12
2.839827403972735795e-02 9.860223434328179707e-12
2.858070109194206510e-02 9.982980630192577723e-12
2.876430003331218940e-02 1.010754887009479053e-11
2.894907839191087490e-02 1.023395953990864804e-11
2.913504374417069318e-02 1.036224465054552919e-11
2.932220371519427687e-02 1.049243685195115132e-11
2.951056597906703480e-02 1.062456944744966234e-11
2.970013825917171973e-02 1.075867640844366612e-11
2.989092832850515427e-02 1.089479238947973243e-11
3.008294400999699664e-02 1.103295274369000267e-11
3.027619317683039393e-02 1.117319353861919071e-11
3.047068375276488703e-02 1.131555157244818283e-11
3.066642371246128262e-02 1.146006439062533276e-11
3.086342108180863478e-02 1.160677030291557982e-11
3.106168393825332885e-02 1.175570840087959115e-11
3.126122041113026800e-02 1.190691857579509172e-11
3.146203868199626275e-02 1.206044153703176724e-11
3.166414698496539809e-02 1.221631883089278896e-11
3.186755360704669748e-02 1.237459285993575274e-11
3.207226688848397594e-02 1.253530690278656111e-11
3.227829522309770549e-02 1.269850513445930083e-11
3.248564705862926755e-02 1.286423264719730561e-11
3.269433089708729395e-02 1.303253547184912681e-11
3.290435529509627005e-02 1.320346059979437403e-11
3.311572886424742762e-02 1.337705600543567529e-11
3.332846027145178192e-02 1.355337066927181871e-11
3.354255823929552793e-02 1.373245460156882633e-11
3.375803154639773346e-02 1.391435886664611261e-11
3.397488902777018316e-02 1.409913560779486575e-11
3.419313957517976926e-02 1.428683807284586764e-11
3.441279213751295696e-02 1.447752064040735432e-11
3.463385572114277555e-02 1.467123884678946540e-11
3.485633939029812722e-02 1.486804941363702024e-11
3.508025226743537173e-02 1.506801027628909504e-11
3.530560353361246462e-02 1.527118061288823237e-11
3.553240242886532285e-02 1.547762087425879300e-11
3.576065825258672309e-02 1.568739281457880653e-11
3.599038036390766332e-02 1.590055952286570961e-11
3.622157818208099345e-02 1.611718545530218623e-11
3.645426118686775213e-02 1.633733646842457967e-11
3.668843891892576564e-02 1.656107985320023281e-11
3.692412098020089045e-02 1.678848437001801322e-11
3.716131703432073302e-02 1.701962028462145902e-11
3.740003680699084676e-02 1.725455940500916385e-11
3.764029008639353802e-02 1.749337511933277392e-11
3.788208672358921170e-02 1.773614243482159381e-11
3.812543663292024959e-02 1.798293801776299781e-11
3.837034979241763649e-02 1.823384023457187950e-11
3.861683624420994554e-02 1.848892919397938005e-11
3.886490609493514770e-02 1.874828679037534932e-11
3.911456951615511352e-02 1.901199674833894854e-11
3.936583674477250189e-02 1.928014466839125721e-11
3.961871808345061863e-02 1.955281807400961155e-11
3.987322390103581471e-02 1.983010645993735628e-11
4.012936463298266698e-02 2.011210134183189707e-11
4.038715078178180956e-02 2.039889630728845128e-11
4.064659291739061014e-02 2.069058706828240699e-11
4.090770167766658721e-02 2.098727151507344912e-11
4.117048776880351951e-02 2.128904977161441752e-11
4.143496196577045598e-02 2.159602425251254408e-11
4.170113511275359841e-02 2.190829972158761997e-11
4.196901812360082779e-02 2.222598335207966140e-11
4.223862198226925602e-02 2.254918478855281249e-11
4.250995774327562260e-02 2.287801621054975300e-11
4.278303653214950847e-02 2.321259239804933396e-11
4.305786954588956134e-02 2.355303079878490108e-11
4.333446805342257291e-02 2.389945159747729586e-11
4.361284339606552596e-02 2.425197778704549026e-11
4.389300698799071532e-02 2.461073524185418936e-11
4.417497031669358892e-02 2.497585279306170358e-11
4.445874494346396810e-02 2.534746230613512795e-11
4.474434250385991851e-02 2.572569876059894450e-11
4.503177470818491707e-02 2.611070033208677659e-11
4.532105334196803725e-02 2.650260847677120031e-11
4.561219026644713209e-02 2.690156801824326091e-11
4.590519741905520201e-02 2.730772723692160448e-11
4.620008681390987831e-02 2.772123796206864708e-11
4.649687054230598054e-02 2.814225566649871589e-11
4.679556077321140456e-02 2.857093956406332651e-11
4.709616975376592490e-02 2.900745270999991072e-11
4.739870980978354992e-02 2.945196210423847108e-11
4.770319334625772872e-02 2.990463879775898416e-11
4.800963284787011787e-02 3.036565800209680767e-11
4.831804087950242882e-02 3.083519920209998667e-11
4.862843008675165474e-02 3.131344627204014693e-11
4.894081319644856543e-02 3.180058759518751422e-11
4.925520301717953298e-02 3.229681618696078843e-11
4.957161243981170196e-02 3.280232982176937093e-11
4.989005443802165679e-02 3.331733116366685259e-11
5.021054206882722554e-02 3.384202790094030457e-11
5.053308847312291963e-02 3.437663288476472248e-11
5.085770687621885000e-02 3.492136427205444921e-11
5.118441058838280738e-02 3.547644567265298556e-11
5.151321300538615200e-02 3.604210630099724062e-11
5.184412760905307560e-02 3.661858113241228096e-11
5.217716796781331906e-02 3.720611106418310604e-11
5.251234773725860228e-02 3.780494308156545452e-11
5.284968066070245413e-02 3.841533042889882847e-11
5.318918056974386577e-02 3.903753278599217370e-11
5.353086138483425377e-02 3.967181644995624713e-11
5.387473711584830210e-02 4.031845452267062215e-11
5.422082186265853032e-02 4.097772710406603221e-11
5.456912981571321319e-02 4.164992149142754236e-11
5.491967525661839433e-02 4.233533238491249672e-11
5.527247255872337617e-02 4.303426209950076463e-11
5.562753618771013736e-02 4.374702078358894019e-11
5.598488070218642088e-02 4.447392664446269080e-11
5.634452075428270090e-02 4.521530618087111042e-11
5.670647109025290372e-02 4.597149442295352585e-11
5.707074655107920863e-02 4.674283517976897171e-11
5.743736207308031833e-02 4.752968129468711246e-11
5.780633268852414935e-02 4.833239490891093785e-11
5.817767352624399896e-02 4.915134773341693884e-11
5.855139981225895157e-02 4.998692132959511672e-11
5.892752687039821274e-02 5.083950739890014932e-11
5.930607012292937047e-02 5.170950808181679821e-11
5.968704509119080598e-02 5.259733626647408059e-11
6.007046739622807358e-02 5.350341590723582086e-11
6.045635275943438830e-02 5.442818235362550573e-11
6.084471700319537407e-02 5.537208268993845494e-11
6.123557605153762129e-02 5.633557608592807281e-11
6.162894593078183103e-02 5.731913415894690982e-11
6.202484277019974790e-02 5.832324134795644763e-11
6.242328280267563784e-02 5.934839529981540458e-11
6.282428236537182520e-02 6.039510726829624394e-11
6.322785790039857357e-02 6.146390252627141225e-11
6.363402595548825480e-02 6.255532079154576352e-11
6.404280318467388267e-02 6.366991666682453081e-11
6.445420634897189305e-02 6.480826009431927980e-11
6.486825231706953854e-02 6.597093682552167934e-11
6.528495806601640472e-02 6.715854890669427233e-11
6.570434068192053390e-02 6.837171518064156993e-11
6.612641736064915621e-02 6.961107180535755593e-11
6.655120540853358413e-02 7.087727279015534322e-11
6.697872224307888089e-02 7.217099054992392477e-11
6.740898539367808084e-02 7.349291647817177298e-11
6.784201250233087843e-02 7.484376153953980218e-11
6.827782132436703566e-02 7.622425688250760635e-11
6.871642972917434145e-02 7.763515447302890433e-11
6.915785570093148371e-02 7.907722774987437579e-11
6.960211733934519585e-02 8.055127230247523141e-11
7.004923286039253794e-02 8.205810657211908709e-11
7.049922059706788258e-02 8.359857257734675175e-11
7.095209900013441096e-02 8.517353666446776320e-11
7.140788663888081311e-02 8.678389028412322120e-11
7.186660220188260950e-02 8.843055079487947405e-11
7.232826449776846855e-02 9.011446229486304706e-11
7.279289245599139535e-02 9.183659648249291568e-11
7.326050512760487465e-02 9.359795354741804121e-11
7.373112168604402383e-02 9.539956309278372606e-11
7.420476142791186669e-02 9.724248509003964195e-11
7.468144377377032572e-02 9.912781086751518026e-11
7.516118826893676552e-02 1.010566641340410231e-10
7.564401458428519909e-02 1.030302020389846528e-10
7.612994251705297588e-02 1.050496162700672966e-10
7.661899199165246588e-02 1.071161341904307468e-10
7.711118306048804494e-02 1.092310200164684822e-10
7.760653590477831210e-02 1.113955760379838138e-10
7.810507083538353879e-02 1.136111438823282171e-10
7.860680829363843325e-02 1.158791058242257151e-10
7.911176885219048383e-02 1.182008861430498724e-10
7.961997321584320109e-02 1.205779525294297834e-10
8.013144222240539682e-02 1.230118175430946908e-10
8.064619684354527862e-02 1.255040401239811248e-10
8.116425818565056738e-02 1.280562271586932513e-10
8.168564749069383291e-02 1.306700351045028195e-10
8.221038613710347775e-02 1.333471716731713817e-10
8.273849564064035544e-02 1.360893975769474650e-10
8.326999765527991204e-02 1.388985283392402981e-10
8.380491397410007315e-02 1.417764361725231069e-10
8.434326653017495956e-02 1.447250519261715073e-10
8.488507739747394587e-02 1.477463671070332003e-10
8.543036879176692244e-02 1.508424359756479095e-10
8.597916307153530280e-02 1.540153777211753639e-10
8.653148273888852660e-02 1.572673787182087324e-10
8.708735044048687701e-02 1.606006948687827501e-10
8.764678896847001577e-02 1.640176540330456545e-10
8.820982126139158275e-02 1.675206585522124763e-10
8.877647040515962429e-02 1.711121878675397563e-10
8.934675963398325260e-02 1.747948012392884851e-10
8.992071233132541141e-02 1.785711405697592877e-10
9.049835203086145641e-02 1.824439333346772316e-10
9.107970241744417494e-02 1.864159956274236380e-10
9.166478732807512020e-02 1.904902353207572926e-10
9.225363075288169068e-02 1.946696553509118322e-10
9.284625683610100988e-02 1.989573571291635771e-10
9.344268987706978724e-02 2.033565440861734318e-10
9.404295433122077108e-02 2.078705253546774315e-10
9.464707481108537712e-02 2.125027195963012062e-10
9.525507608730292286e-02 2.172566589785728410e-10
9.586698308963639836e-02 2.221359933084784514e-10
9.648282090799444044e-02 2.271444943291423518e-10
9.710261479346017632e-02 2.322860601865862586e-10
9.772639015932678419e-02 2.375647200737648545e-10
9.835417258213917380e-02 2.429846390594487145e-10
9.898598780274293907e-02 2.485501231098538090e-10
9.962186172733968059e-02 2.542656243112533290e-10
1.002618204285493225e-01 2.601357463022443571e-10
1.009058901464790770e-01 2.661652499246612766e-10
1.015540972897995414e-01 2.723590591026043975e-10
1.022064684368272219e-01 2.787222669594485479e-10
1.028630303366146054e-01 2.852601421831844686e-10
1.035238099100467546e-01 2.919781356508748962e-10
1.041888342509452864e-01 2.988818873235823184e-10
1.048581306271791219e-01 3.059772334235624453e-10
1.055317264817828560e-01 3.132702139061460991e-10
1.062096494340815794e-01 3.207670802392794038e-10
1.068919272808236676e-01 3.284743035042691668e-10
1.075785879973203824e-01 3.363985828319989058e-10
1.082696597385929549e-01 3.445468541894737537e-10
1.089651708405271757e-01 3.529262995322656557e-10
1.096651498210349657e-01 3.615443563392284044e-10
1.103696253812238987e-01 3.704087275465617729e-10
1.110786264065739409e-01 3.795273918991359488e-10
1.117921819681218232e-01 3.889086147378558006e-10
1.125103213236532396e-01 3.985609592427403472e-10
1.132330739189021801e-01 4.084932981523296851e-10
1.139604693887584785e-01 4.187148259809937433e-10
1.146925375584828821e-01 4.292350717568605027e-10
1.154293084449299622e-01 4.400639123040103429e-10
1.161708122577790325e-01 4.512115860939103930e-10
1.169170794007725611e-01 4.626887076921681838e-10
1.176681404729630065e-01 4.745062828279271534e-10
1.184240262699674112e-01 4.866757241147265971e-10
1.191847677852300308e-01 4.992088674528138403e-10
1.199503962112934419e-01 5.121179891446294092e-10
1.207209429410771029e-01 5.254158237565182491e-10
1.214964395691648658e-01 5.391155827615480097e-10
1.222769178931002731e-01 5.532309739998737698e-10
1.230624099146904044e-01 5.677762219950240754e-10
1.238529478413182422e-01 5.827660891663394605e-10
1.246485640872628253e-01 5.982158979797773732e-10
1.254492912750286848e-01 6.141415540814683630e-10
1.262551622366833437e-01 6.305595704606223375e-10
1.270662100152034346e-01 6.474870926906468589e-10
1.278824678658298797e-01 6.649419252999593420e-10
1.287039692574309668e-01 6.829425593264043386e-10
1.295307478738750295e-01 7.015082011120545175e-10
1.303628376154114810e-01 7.206588023980319590e-10
1.312002726000606467e-01 7.404150917819001293e-10
1.320430871650131455e-01 7.607986076036580866e-10
1.328913158680373185e-01 7.818317323293794113e-10
1.337449934888964298e-01 8.035377285054156570e-10
1.346041550307747192e-01 8.259407763596714963e-10
1.354688357217126438e-01 8.490660131304272418e-10
1.363390710160511665e-01 8.729395742073699519e-10
1.372148965958858990e-01 8.975886361739691758e-10
1.380963483725296259e-01 9.230414618447672827e-10
1.389834624879851266e-01 9.493274473962791215e-10
1.398762753164270178e-01 9.764771716952633732e-10
1.407748234656930331e-01 1.004522447933448385e-09
1.416791437787855157e-01 1.033496377683804745e-09
1.425892733353814612e-01 1.063433407499307286e-09
1.435052494533533285e-01 1.094369388181543707e-09
1.444271096902990104e-01 1.126341636853543426e-09
1.453548918450817407e-01 1.159389001977883719e-09
1.462886339593803264e-01 1.193551931469173884e-09
1.472283743192484284e-01 1.228872544057550509e-09
1.481741514566846940e-01 1.265394704068539707e-09
1.491260041512126600e-01 1.303164099793295154e-09
1.500839714314707585e-01 1.342228325632838570e-09
1.510480925768128146e-01 1.382636968209550442e-09
1.520184071189182307e-01 1.424441696650016353e-09
1.529949548434131612e-01 1.467696357254020231e-09
1.539777757915017919e-01 1.512457072776594622e-09
1.549669102616080818e-01 1.558782346562001827e-09
1.559623988110283022e-01 1.606733171782038776e-09
1.569642822575936791e-01 1.656373146044551258e-09
1.579726016813443046e-01 1.707768591653033717e-09
1.589873984262133721e-01 1.760988681813309614e-09
1.600087141017224879e-01 1.816105573100140548e-09
1.610365905846878887e-01 1.873194544513508304e-09
1.620710700209372357e-01 1.932334143473150159e-09
1.631121948270378430e-01 1.993606339118837929e-09
1.641600076920359252e-01 2.057096683305235839e-09
1.652145515792068364e-01 2.122894479700959317e-09
1.662758697278170772e-01 2.191092961425630154e-09
1.673440056548965715e-01 2.261789477682218068e-09
1.684190031570235446e-01 2.335085689868652073e-09
1.695009063121200032e-01 2.411087777679461248e-09
1.705897594812591511e-01 2.489906655737756832e-09
1.716856073104844893e-01 2.571658201328448377e-09
1.727884947326401022e-01 2.656463493836219437e-09
1.738984669692131835e-01 2.744449066526574477e-09
1.750155695321883587e-01 2.835747171344840437e-09
1.761398482259134701e-01 2.930496057446789981e-09
1.772713491489782689e-01 3.028840264216259913e-09
1.784101186961039864e-01 3.130930929568393978e-09
1.795562035600458961e-01 3.236926114383702127e-09
1.807096507335079205e-01 3.346991143967915450e-09
1.818705075110692848e-01 3.461298967483879317e-09
1.830388214911238820e-01 3.580030536358241420e-09
1.842146405778320173e-01 3.703375202723867092e-09
1.853980129830842816e-01 3.831531139021622780e-09
1.865889872284786921e-01 3.964705779951767378e-09
1.877876121473100457e-01 4.103116288035323218e-09
1.889939368865722058e-01 4.246990044120741054e-09
1.902080109089736293e-01 4.396565164250909908e-09
1.914298839949648834e-01 4.552091044389650874e-09
1.926596062447801794e-01 4.713828934596923529e-09
1.938972280804915349e-01 4.882052544336929306e-09
1.951428002480760926e-01 5.057048680705403433e-09
1.963963738194973163e-01 5.239117921469061846e-09
1.976580001947984278e-01 5.428575324925726670e-09
1.989277311042103036e-01 5.625751178714771246e-09
2.002056186102726121e-01 5.830991789837685093e-09
2.014917151099682446e-01 6.044660318285720571e-09
2.027860733368722912e-01 6.267137656818337300e-09
2.040887463633135890e-01 6.498823359592606701e-09
2.053997876025512315e-01 6.740136622509047753e-09
2.067192508109645666e-01 6.991517318316308935e-09
2.080471900902573501e-01 7.253427089704944166e-09
2.093836598896762768e-01 7.526350503820924186e-09
2.107287150082431670e-01 7.810796271842595773e-09
2.120824105970021134e-01 8.107298537491485068e-09
2.134448021612808388e-01 8.416418238589156812e-09
2.148159455629664039e-01 8.738744546030148647e-09
2.161958970227961241e-01 9.074896384815740232e-09
2.175847131226622266e-01 9.425524042083323176e-09
2.189824508079321608e-01 9.791310867381465597e-09
2.203891673897835080e-01 1.017297507076977461e-08
2.218049205475537411e-01 1.057127162467762139e-08
2.232297683311057490e-01 1.098699427583439905e-08
2.246637691632072387e-01 1.142097767398435215e-08
2.261069818419268740e-01 1.187409962453093737e-08
2.275594655430448754e-01 1.234728347271127919e-08
2.290212798224794122e-01 1.284150062739150835e-08
2.304924846187288989e-01 1.335777323309501827e-08
2.319731402553290578e-01 1.389717699943118311e-08
2.334633074433267730e-01 1.446084419768707352e-08
2.349630472837692108e-01 1.504996683497855488e-08
2.364724212702093431e-01 1.566580001703401312e-08
2.379914912912270419e-01 1.630966551140590351e-08
2.395203196329672712e-01 1.698295552368148741e-08
2.410589689816931835e-01 1.768713670008242066e-08
2.426075024263570079e-01 1.842375437073031448e-08
2.441659834611867586e-01 1.919443704879369691e-08
2.457344759882894025e-01 2.000090120173950442e-08
2.473130443202717077e-01 2.084495631198682978e-08
2.489017531828764396e-01 2.172851024541081431e-08
2.505006677176366825e-01 2.265357494737635670e-08
2.521098534845468420e-01 2.362227248729191891e-08
2.537293764647506888e-01 2.463684147408365216e-08
2.553593030632470007e-01 2.569964386649381760e-08
2.569997001116120505e-01 2.681317220371196497e-08
2.586506348707399150e-01 2.798005728357980622e-08
2.603121750336006568e-01 2.920307631744079519e-08
2.619843887280153827e-01 3.048516159268875230e-08
2.636673445194505638e-01 3.182940967617535861e-08
2.653611114138285099e-01 3.323909119389949005e-08
2.670657588603572163e-01 3.471766122482296040e-08
2.687813567543779203e-01 3.626877034924956269e-08
2.705079754402308634e-01 3.789627639497997264e-08
2.722456857141403175e-01 3.960425692743904268e-08
2.739945588271162635e-01 4.139702253314694589e-08
2.757546664878767206e-01 4.327913094933733685e-08
2.775260808657878386e-01 4.525540209617959823e-08
2.793088745938227535e-01 4.733093407199008548e-08
2.811031207715403712e-01 4.951112017603101342e-08
2.829088929680818598e-01 5.180166702800451658e-08
2.847262652251878468e-01 5.420861385819502661e-08
2.865553120602338799e-01 5.673835304740399203e-08
2.883961084692860388e-01 5.939765200139876421e-08
2.902487299301764190e-01 6.219367645056007524e-08
2.921132524055969903e-01 6.513401527185136737e-08
2.939897523462150497e-01 6.822670693709593394e-08
2.958783066938076023e-01 7.148026769895242849e-08
2.977789928844161160e-01 7.490372163391828046e-08
2.996918888515222035e-01 7.850663267019285420e-08
3.016170730292422331e-01 8.229913873740951866e-08
3.035546243555439228e-01 8.629198818504931486e-08
3.055046222754828622e-01 9.049657862693385537e-08
3.074671467444600181e-01 9.492499838051915292e-08
3.094422782314999454e-01 9.959007068190900557e-08
3.114300977225508693e-01 1.045054008706229375e-07
3.134306867238044192e-01 1.096854267522149965e-07
3.154441272650382322e-01 1.151454723619989403e-07
3.174705019029792075e-01 1.209018053693997110e-07
3.195098937246885207e-01 1.269716983799790298e-07
3.215623863509688429e-01 1.333734944109777700e-07
3.236280639397923764e-01 1.401266768365050265e-07
3.257070111897519271e-01 1.472519441202723880e-07
3.277993133435337936e-01 1.547712896772132898e-07
3.299050561914126933e-01 1.627080872305753928e-07
3.320243260747701708e-01 1.710871820581960608e-07
3.341572098896337661e-01 1.799349885509316287e-07
3.363037950902406092e-01 1.892795945376529931e-07
3.384641696926233290e-01 1.991508728651065855e-07
3.406384222782185556e-01 2.095806007574245185e-07
3.428266419974997370e-01 2.206025875193735421e-07
3.450289185736318265e-01 2.322528111897256240e-07
3.472453423061502842e-01 2.445695647967706265e-07
3.494760040746641150e-01 2.575936129170909818e-07
3.517209953425813884e-01 2.713683592916787637e-07
3.539804081608607378e-01 2.859400263105186453e-07
3.562543351717842866e-01 3.013578472382547693e-07
3.585428696127570536e-01 3.176742721199096338e-07
3.608461053201297841e-01 3.349451883769860219e-07
3.631641367330464831e-01 3.532301571815229533e-07
3.654970588973169843e-01 3.725926667786215497e-07
3.678449674693134996e-01 3.931004040177375872e-07
3.702079587198932598e-01 4.148255454496680357e-07
3.725861295383456340e-01 4.378450694505305510e-07
3.749795774363649525e-01 4.622410909465129157e-07
3.773884005520492524e-01 4.881012204347927205e-07
3.798126976539232258e-01 5.155189491268696527e-07
3.822525681449886470e-01 5.445940621823255352e-07
3.847081120668002230e-01 5.754330821534559745e-07
3.871794301035670349e-01 6.081497449263232521e-07
3.896666235862820127e-01 6.428655106217356863e-07
3.921697944968753347e-01 6.797101121116875135e-07
3.946890454723969155e-01 7.188221440147873646e-07
3.972244798092245399e-01 7.603496952580100552e-07
3.997762014672994191e-01 8.044510285344730289e-07
4.023443150743883923e-01 8.512953102486158566e-07
4.049289259303751609e-01 9.010633948226456244e-07
4.075301400115762251e-01 9.539486675436051232e-07
4.101480639750873514e-01 1.010157950460498159e-06
4.127828051631564632e-01 1.069912476197346036e-06
4.154344716075848432e-01 1.133448934933754588e-06
4.181031720341574220e-01 1.201020600220966540e-06
4.207890158670998249e-01 1.272898539751974268e-06
4.234921132335656702e-01 1.349372917690977568e-06
4.262125749681520692e-01 1.430754395694064281e-06
4.289505126174437688e-01 1.517375640321976082e-06
4.317060384445879917e-01 1.609592945161582273e-06
4.344792654338959226e-01 1.707787976638100609e-06
4.372703072954765013e-01 1.812369653219971632e-06
4.400792784698985827e-01 1.923776168497216024e-06
4.429062941328829606e-01 2.042477169455685101e-06
4.457514702000259788e-01 2.168976102181349151e-06
4.486149233315510076e-01 2.303812738213685356e-06
4.514967709370925619e-01 2.447565895833821487e-06
4.543971311805105051e-01 2.600856371726567685e-06
4.573161229847345632e-01 2.764350099703438088e-06
4.602538660366416456e-01 2.938761554524587632e-06
4.632104807919619205e-01 3.124857420318704672e-06
4.661860884802186966e-01 3.323460544681345306e-06
4.691808111096988365e-01 3.535454201243894306e-06
4.721947714724555323e-01 3.761786685356816874e-06
4.752280931493437777e-01 4.003476269535988127e-06
4.782809005150861492e-01 4.261616547489205554e-06
4.813533187433736704e-01 4.537382197889263964e-06
4.844454738119977621e-01 4.832035201599690609e-06
4.875574925080157218e-01 5.146931548810630325e-06
4.906895024329500643e-01 5.483528475519342318e-06
4.938416320080192268e-01 5.843392272010837527e-06
4.970140104794042446e-01 6.228206709483650330e-06
5.002067679235477904e-01 6.639782134738623034e-06
5.034200352524874633e-01 7.080065286936070353e-06
5.066539442192246057e-01 7.551149894847609296e-06
5.099086274231252602e-01 8.055288117816317595e-06
5.131842183153575432e-01 8.594902898818264955e-06
5.164808512043638222e-01 9.172601303626271837e-06
5.197986612613673119e-01 9.791188926142887911e-06
5.231377845259151949e-01 1.045368544653758757e-05
5.264983579114558276e-01 1.116334143592788052e-05
5.298805192109525830e-01 1.192365650903437384e-05
5.332844071025344412e-01 1.273839893455940727e-05
5.367101611551816642e-01 1.361162682204134488e-05
5.401579218344484401e-01 1.454771101367603954e-05
5.436278305082230533e-01 1.555135982013387718e-05
5.471200294525235819e-01 1.662764575079636343e-05
5.506346618573316753e-01 1.778203440116700432e-05
5.541718718324643023e-01 1.902041567354071749e-05
5.577318044134820241e-01 2.034913752143512820e-05
5.613146055676369039e-01 2.177504242387914496e-05
5.649204221998559428e-01 2.330550681250283479e-05
5.685494021587660374e-01 2.494848369260171082e-05
5.722016942427554653e-01 2.671254871903319423e-05
5.758774482060748934e-01 2.860695000909028535e-05
5.795768147649789093e-01 3.064166199749297672e-05
5.832999456039044128e-01 3.282744366347820498e-05
5.870469933816904184e-01 3.517590148680693047e-05
5.908181117378380476e-01 3.769955751848464527e-05
5.946134552988096011e-01 4.041192298327942871e-05
5.984331796843695983e-01 4.332757786490002859e-05
6.022774415139643400e-01 4.646225696114881425e-05
6.061463984131443272e-01 4.983294293569709351e-05
6.100402090200276461e-01 5.345796693555762344e-05
6.139590329918040990e-01 5.735711738908760648e-05
6.179030310112822999e-01 6.155175764868656726e-05
6.218723647934772947e-01 6.606495319552099126e-05
6.258671970922415895e-01 7.092160918090791456e-05
6.298876917069388126e-01 7.614861914068752062e-05
6.339340134891592315e-01 8.177502578537739592e-05
6.380063283494807891e-01 8.783219484041533567e-05
6.421048032642696635e-01 9.435400298776490022e-05
6.462296062825283460e-01 1.013770410429316963e-04
6.503809065327855743e-01 1.089408335904385486e-04
6.545588742300306739e-01 1.170880763964348337e-04
6.587636806826945302e-01 1.258648930198747904e-04
6.629954982996713042e-01 1.353211121539580914e-04
6.672545005973894439e-01 1.455105673479434813e-04
6.715408622069257705e-01 1.564914208863589712e-04
6.758547588811653073e-01 1.683265137387311629e-04
6.801963675020092914e-01 1.810837436387829989e-04
6.845658660876259294e-01 1.948364735080914496e-04
6.889634337997506686e-01 2.096639726062914458e-04
6.933892509510318769e-01 2.256518929684622743e-04
6.978434990124248172e-01 2.428927838811917328e-04
7.023263606206313625e-01 2.614866473525527036e-04
7.068380195855905601e-01 2.815415377486081821e-04
7.113786608980130488e-01 3.031742090007811131e-04
7.159484707369674350e-01 3.265108130352051491e-04
7.205476364775141862e-01 3.516876533377746102e-04
7.251763466983878192e-01 3.788519978477227260e-04
7.298347911897308249e-01 4.081629556690128920e-04
7.345231609608733336e-01 4.397924224031560117e-04
7.392416482481665163e-01 4.739260992402723606e-04
7.439904465228642794e-01 5.107645912976330671e-04
7.487697504990562525e-01 5.505245910674115301e-04
7.535797561416526236e-01 5.934401532285052796e-04
7.584206606744169354e-01 6.397640674913486871e-04
7.632926625880547267e-01 6.897693365805312570e-04
7.681959616483517994e-01 7.437507669173747116e-04
7.731307589043643347e-01 8.020266800444149401e-04
7.780972566966645187e-01 8.649407533354092677e-04
7.830956586656345753e-01 9.328639990580936620e-04
7.881261697598178628e-01 1.006196891402479825e-03
7.931889962443223752e-01 1.085371651653843205e-03
7.982843457092778650e-01 1.170854702276292059e-03
8.034124270783484789e-01 1.263149301278726011e-03
8.085734506172977953e-01 1.362798368858370197e-03
8.137676279426111492e-01 1.470387518956302493e-03
8.189951720301725802e-01 1.586548309011790239e-03
8.242562972239966257e-01 1.711961721864947066e-03
8.295512192450190669e-01 1.847361894427297473e-03
8.348801551999394110e-01 1.993540108411735994e-03
8.402433235901245467e-01 2.151349059084405654e-03
8.456409443205675780e-01 2.321707418662859700e-03
8.510732387089039452e-01 2.505604711633408269e-03
8.565404294944880537e-01 2.704106519886546531e-03
8.620427408475233033e-01 2.918360036164313782e-03
8.675803983782557349e-01 3.149599984869019126e-03
8.731536291462240751e-01 3.399154929785034706e-03
8.787626616695695114e-01 3.668453988704432032e-03
8.844077259344070852e-01 3.959033975307387626e-03
8.900890534042533719e-01 4.272546988913462733e-03
8.958068770295187777e-01 4.610768472874626073e-03
9.015614312570590094e-01 4.975605762401968946e-03
9.073529520397869419e-01 5.369107142487727045e-03
9.131816768463497658e-01 5.793471436276287356e-03
9.190478446708632010e-01 6.251058143725911689e-03
9.249516960427121015e-01 6.744398149661302855e-03
9.308934730364128995e-01 7.276205019310443868e-03
9.368734192815395545e-01 7.849386898117356390e-03
9.428917799727116744e-01 8.467059030986736484e-03
9.489488018796511382e-01 9.132556914109003776e-03
9.550447333572968933e-01 9.849450090090267756e-03
9.611798243559900312e-01 1.062155659423089440e-02
9.673543264317223667e-01 1.145295805640466139e-02
9.735684927564501878e-01 1.234801545904168525e-02
9.798225781284772840e-01 1.331138554715806041e-02
9.861168389828988134e-01 1.434803788114417250e-02
9.924515334021185575e-01 1.546327251707115165e-02
9.988269211264301228e-01 1.666273829252963579e-02
1.005243263564667089e+00 1.795245168842687575e-02
1.011700823804921656e+00 1.933881622866550146e-02
1.018199866625330463e+00 2.082864237015013414e-02
1.024740658504936119e+00 2.242916782505646398e-02
1.031323467634607027e+00 2.414807824567594477e-02
1.037948563928037915e+00 2.599352818938537382e-02
1.044616219032816096e+00 2.797416226728985378e-02
1.051326706341560113e+00 3.009913636483402960e-02
1.058080301003129664e+00 3.237813880610068695e-02
1.064877279933906351e+00 3.482141131558996044e-02
1.071717921829149489e+00 3.743976961196684300e-02
1.078602507174422964e+00 4.024462344756022519e-02
1.085531318257094924e+00 4.324799588529648631e-02
1.092504639177912962e+00 4.646254158126722489e-02
1.099522755862656131e+00 4.990156381629957255e-02
1.106585956073852461e+00 5.357902999376738806e-02
1.113694529422582846e+00 5.750958529357199506e-02
1.120848767380353994e+00 6.170856414378080024e-02
1.128048963291050644e+00 6.619199914206327917e-02
1.135295412382962166e+00 7.097662702892966469e-02
1.142588411780889546e+00 7.607989128412390167e-02
1.149928260518326084e+00 8.151994088658992554e-02
1.157315259549720698e+00 8.731562474756766890e-02
1.164749711762815165e+00 9.348648129592121436e-02
1.172231921991069736e+00 1.000527226652273144e-01
1.179762197026152926e+00 1.070352129038802530e-01
1.187340845630527442e+00 1.144554396031663007e-01
1.194968178550108506e+00 1.223354783143858066e-01
1.202644508527004552e+00 1.306979491055000608e-01
1.210370150312342297e+00 1.395659645911030422e-01
1.218145420679170199e+00 1.489630687576218027e-01
1.225970638435448956e+00 1.589131658994525909e-01
1.233846124437122382e+00 1.694404389821412837e-01
1.241772201601272885e+00 1.805692567568060181e-01
1.249749194919366202e+00 1.923240689668021530e-01
1.257777431470570084e+00 2.047292890142586308e-01
1.265857240435170228e+00 2.178091634918349062e-01
1.273988953108066369e+00 2.315876280348535543e-01
1.282172902912356527e+00 2.460881490122508453e-01
1.290409425413007627e+00 2.613335506525934493e-01
1.298698858330615824e+00 2.773458272949556602e-01
1.307041541555252095e+00 2.941459405647857683e-01
1.315437817160400646e+00 3.117536014030719560e-01
1.323888029416982803e+00 3.301870370239498031e-01
1.332392524807477940e+00 3.494627430422126424e-01
1.340951652040122566e+00 3.695952211983787872e-01
1.349565762063214436e+00 3.905967033155773316e-01
1.358235208079499490e+00 4.124768623492219288e-01
1.366960345560655599e+00 4.352425116372973801e-01
1.375741532261867572e+00 4.588972937251483697e-01
1.384579128236495649e+00 4.834413604229544359e-01
1.393473495850838795e+00 5.088710460550074366e-01
1.402424999798993044e+00 5.351785361753621517e-01
1.411434007117805312e+00 5.623515343517589971e-01
1.420500887201920692e+00 5.903729299556860211e-01
1.429626011818934561e+00 6.192204702371667535e-01
1.438809755124627943e+00 6.488664403036310535e-01
1.448052493678314789e+00 6.792773549581950787e-01
1.457354606458279411e+00 7.104136666773578357e-01
1.466716474877317378e+00 7.422294943155336444e-01
1.476138482798372786e+00 7.746723774063017931e-01
1.485621016550279005e+00 8.076830611802480187e-01
1.495164464943598670e+00 8.411953176282487288e-01
1.504769219286565596e+00 8.751358080983887566e-01
1.514435673401129279e+00 9.094239930151940543e-01
1.524164223639107529e+00 9.439720943423119959e-01
1.533955268898429480e+00 9.786851163647077856e-01
1.543809210639497609e+00 1.013460930235170698e+00
1.553726452901646793e+00 1.048190427503085109e+00
1.563707402319711504e+00 1.082757747513612312e+00
1.573752468140698912e+00 1.117040583125046282e+00
1.583862062240569246e+00 1.150910568635419517e+00
1.594036599141123167e+00 1.184233753131909150e+00
1.604276496026999732e+00 1.216871161675624924e+00
1.614582172762778711e+00 1.248679445809411703e+00
1.624954051910204589e+00 1.279511623829314493e+00
1.635392558745501157e+00 1.309217910095751947e+00
1.645898121276817339e+00 1.337646631386287144e+00
1.656471170261773596e+00 1.364645226918188792e+00
1.667112139225125578e+00 1.390061327210679210e+00
1.677821464476538349e+00 1.413743905430844938e+00
1.688599585128477631e+00 1.435544493295168200e+00
1.699446943114214070e+00 1.455318452004778385e+00
1.710363983205943406e+00 1.472926287104930676e+00
1.721351153033022330e+00 1.488234994608597983e+00
1.732408903100329356e+00 1.501119424244099498e+00
1.743537686806726050e+00 1.511463644312947885e+00
1.754737960463654822e+00 1.519162291414123622e+00
1.766010183313846849e+00 1.524121887242368079e+00
1.777354817550153010e+00 1.526262103839335360e+00
1.788772328334494954e+00 1.525516958104114584e+00
1.800263183816937174e+00 1.521835916088847718e+00
1.811827855154883649e+00 1.515184887647491152e+00
1.823466816532396173e+00 1.505547092398626052e+00
1.835180545179636580e+00 1.492923778728313167e+00
1.846969521392433977e+00 1.477334778711508978e+00
1.858834228551984324e+00 1.458818883377816622e+00
1.870775153144660585e+00 1.437434024688111212e+00
1.882792784781965878e+00 1.413257252911664263e+00
1.894887616220608972e+00 1.386384500778118589e+00
1.907060143382706574e+00 1.356930128793125911e+00
1.919310865376119724e+00 1.325026249408473911e+00
1.931640284514916983e+00 1.290821831274612697e+00
1.944048906339971294e+00 1.254481588512807777e+00
1.956537239639688730e+00 1.216184663754536821e+00
1.969105796470867809e+00 1.176123117527840156e+00
1.981755092179703803e+00 1.134500240339046284e+00
1.994485645422906961e+00 1.091528707414568755e+00
2.007297978188977261e+00 1.047428599439772734e+00
2.020192615819605297e+00 1.002425315670740114e+00
2.033170087031212603e+00 9.567474084124429901e-01
2.046230923936629864e+00 9.106243699732549102e-01
2.059375662066916135e+00 8.642844047488943415e-01
2.072604840393318160e+00 8.179522199989739395e-01
2.085919001349366031e+00 7.718468691104951596e-01
2.099318690853115843e+00 7.261796806653135761e-01
2.112804458329541113e+00 6.811523054317946135e-01
2.126376856733048104e+00 6.369549114925938671e-01
2.140036442570156350e+00 5.937645551286185874e-01
2.153783775922316401e+00 5.517437518528570672e-01
2.167619420468872793e+00 5.110392681937490078e-01
2.181543943510177996e+00 4.717811505523983873e-01
2.195557915990853370e+00 4.340820028027240762e-01
2.209661912523197547e+00 3.980365193833129700e-01
2.223856511410749803e+00 3.637212755690613086e-01
2.238142294671997767e+00 3.311947715403250614e-01
2.252519848064252983e+00 3.004977219196379168e-01
2.266989761107652157e+00 2.716535777515111105e-01
2.281552627109341369e+00 2.446692635820116035e-01
2.296209043187797949e+00 2.195361084647002303e-01
2.310959610297316669e+00 1.962309464744443066e-01
2.325804933252649143e+00 1.747173597300781256e-01
2.340745620753803102e+00 1.549470350682833342e-01
2.355782285411001542e+00 1.368612044092686331e-01
2.370915543769799960e+00 1.203921385203953753e-01
2.386146016336367914e+00 1.054646643031191267e-01
2.401474327602929115e+00 9.199767686434298652e-02
2.416901106073375161e+00 7.990561942648015392e-02
2.432426984289024041e+00 6.909990650306034599e-02
2.448052598854563833e+00 5.949026862424594553e-02
2.463778590464153595e+00 5.098600013306504863e-02
2.479605603927694357e+00 4.349709507415587539e-02
2.495534288197266193e+00 3.693525984496100201e-02
2.511565296393739377e+00 3.121479495811303392e-02
2.527699285833551635e+00 2.625334186218371627e-02
2.543936918055663465e+00 2.197249418420474387e-02
2.560278858848676453e+00 1.829827590226657669e-02
2.576725778278146084e+00 1.516149175610305606e-02
2.593278350714039338e+00 1.249795760118203522e-02
2.609937254858395672e+00 1.024862036880556417e-02
2.626703173773154099e+00 8.359578791031040471e-03
2.643576794908160554e+00 6.782017082449130416e-03
2.660558810129354690e+00 5.472064355214913481e-03
2.677649915747139175e+00 4.390592707924827719e-03
2.694850812544929308e+00 3.502966713809653899e-03
2.712162205807887361e+00 2.778756489468928344e-03
2.729584805351839893e+00 2.191425708630769832e-03
2.747119325552390912e+00 1.718004896278363565e-03
2.764766485374199334e+00 1.338759157695213137e-03
2.782527008400466517e+00 1.036858223387496095e-03
2.800401622862605855e+00 7.980553791953682360e-04
2.818391061670099340e+00 6.103805500705938858e-04
2.836496062440550858e+00 4.638515576985542091e-04
2.854717367529929106e+00 3.502064101388230105e-04
2.873055724063008576e+00 2.626584314296986932e-04
2.891511883964000607e+00 1.956751179522569562e-04
2.910086603987384279e+00 1.447808258794950882e-04
2.928780645748945588e+00 1.063827529188872835e-04
2.947594775756988916e+00 7.761917452277276950e-05
2.966529765443776778e+00 5.622852169961244936e-05
2.985586391197159628e+00 4.043763277277548791e-05
3.004765434392408174e+00 2.886736067180558605e-05
3.024067681424253529e+00 2.045365496452424144e-05
3.043493923739128970e+00 1.438224775472514441e-05
3.063044957867625318e+00 1.003513904242532386e-05
3.082721585457147473e+00 6.947185426703833158e-06
3.102524613304782797e+00 4.771232836568126438e-06
3.122454853390394636e+00 3.250387769994978088e-06
3.142513122909896151e+00 2.196182676401872752e-06
3.162700244308770614e+00 1.471551929611571792e-06
3.183017045315791549e+00 9.776894466372764782e-07
3.203464358976960025e+00 6.440032375334974408e-07
3.224043023689664000e+00 4.205133254001158543e-07
3.244753883237054382e+00 2.721560967424090219e-07
3.265597786822641790e+00 1.745597717789688860e-07
3.286575589105115824e+00 1.109426252451439006e-07
3.307688150233391244e+00 6.985869070328460458e-08
3.328936335881869990e+00 4.357615352670518217e-08
3.350321017285950997e+00 2.692288878783714610e-08
3.371843071277733639e+00 1.647311546522218717e-08
3.393503380321983176e+00 9.980384705069775986e-09
3.415302832552310264e+00 5.986479850870415424e-09
3.437242321807588930e+00 3.554535251553392402e-09
3.459322747668604148e+00 2.088885472029455884e-09
3.481545015494938333e+00 1.214785116901413143e-09
3.503910036462094535e+00 6.989867100270469534e-10
3.526418727598854996e+00 3.978814085443778091e-10
3.549072011824879969e+00 2.240182184819776552e-10
3.571870817988564095e+00 1.247345365898032996e-10
3.594816080905100186e+00 6.867387003497812554e-11
3.617908741394823657e+00 3.737872604671343447e-11
3.641149746321783898e+00 2.010996765252059507e-11
3.664540048632571434e+00 1.069244101977377779e-11
3.688080607395388011e+00 5.617520228217418964e-12
3.711772387839374243e+00 2.915663112310265344e-12
3.735616361394183293e+00 1.494777380098840571e-12
3.759613505729815230e+00 7.568026655057757182e-13
3.783764804796698744e+00 3.783337986319771454e-13
3.808071248866052638e+00 1.867120147311426387e-13
3.832533834570464926e+00 9.094758861923219401e-14
3.857153564944773461e+00 4.371675697892152200e-14
3.881931449467190376e+00 2.073277268103274806e-14
3.906868504100693418e+00 9.699140316634433029e-15
3.931965751334680625e+00 4.474948397004436558e-15
3.957224220226899902e+00 2.035790490316665535e-15
3.982644946445639267e+00 9.130162450796647742e-16
4.008228972312193328e+00 4.035832986501650082e-16
4.033977346843598433e+00 1.757942884241137057e-16
4.059891125795660471e+00 7.543963944862881577e-17
4.085971371706220268e+00 3.188767172379511591e-17
4.112219153938735161e+00 1.327327760607381906e-17
4.138635548726123936e+00 5.439615340177012550e-18
4.165221639214894189e+00 2.194289880047046637e-18
4.191978515509555692e+00 8.710747255642842080e-19
4.218907274717315303e+00 3.402129691437957176e-19
4.246009020993064098e+00 1.307005485150970755e-19
4.273284865584647818e+00 4.937768189293053952e-20
4.300735926878434867e+00 1.834023748751258017e-20
4.328363330445166746e+00 6.695653492969495646e-21
4.356168209086127341e+00 2.402072279743356097e-21
4.384151702879562684e+00 8.465918968539952826e-22
4.412314959227450650e+00 2.930524986600401214e-22
4.440659132902536221e+00 9.960631374483228575e-23
4.469185386095686496e+00 3.323408445402279626e-23
4.497894888463538798e+00 1.088227553334434877e-23
4.526788817176464086e+00 3.496045047890984146e-24
4.555868356966831456e+00 1.101631084699721845e-24
4.585134700177586176e+00 3.403894868068545764e-25
4.614589046811134132e+00 1.031036833669018963e-25
4.644232604578566459e+00 3.060595513380763914e-26
4.674066588949147061e+00 8.901134205646092249e-27
4.704092223200172285e+00 2.535506035909148628e-27
4.734310738467122803e+00 7.071871123110527435e-28
4.764723373794141459e+00 1.930737193112155757e-28
4.795331376184843286e+00 5.158199018172369786e-29
4.826136000653439950e+00 1.348106808086499872e-29
4.857138510276201693e+00 3.445602152824261925e-30
4.888340176243247903e+00 8.609582170509628608e-31
4.919742277910663653e+00 2.102493980478083232e-31
4.951346102852974163e+00 5.016270102694944833e-32
4.983152946915914150e+00 1.168897244559724767e-32
5.015164114269576423e+00 2.659346217617901016e-33
5.047380917461886440e+00 5.905116012793148776e-34
5.079804677472415264e+00 1.279342641080261008e-34
5.112436723766545121e+00 2.703323754007422021e-35
5.145278394349983131e+00 5.569392080365802353e-36
5.178331035823623196e+00 1.118303787460434545e-36
5.211596003438756952e+00 2.187739888295233542e-37
5.245074661152641760e+00 4.168261359992618138e-38
5.278768381684444400e+00 7.731698061388816043e-39
5.312678546571498295e+00 1.395695381077645368e-39
5.346806546225968404e+00 2.450953746962584689e-40
5.381153779991857178e+00 4.185419227776654491e-41
5.415721656202385326e+00 6.947532183017431842e-42
5.450511592237731406e+00 1.120562255955589213e-42
5.485525014583153336e+00 1.755411591558519420e-43
5.520763358887476713e+00 2.669812983897282103e-44
5.556228070021959731e+00 3.940583943252879436e-45
5.591920602139536456e+00 5.642021189038388731e-46
5.627842418734437580e+00 7.832804504033333933e-47
5.663994992702220621e+00 1.053949657859789325e-47
5.700379806400125204e+00 1.373888481995051818e-48
5.736998351707880417e+00 1.734277540825097484e-49
5.773852130088869217e+00 2.118971366061544419e-50
5.810942652651691631e+00 2.504794981085481173e-51
5.848271440212124972e+00 2.863244665156581165e-52
5.885840023355482842e+00 3.163587024322619848e-53
5.923649942499371157e+00 3.376986262825069774e-54
5.961702747956851844e+00 3.480946481982181320e-55
6.000000000000000000e+00 3.463151527760899808e-56
