1.000000000000000021e-02 5.979250557938146354e-06
1.006423878153985853e-02 6.032305319385710173e-06
1.012889022518508909e-02 6.085865379817181309e-06
1.019395698182676974e-02 6.139936055128780663e-06
1.025944171938499710e-02 6.194522724352087454e-06
1.032534712291824537e-02 6.249630830505291237e-06
1.039167589473347954e-02 6.305265881457204470e-06
1.045843075449695916e-02 6.361433450804515059e-06
1.052561443934573945e-02 6.418139178762169603e-06
1.059322970399993041e-02 6.475388773067556502e-06
1.066127932087561000e-02 6.533188009898314435e-06
1.072976608019852313e-02 6.591542734804166859e-06
1.079869279011848836e-02 6.650458863653040870e-06
1.086806227682452809e-02 6.709942383591751641e-06
1.093787738466077755e-02 6.769999354021358325e-06
1.100814097624307555e-02 6.830635907587380292e-06
1.107885593257636019e-02 6.891858251185506457e-06
1.115002515317279307e-02 6.953672666982729073e-06
1.122165155617064515e-02 7.016085513454015493e-06
1.129373807845397183e-02 7.079103226435469131e-06
1.136628767577298887e-02 7.142732320193335860e-06
1.143930332286530530e-02 7.206979388509934979e-06
1.151278801357787616e-02 7.271851105786275884e-06
1.158674476098976898e-02 7.337354228161919479e-06
1.166117659753569506e-02 7.403495594652232561e-06
1.173608657513037536e-02 7.470282128303654367e-06
1.181147776529364000e-02 7.537720837366591565e-06
1.188735325927639877e-02 7.605818816487049611e-06
1.196371616818737126e-02 7.674583247916817527e-06
1.204056962312067582e-02 7.744021402742778669e-06
1.211791677528418522e-02 7.814140642135339887e-06
1.219576079612875140e-02 7.884948418616854893e-06
1.227410487747824033e-02 7.956452277349855491e-06
1.235295223166040304e-02 8.028659857445778471e-06
1.243230609163858968e-02 8.101578893294283866e-06
1.251216971114433099e-02 8.175217215913903202e-06
1.259254636481071422e-02 8.249582754323936404e-06
1.267343934830667505e-02 8.324683536938313973e-06
1.275485197847212558e-02 8.400527692981575185e-06
1.283678759345394972e-02 8.477123453927690774e-06
1.291924955284289370e-02 8.554479154961701286e-06
1.300224123781129268e-02 8.632603236464635299e-06
1.308576605125172203e-02 8.711504245522796769e-06
1.316982741791652631e-02 8.791190837460711709e-06
1.325442878455823648e-02 8.871671777399062333e-06
1.333957362007092036e-02 8.952955941837964434e-06
1.342526541563237967e-02 9.035052320265142436e-06
1.351150768484732194e-02 9.117970016790936773e-06
1.359830396389142236e-02 9.201718251809210127e-06
1.368565781165631719e-02 9.286306363685555254e-06
1.377357280989554081e-02 9.371743810472751837e-06
1.386205256337136142e-02 9.458040171654341467e-06
1.395110070000260549e-02 9.545205149916537551e-06
1.404072087101340856e-02 9.633248572948939435e-06
1.413091675108292360e-02 9.722180395275177280e-06
1.422169203849599044e-02 9.812010700113031985e-06
1.431305045529479743e-02 9.902749701265605654e-06
1.440499574743146251e-02 9.994407745043030979e-06
1.449753168492164644e-02 1.008699531221639837e-05
1.459066206199912362e-02 1.018052302000358406e-05
1.468439069727138849e-02 1.027500162408807856e-05
1.477872143387618312e-02 1.037044202067103921e-05
1.487365813963910204e-02 1.046685524855761024e-05
1.496920470723218238e-02 1.056425249127775094e-05
1.506536505433351235e-02 1.066264507924233267e-05
1.516214312378785789e-02 1.076204449193534478e-05
1.525954288376836498e-02 1.086246236014255524e-05
1.535756832793921424e-02 1.096391046821740671e-05
1.545622347561940654e-02 1.106640075638484289e-05
1.555551237194755312e-02 1.116994532308404575e-05
1.565543908804776368e-02 1.127455642735031592e-05
1.575600772119652854e-02 1.138024649123696857e-05
1.585722239499075259e-02 1.148702810227827316e-05
1.595908725951682844e-02 1.159491401599396549e-05
1.606160649152079192e-02 1.170391715843590990e-05
1.616478429457958096e-02 1.181405062877813290e-05
1.626862489927342198e-02 1.192532770195084318e-05
1.637313256335925366e-02 1.203776183131896667e-05
1.647831157194533033e-02 1.215136665140670761e-05
1.658416623766692174e-02 1.226615598066801715e-05
1.669070090086312991e-02 1.238214382430505992e-05
1.679791992975489603e-02 1.249934437713436341e-05
1.690582772062405176e-02 1.261777202650241218e-05
1.701442869799361587e-02 1.273744135525137269e-05
1.712372731480920826e-02 1.285836714473535910e-05
1.723372805262161217e-02 1.298056437788927927e-05
1.734443542177057859e-02 1.310404824235029016e-05
1.745585396156970961e-02 1.322883413363320406e-05
1.756798824049260119e-02 1.335493765836112132e-05
1.768084285636018285e-02 1.348237463755178953e-05
1.779442243652919892e-02 1.361116110996138459e-05
1.790873163808201496e-02 1.374131333548627635e-05
1.802377514801748598e-02 1.387284779862411202e-05
1.813955768344318459e-02 1.400578121199536741e-05
1.825608399176882266e-02 1.414013051992674023e-05
1.837335885090087689e-02 1.427591290209674427e-05
1.849138706943850852e-02 1.441314577724599663e-05
1.861017348687077008e-02 1.455184680695233854e-05
1.872972297377496417e-02 1.469203389947244316e-05
1.885004043201640375e-02 1.483372521365109288e-05
1.897113079494937293e-02 1.497693916290018775e-05
1.909299902761945472e-02 1.512169441924723767e-05
1.921565012696705224e-02 1.526800991745644028e-05
1.933908912203231162e-02 1.541590485922237158e-05
1.946332107416131815e-02 1.556539871743874230e-05
1.958835107721363517e-02 1.571651124054313141e-05
1.971418425777114042e-02 1.586926245693882846e-05
1.984082577534828848e-02 1.602367267949666126e-05
1.996828082260358739e-02 1.617976251013648182e-05
2.009655462555256372e-02 1.633755284449141772e-05
2.022565244378202176e-02 1.649706487665615921e-05
2.035557957066574247e-02 1.665832010402014954e-05
2.048634133358146273e-02 1.682134033218829074e-05
2.061794309412935330e-02 1.698614767999082498e-05
2.075039024835185000e-02 1.715276458458309979e-05
2.088368822695491761e-02 1.732121380663870325e-05
2.101784249553069472e-02 1.749151843563635575e-05
2.115285855478164778e-02 1.766370189524310244e-05
2.128874194074606083e-02 1.783778794879582941e-05
2.142549822502506224e-02 1.801380070488211644e-05
2.156313301501104965e-02 1.819176462302440062e-05
2.170165195411766917e-02 1.837170451946717317e-05
2.184106072201113039e-02 1.855364557307064821e-05
2.198136503484313456e-02 1.873761333131314315e-05
2.212257064548524971e-02 1.892363371640371907e-05
2.226468334376478786e-02 1.911173303150718849e-05
2.240770895670221238e-02 1.930193796708510901e-05
2.255165334875003022e-02 1.949427560735302045e-05
2.269652242203332518e-02 1.968877343685854672e-05
2.284232211659167552e-02 1.988545934718058958e-05
2.298905841062274386e-02 2.008436164375391038e-05
2.313673732072744557e-02 2.028550905282082428e-05
2.328536490215657451e-02 2.048893072851233816e-05
2.343494724905912513e-02 2.069465626006216077e-05
2.358549049473216558e-02 2.090271567915547588e-05
2.373700081187231706e-02 2.111313946741622568e-05
2.388948441282884652e-02 2.132595856403437818e-05
2.404294754985839000e-02 2.154120437353768147e-05
2.419739651538135167e-02 2.175890877370937877e-05
2.435283764223983988e-02 2.197910412365613629e-05
2.450927730395738649e-02 2.220182327202828784e-05
2.466672191500024827e-02 2.242709956539639445e-05
2.482517793104046036e-02 2.265496685678651412e-05
2.498465184922048221e-02 2.288545951437847802e-05
2.514515020841963031e-02 2.311861243036959226e-05
2.530667958952218660e-02 2.335446103000783766e-05
2.546924661568723824e-02 2.359304128079788801e-05
2.563285795262021383e-02 2.383438970188391428e-05
2.579752030884627234e-02 2.407854337361191571e-05
2.596324043598527420e-02 2.432553994727635512e-05
2.613002512902868127e-02 2.457541765505508297e-05
2.629788122661813263e-02 2.482821532013529089e-05
2.646681561132591815e-02 2.508397236703566191e-05
2.663683520993708614e-02 2.534272883212872532e-05
2.680794699373352172e-02 2.560452537436688232e-05
2.698015797877977365e-02 2.586940328621762508e-05
2.715347522621074441e-02 2.613740450481099855e-05
2.732790584252117738e-02 2.640857162330550187e-05
2.750345697985713198e-02 2.668294790247549916e-05
2.768013583630912419e-02 2.696057728252551641e-05
2.785794965620734878e-02 2.724150439513668310e-05
2.803690573041868125e-02 2.752577457574979753e-05
2.821701139664567828e-02 2.781343387608992867e-05
2.839827403972735795e-02 2.810452907693821947e-05
2.858070109194206510e-02 2.839910770115673625e-05
2.876430003331218940e-02 2.869721802696927445e-05
2.894907839191087490e-02 2.899890910150784809e-05
2.913504374417069318e-02 2.930423075462640131e-05
2.932220371519427687e-02 2.961323361299052375e-05
2.951056597906703480e-02 2.992596911444738147e-05
2.970013825917171973e-02 3.024248952268306984e-05
2.989092832850515427e-02 3.056284794217304323e-05
3.008294400999699664e-02 3.088709833343256030e-05
3.027619317683039393e-02 3.121529552857238996e-05
3.047068375276488703e-02 3.154749524716868168e-05
3.066642371246128262e-02 3.188375411245196743e-05
3.086342108180863478e-02 3.222412966782307766e-05
3.106168393825332885e-02 3.256868039370300506e-05
3.126122041113026800e-02 3.291746572472434626e-05
3.146203868199626275e-02 3.327054606727224286e-05
3.166414698496539809e-02 3.362798281738037834e-05
3.186755360704669748e-02 3.398983837899390963e-05
3.207226688848397594e-02 3.435617618260310781e-05
3.227829522309770549e-02 3.472706070425888854e-05
3.248564705862926755e-02 3.510255748497791004e-05
3.269433089708729395e-02 3.548273315054614919e-05
3.290435529509627005e-02 3.586765543172814539e-05
3.311572886424742762e-02 3.625739318489456354e-05
3.332846027145178192e-02 3.665201641307386980e-05
3.354255823929552793e-02 3.705159628743977533e-05
3.375803154639773346e-02 3.745620516924357555e-05
3.397488902777018316e-02 3.786591663220163751e-05
3.419313957517976926e-02 3.828080548534785419e-05
3.441279213751295696e-02 3.870094779636244292e-05
3.463385572114277555e-02 3.912642091538683916e-05
3.485633939029812722e-02 3.955730349933709959e-05
3.508025226743537173e-02 3.999367553672565379e-05
3.530560353361246462e-02 4.043561837300415051e-05
3.553240242886532285e-02 4.088321473643822038e-05
3.576065825258672309e-02 4.133654876452857481e-05
3.599038036390766332e-02 4.179570603098748072e-05
3.622157818208099345e-02 4.226077357328627095e-05
3.645426118686775213e-02 4.273183992078608776e-05
3.668843891892576564e-02 4.320899512346531690e-05
3.692412098020089045e-02 4.369233078125655341e-05
3.716131703432073302e-02 4.418194007400945704e-05
3.740003680699084676e-02 4.467791779209137599e-05
3.764029008639353802e-02 4.518036036764276777e-05
3.788208672358921170e-02 4.568936590650117985e-05
3.812543663292024959e-02 4.620503422080949056e-05
3.837034979241763649e-02 4.672746686232596085e-05
3.861683624420994554e-02 4.725676715644962233e-05
3.886490609493514770e-02 4.779304023698143877e-05
3.911456951615511352e-02 4.833639308163484782e-05
3.936583674477250189e-02 4.888693454831475135e-05
3.961871808345061863e-02 4.944477541218591338e-05
3.987322390103581471e-02 5.001002840354301713e-05
4.012936463298266698e-02 5.058280824650757525e-05
4.038715078178180956e-02 5.116323169856832226e-05
4.064659291739061014e-02 5.175141759098395434e-05
4.090770167766658721e-02 5.234748687007270576e-05
4.117048776880351951e-02 5.295156263940513353e-05
4.143496196577045598e-02 5.356377020292575158e-05
4.170113511275359841e-02 5.418423710902141066e-05
4.196901812360082779e-02 5.481309319556472827e-05
4.223862198226925602e-02 5.545047063594994990e-05
4.250995774327562260e-02 5.609650398614873953e-05
4.278303653214950847e-02 5.675133023281025339e-05
4.305786954588956134e-02 5.741508884242923415e-05
4.333446805342257291e-02 5.808792181160783464e-05
4.361284339606552596e-02 5.876997371844007207e-05
4.389300698799071532e-02 5.946139177504328671e-05
4.417497031669358892e-02 6.016232588126535692e-05
4.445874494346396810e-02 6.087292867959722168e-05
4.474434250385991851e-02 6.159335561131898808e-05
4.503177470818491707e-02 6.232376497390950017e-05
4.532105334196803725e-02 6.306431797975127203e-05
4.561219026644713209e-02 6.381517881616162360e-05
4.590519741905520201e-02 6.457651470678465295e-05
4.620008681390987831e-02 6.534849597437185462e-05
4.649687054230598054e-02 6.613129610499286846e-05
4.679556077321140456e-02 6.692509181370838347e-05
4.709616975376592490e-02 6.773006311173685541e-05
4.739870980978354992e-02 6.854639337516174017e-05
4.770319334625772872e-02 6.937426941520863832e-05
4.800963284787011787e-02 7.021388155013411981e-05
4.831804087950242882e-02 7.106542367877008459e-05
4.862843008675165474e-02 7.192909335575790669e-05
4.894081319644856543e-02 7.280509186852117767e-05
4.925520301717953298e-02 7.369362431601574211e-05
4.957161243981170196e-02 7.459489968930455375e-05
4.989005443802165679e-02 7.550913095400134379e-05
5.021054206882722554e-02 7.643653513463225641e-05
5.053308847312291963e-02 7.737733340095932105e-05
5.085770687621885000e-02 7.833175115632143510e-05
5.118441058838280738e-02 7.930001812803953211e-05
5.151321300538615200e-02 8.028236845993849203e-05
5.184412760905307560e-02 8.127904080704072200e-05
5.217716796781331906e-02 8.229027843248725761e-05
5.251234773725860228e-02 8.331632930674119099e-05
5.284968066070245413e-02 8.435744620913172885e-05
5.318918056974386577e-02 8.541388683180181824e-05
5.353086138483425377e-02 8.648591388611493261e-05
5.387473711584830210e-02 8.757379521159174875e-05
5.422082186265853032e-02 8.867780388743358108e-05
5.456912981571321319e-02 8.979821834670614986e-05
5.491967525661839433e-02 9.093532249324797661e-05
5.527247255872337617e-02 9.208940582137489621e-05
5.562753618771013736e-02 9.326076353845255489e-05
5.598488070218642088e-02 9.444969669041463126e-05
5.634452075428270090e-02 9.565651229029748393e-05
5.670647109025290372e-02 9.688152344987203957e-05
5.707074655107920863e-02 9.812504951445868160e-05
5.743736207308031833e-02 9.938741620099947533e-05
5.780633268852414935e-02 1.006689557394774742e-04
5.817767352624399896e-02 1.019700070177743565e-04
5.855139981225895157e-02 1.032909157300471924e-04
5.892752687039821274e-02 1.046320345287274898e-04
5.930607012292937047e-02 1.059937231802294454e-04
5.968704509119080598e-02 1.073763487244697618e-04
6.007046739622807358e-02 1.087802856382997547e-04
6.045635275943438830e-02 1.102059160029500516e-04
6.084471700319537407e-02 1.116536296755990797e-04
6.123557605153762129e-02 1.131238244651691036e-04
6.162894593078183103e-02 1.146169063124690719e-04
6.202484277019974790e-02 1.161332894747940642e-04
6.242328280267563784e-02 1.176733967151048549e-04
6.282428236537182520e-02 1.192376594959055556e-04
6.322785790039857357e-02 1.208265181779527608e-04
6.363402595548825480e-02 1.224404222239142788e-04
6.404280318467388267e-02 1.240798304071266363e-04
6.445420634897189305e-02 1.257452110255707391e-04
6.486825231706953854e-02 1.274370421212196725e-04
6.528495806601640472e-02 1.291558117049020971e-04
6.570434068192053390e-02 1.309020179868221974e-04
6.612641736064915621e-02 1.326761696129037747e-04
6.655120540853358413e-02 1.344787859070997564e-04
6.697872224307888089e-02 1.363103971198471800e-04
6.740898539367808084e-02 1.381715446828215806e-04
6.784201250233087843e-02 1.400627814701707618e-04
6.827782132436703566e-02 1.419846720664029102e-04
6.871642972917434145e-02 1.439377930411095483e-04
6.915785570093148371e-02 1.459227332307180206e-04
6.960211733934519585e-02 1.479400940274531106e-04
7.004923286039253794e-02 1.499904896757278281e-04
7.049922059706788258e-02 1.520745475761468412e-04
7.095209900013441096e-02 1.541929085973480114e-04
7.140788663888081311e-02 1.563462273958896314e-04
7.186660220188260950e-02 1.585351727444177683e-04
7.232826449776846855e-02 1.607604278683319096e-04
7.279289245599139535e-02 1.630226907911929638e-04
7.326050512760487465e-02 1.653226746891207346e-04
7.373112168604402383e-02 1.676611082544182262e-04
7.420476142791186669e-02 1.700387360687005797e-04
7.468144377377032572e-02 1.724563189857819111e-04
7.516118826893676552e-02 1.749146345245932409e-04
7.564401458428519909e-02 1.774144772724276940e-04
7.612994251705297588e-02 1.799566592987880589e-04
7.661899199165246588e-02 1.825420105801478976e-04
7.711118306048804494e-02 1.851713794359293244e-04
7.760653590477831210e-02 1.878456329760179423e-04
7.810507083538353879e-02 1.905656575601387610e-04
7.860680829363843325e-02 1.933323592694418313e-04
7.911176885219048383e-02 1.961466643906269213e-04
7.961997321584320109e-02 1.990095199129831812e-04
8.013144222240539682e-02 2.019218940387068162e-04
8.064619684354527862e-02 2.048847767068691622e-04
8.116425818565056738e-02 2.078991801314420936e-04
8.168564749069383291e-02 2.109661393537712651e-04
8.221038613710347775e-02 2.140867128099262608e-04
8.273849564064035544e-02 2.172619829133385901e-04
8.326999765527991204e-02 2.204930566531952826e-04
8.380491397410007315e-02 2.237810662090114900e-04
8.434326653017495956e-02 2.271271695818887154e-04
8.488507739747394587e-02 2.305325512429079633e-04
8.543036879176692244e-02 2.339984227991817513e-04
8.597916307153530280e-02 2.375260236780627409e-04
8.653148273888852660e-02 2.411166218300592732e-04
8.708735044048687701e-02 2.447715144509741893e-04
8.764678896847001577e-02 2.484920287238629746e-04
8.820982126139158275e-02 2.522795225813751472e-04
8.877647040515962429e-02 2.561353854890751768e-04
8.934675963398325260e-02 2.600610392503689759e-04
8.992071233132541141e-02 2.640579388336776251e-04
9.049835203086145641e-02 2.681275732224953521e-04
9.107970241744417494e-02 2.722714662890335716e-04
9.166478732807512020e-02 2.764911776921363611e-04
9.225363075288169068e-02 2.807883038001820824e-04
9.284625683610100988e-02 2.851644786397357790e-04
9.344268987706978724e-02 2.896213748706930784e-04
9.404295433122077108e-02 2.941607047887314611e-04
9.464707481108537712e-02 2.987842213558617181e-04
9.525507608730292286e-02 3.034937192599358475e-04
9.586698308963639836e-02 3.082910360039814598e-04
9.648282090799444044e-02 3.131780530262432837e-04
9.710261479346017632e-02 3.181566968518683585e-04
9.772639015932678419e-02 3.232289402771892288e-04
9.835417258213917380e-02 3.283968035875753388e-04
9.898598780274293907e-02 3.336623558098908058e-04
9.962186172733968059e-02 3.390277160005722998e-04
1.002618204285493225e-01 3.444950545704502645e-04
1.009058901464790770e-01 3.500665946473870008e-04
1.015540972897995414e-01 3.557446134779151839e-04
1.022064684368272219e-01 3.615314438690430342e-04
1.028630303366146054e-01 3.674294756714673385e-04
1.035238099100467546e-01 3.734411573054459226e-04
1.041888342509452864e-01 3.795689973306576705e-04
1.048581306271791219e-01 3.858155660613654973e-04
1.055317264817828560e-01 3.921834972283102789e-04
1.062096494340815794e-01 3.986754896887490505e-04
1.068919272808236676e-01 4.052943091861194690e-04
1.075785879973203824e-01 4.120427901608870211e-04
1.082696597385929549e-01 4.189238376141309690e-04
1.089651708405271757e-01 4.259404290255054204e-04
1.096651498210349657e-01 4.330956163272752261e-04
1.103696253812238987e-01 4.403925279361536774e-04
1.110786264065739409e-01 4.478343708447496928e-04
1.117921819681218232e-01 4.554244327744602660e-04
1.125103213236532396e-01 4.631660843917643458e-04
1.132330739189021801e-01 4.710627815898530703e-04
1.139604693887584785e-01 4.791180678376604049e-04
1.146925375584828821e-01 4.873355765984301166e-04
1.154293084449299622e-01 4.957190338199458013e-04
1.161708122577790325e-01 5.042722604987264845e-04
1.169170794007725611e-01 5.129991753204963872e-04
1.176681404729630065e-01 5.219037973793100348e-04
1.184240262699674112e-01 5.309902489778698526e-04
1.191847677852300308e-01 5.402627585115319167e-04
1.199503962112934419e-01 5.497256634387235946e-04
1.207209429410771029e-01 5.593834133404312122e-04
1.214964395691648658e-01 5.692405730716717594e-04
1.222769178931002731e-01 5.793018260077862063e-04
1.230624099146904044e-01 5.895719773886451669e-04
1.238529478413182422e-01 6.000559577638360682e-04
1.246485640872628253e-01 6.107588265420841071e-04
1.254492912750286848e-01 6.216857756482216174e-04
1.262551622366833437e-01 6.328421332911641269e-04
1.270662100152034346e-01 6.442333678464344342e-04
1.278824678658298797e-01 6.558650918569169800e-04
1.287039692574309668e-01 6.677430661556452455e-04
1.295307478738750295e-01 6.798732041145386399e-04
1.303628376154114810e-01 6.922615760231663447e-04
1.312002726000606467e-01 7.049144136016967897e-04
1.320430871650131455e-01 7.178381146524145636e-04
1.328913158680373185e-01 7.310392478542413136e-04
1.337449934888964298e-01 7.445245577049170674e-04
1.346041550307747192e-01 7.583009696156328477e-04
1.354688357217126438e-01 7.723755951630379432e-04
1.363390710160511665e-01 7.867557375037665919e-04
1.372148965958858990e-01 8.014488969567604539e-04
1.380963483725296259e-01 8.164627767588356413e-04
1.389834624879851266e-01 8.318052889991922215e-04
1.398762753164270178e-01 8.474845607386577830e-04
1.407748234656930331e-01 8.635089403197438633e-04
1.416791437787855157e-01 8.798870038737456037e-04
1.425892733353814612e-01 8.966275620313389960e-04
1.435052494533533285e-01 9.137396668433659004e-04
1.444271096902990104e-01 9.312326189187066948e-04
1.453548918450817407e-01 9.491159747863572600e-04
1.462886339593803264e-01 9.673995544891421817e-04
1.472283743192484284e-01 9.860934494166349353e-04
1.481741514566846940e-01 1.005208030385224124e-03
1.491260041512126600e-01 1.024753955973468997e-03
1.500839714314707585e-01 1.044742181121181184e-03
1.510480925768128146e-01 1.065183966000971634e-03
1.520184071189182307e-01 1.086090885171272927e-03
1.529949548434131612e-01 1.107474837020180599e-03
1.539777757915017919e-01 1.129348053509764398e-03
1.549669102616080818e-01 1.151723110230828918e-03
1.559623988110283022e-01 1.174612936778445622e-03
1.569642822575936791e-01 1.198030827458922663e-03
1.579726016813443046e-01 1.221990452339296067e-03
1.589873984262133721e-01 1.246505868650681081e-03
1.600087141017224879e-01 1.271591532557378923e-03
1.610365905846878887e-01 1.297262311303900607e-03
1.620710700209372357e-01 1.323533495752543185e-03
1.631121948270378430e-01 1.350420813324599689e-03
1.641600076920359252e-01 1.377940441358708936e-03
1.652145515792068364e-01 1.406109020900304062e-03
1.662758697278170772e-01 1.434943670936647108e-03
1.673440056548965715e-01 1.464462003092342930e-03
1.684190031570235446e-01 1.494682136800837583e-03
1.695009063121200032e-01 1.525622714967897519e-03
1.705897594812591511e-01 1.557302920143543816e-03
1.716856073104844893e-01 1.589742491219623246e-03
1.727884947326401022e-01 1.622961740670645931e-03
1.738984669692131835e-01 1.656981572356196588e-03
1.750155695321883587e-01 1.691823499903883114e-03
1.761398482259134701e-01 1.727509665692312157e-03
1.772713491489782689e-01 1.764062860454401792e-03
1.784101186961039864e-01 1.801506543521910883e-03
1.795562035600458961e-01 1.839864863732836421e-03
1.807096507335079205e-01 1.879162681024118152e-03
1.818705075110692848e-01 1.919425588732683041e-03
1.830388214911238820e-01 1.960679936628892828e-03
1.842146405778320173e-01 2.002952854707063489e-03
1.853980129830842816e-01 2.046272277758675890e-03
1.865889872284786921e-01 2.090666970754751896e-03
1.877876121473100457e-01 2.136166555064791112e-03
1.889939368865722058e-01 2.182801535540477254e-03
1.902080109089736293e-01 2.230603328493575496e-03
1.914298839949648834e-01 2.279604290598046673e-03
1.926596062447801794e-01 2.329837748747916500e-03
1.938972280804915349e-01 2.381338030903016028e-03
1.951428002480760926e-01 2.434140497956155912e-03
1.963963738194973163e-01 2.488281576656305779e-03
1.976580001947984278e-01 2.543798793623334477e-03
1.989277311042103036e-01 2.600730810491511027e-03
2.002056186102726121e-01 2.659117460219700795e-03
2.014917151099682446e-01 2.718999784607840659e-03
2.027860733368722912e-01 2.780420073060484339e-03
2.040887463633135890e-01 2.843421902639429403e-03
2.053997876025512315e-01 2.908050179449142309e-03
2.067192508109645666e-01 2.974351181399892147e-03
2.080471900902573501e-01 3.042372602395140933e-03
2.093836598896762768e-01 3.112163597991170292e-03
2.107287150082431670e-01 3.183774832578689911e-03
2.120824105970021134e-01 3.257258528137620297e-03
2.134448021612808388e-01 3.332668514618099872e-03
2.148159455629664039e-01 3.410060282002325485e-03
2.161958970227961241e-01 3.489491034103956585e-03
2.175847131226622266e-01 3.571019744163124281e-03
2.189824508079321608e-01 3.654707212297654811e-03
2.203891673897835080e-01 3.740616124872541120e-03
2.218049205475537411e-01 3.828811115851887652e-03
2.232297683311057490e-01 3.919358830199893597e-03
2.246637691632072387e-01 4.012327989398991983e-03
2.261069818419268740e-01 4.107789459156157251e-03
2.275594655430448754e-01 4.205816319370048878e-03
2.290212798224794122e-01 4.306483936434428970e-03
2.304924846187288989e-01 4.409870037955350430e-03
2.319731402553290578e-01 4.516054789962306755e-03
2.334633074433267730e-01 4.625120876695875544e-03
2.349630472837692108e-01 4.737153583057202369e-03
2.364724212702093431e-01 4.852240879806987532e-03
2.379914912912270419e-01 4.970473511604686125e-03
2.395203196329672712e-01 5.091945087981336257e-03
2.410589689816931835e-01 5.216752177342074900e-03
2.426075024263570079e-01 5.344994404097695891e-03
2.441659834611867586e-01 5.476774549027386280e-03
2.457344759882894025e-01 5.612198652977785224e-03
2.473130443202717077e-01 5.751376124007044101e-03
2.489017531828764396e-01 5.894419848085112254e-03
2.505006677176366825e-01 6.041446303465598799e-03
2.521098534845468420e-01 6.192575678847219399e-03
2.537293764647506888e-01 6.347931995446630740e-03
2.553593030632470007e-01 6.507643233107910166e-03
2.569997001116120505e-01 6.671841460577416887e-03
2.586506348707399150e-01 6.840662970076558970e-03
2.603121750336006568e-01 7.014248416308524817e-03
2.619843887280153827e-01 7.192742960038987776e-03
2.636673445194505638e-01 7.376296416394550852e-03
2.653611114138285099e-01 7.565063408026389928e-03
2.670657588603572163e-01 7.759203523291111938e-03
2.687813567543779203e-01 7.958881479604006798e-03
2.705079754402308634e-01 8.164267292124596440e-03
2.722456857141403175e-01 8.375536447938517273e-03
2.739945588271162635e-01 8.592870085902936522e-03
2.757546664878767206e-01 8.816455182328580137e-03
2.775260808657878386e-01 9.046484742673926299e-03
2.793088745938227535e-01 9.283157999432639293e-03
2.811031207715403712e-01 9.526680616398913726e-03
2.829088929680818598e-01 9.777264899499805290e-03
2.847262652251878468e-01 1.003513001438819351e-02
2.865553120602338799e-01 1.030050221099377758e-02
2.883961084692860388e-01 1.057361505523426483e-02
2.902487299301764190e-01 1.085470966809290276e-02
2.921132524055969903e-01 1.114403497227255992e-02
2.939897523462150497e-01 1.144184794664105526e-02
2.958783066938076023e-01 1.174841388868626442e-02
2.977789928844161160e-01 1.206400668520361819e-02
2.996918888515222035e-01 1.238890909144244046e-02
3.016170730292422331e-01 1.272341301894142074e-02
3.035546243555439228e-01 1.306781983228714507e-02
3.055046222754828622e-01 1.342244065503325930e-02
3.074671467444600181e-01 1.378759668502090030e-02
3.094422782314999454e-01 1.416361951934420015e-02
3.114300977225508693e-01 1.455085148920829026e-02
3.134306867238044192e-01 1.494964600492810006e-02
3.154441272650382322e-01 1.536036791132117801e-02
3.174705019029792075e-01 1.578339385374742318e-02
3.195098937246885207e-01 1.621911265505191629e-02
3.215623863509688429e-01 1.666792570366763815e-02
3.236280639397923764e-01 1.713024735313589328e-02
3.257070111897519271e-01 1.760650533330314696e-02
3.277993133435337936e-01 1.809714117345221501e-02
3.299050561914126933e-01 1.860261063762592981e-02
3.320243260747701708e-01 1.912338417239966767e-02
3.341572098896337661e-01 1.965994736735732218e-02
3.363037950902406092e-01 2.021280142852341713e-02
3.384641696926233290e-01 2.078246366499980277e-02
3.406384222782185556e-01 2.136946798905188516e-02
3.428266419974997370e-01 2.197436542988452993e-02
3.450289185736318265e-01 2.259772466134066585e-02
3.472453423061502842e-01 2.324013254374989942e-02
3.494760040746641150e-01 2.390219468014586485e-02
3.517209953425813884e-01 2.458453598706141288e-02
3.539804081608607378e-01 2.528780128010034087e-02
3.562543351717842866e-01 2.601265587447205291e-02
3.585428696127570536e-01 2.675978620066333039e-02
3.608461053201297841e-01 2.752990043540436832e-02
3.631641367330464831e-01 2.832372914807104736e-02
3.654970588973169843e-01 2.914202596264631531e-02
3.678449674693134996e-01 2.998556823534281879e-02
3.702079587198932598e-01 3.085515774796706093e-02
3.725861295383456340e-01 3.175162141708034319e-02
3.749795774363649525e-01 3.267581201898415999e-02
3.773884005520492524e-01 3.362860893053024741e-02
3.798126976539232258e-01 3.461091888571939112e-02
3.822525681449886470e-01 3.562367674802421197e-02
3.847081120668002230e-01 3.666784629832729736e-02
3.871794301035670349e-01 3.774442103832909706e-02
3.896666235862820127e-01 3.885442500923479842e-02
3.921697944968753347e-01 3.999891362548040757e-02
3.946890454723969155e-01 4.117897452320948282e-02
3.972244798092245399e-01 4.239572842315494916e-02
3.997762014672994191e-01 4.365033000752070041e-02
4.023443150743883923e-01 4.494396881039650071e-02
4.049289259303751609e-01 4.627787012116951759e-02
4.075301400115762251e-01 4.765329590032271745e-02
4.101480639750873514e-01 4.907154570693542800e-02
4.127828051631564632e-01 5.053395763711465011e-02
4.154344716075848432e-01 5.204190927249956189e-02
4.181031720341574220e-01 5.359681863788677558e-02
4.207890158670998249e-01 5.520014516692250267e-02
4.234921132335656702e-01 5.685339067470401159e-02
4.262125749681520692e-01 5.855810033601576564e-02
4.289505126174437688e-01 6.031586366780884029e-02
4.317060384445879917e-01 6.212831551440406441e-02
4.344792654338959226e-01 6.399713703376315455e-02
4.372703072954765013e-01 6.592405668303309707e-02
4.400792784698985827e-01 6.791085120141632236e-02
4.429062941328829606e-01 6.995934658826037655e-02
4.457514702000259788e-01 7.207141907409742032e-02
4.486149233315510076e-01 7.424899608218067659e-02
4.514967709370925619e-01 7.649405717788942960e-02
4.543971311805105051e-01 7.880863500317036863e-02
4.573161229847345632e-01 8.119481619298406228e-02
4.602538660366416456e-01 8.365474227051140910e-02
4.632104807919619205e-01 8.619061051764494163e-02
4.661860884802186966e-01 8.880467481706258437e-02
4.691808111096988365e-01 9.149924646192929278e-02
4.721947714724555323e-01 9.427669492901882831e-02
4.752280931493437777e-01 9.713944861078070703e-02
4.782809005150861492e-01 1.000899955015925880e-01
4.813533187433736704e-01 1.031308838331599920e-01
4.844454738119977621e-01 1.062647226537098838e-01
4.875574925080157218e-01 1.094941823453219887e-01
4.906895024329500643e-01 1.128219950734131727e-01
4.938416320080192268e-01 1.162509551620507231e-01
4.970140104794042446e-01 1.197839193884334824e-01
5.002067679235477904e-01 1.234238071895079614e-01
5.034200352524874633e-01 1.271736007733295926e-01
5.066539442192246057e-01 1.310363451273905966e-01
5.099086274231252602e-01 1.350151479157492285e-01
5.131842183153575432e-01 1.391131792563961578e-01
5.164808512043638222e-01 1.433336713698834808e-01
5.197986612613673119e-01 1.476799180898230590e-01
5.231377845259151949e-01 1.521552742254370094e-01
5.264983579114558276e-01 1.567631547659104896e-01
5.298805192109525830e-01 1.615070339158569124e-01
5.332844071025344412e-01 1.663904439507695454e-01
5.367101611551816642e-01 1.714169738808754562e-01
5.401579218344484401e-01 1.765902679113717233e-01
5.436278305082230533e-01 1.819140236865693927e-01
5.471200294525235819e-01 1.873919903050227098e-01
5.506346618573316753e-01 1.930279660922835094e-01
5.541718718324643023e-01 1.988257961174803301e-01
5.577318044134820241e-01 2.047893694394894992e-01
5.613146055676369039e-01 2.109226160680577611e-01
5.649204221998559428e-01 2.172295036248160227e-01
5.685494021587660374e-01 2.237140336887572245e-01
5.722016942427554653e-01 2.303802378103658732e-01
5.758774482060748934e-01 2.372321731782548737e-01
5.795768147649789093e-01 2.442739179218528511e-01
5.832999456039044128e-01 2.515095660333920291e-01
5.870469933816904184e-01 2.589432218922159135e-01
5.908181117378380476e-01 2.665789943742187806e-01
5.946134552988096011e-01 2.744209905290657114e-01
5.984331796843695983e-01 2.824733088077527876e-01
6.022774415139643400e-01 2.907400318230111691e-01
6.061463984131443272e-01 2.992252186250881629e-01
6.100402090200276461e-01 3.079328964755311815e-01
6.139590329918040990e-01 3.168670521017593056e-01
6.179030310112822999e-01 3.260316224154842235e-01
6.218723647934772947e-01 3.354304846783704996e-01
6.258671970922415895e-01 3.450674460987964709e-01
6.298876917069388126e-01 3.549462328441262415e-01
6.339340134891592315e-01 3.650704784535804825e-01
6.380063283494807891e-01 3.754437116376172501e-01
6.421048032642696635e-01 3.860693434506451971e-01
6.462296062825283460e-01 3.969506538250187622e-01
6.503809065327855743e-01 4.080907774554722311e-01
6.545588742300306739e-01 4.194926890245777584e-01
6.587636806826945302e-01 4.311591877613939472e-01
6.629954982996713042e-01 4.430928813272180244e-01
6.672545005973894439e-01 4.552961690243526038e-01
6.715408622069257705e-01 4.677712243259267710e-01
6.758547588811653073e-01 4.805199767272091971e-01
6.801963675020092914e-01 4.935440929214645611e-01
6.845658660876259294e-01 5.068449573062040470e-01
6.889634337997506686e-01 5.204236518288066771e-01
6.933892509510318769e-01 5.342809351837781717e-01
6.978434990124248172e-01 5.484172213775196925e-01
7.023263606206313625e-01 5.628325576803162589e-01
7.068380195855905601e-01 5.775266019893949831e-01
7.113786608980130488e-01 5.924985996312700509e-01
7.159484707369674350e-01 6.077473596363027752e-01
7.205476364775141862e-01 6.232712305233378824e-01
7.251763466983878192e-01 6.390680756375237692e-01
7.298347911897308249e-01 6.551352480899628183e-01
7.345231609608733336e-01 6.714695653536071340e-01
7.392416482481665163e-01 6.880672835759393813e-01
7.439904465228642794e-01 7.049240716752744884e-01
7.487697504990562525e-01 7.220349852941534419e-01
7.535797561416526236e-01 7.393944406901273858e-01
7.584206606744169354e-01 7.569961886513043581e-01
7.632926625880547267e-01 7.748332885313340412e-01
7.681959616483517994e-01 7.928980825059525062e-01
7.731307589043643347e-01 8.111821701608473711e-01
7.780972566966645187e-01 8.296763835283871291e-01
7.830956586656345753e-01 8.483707626985697026e-01
7.881261697598178628e-01 8.672545321375197958e-01
7.931889962443223752e-01 8.863160778547528595e-01
7.982843457092778650e-01 9.055429255683190570e-01
8.034124270783484789e-01 9.249217200247841220e-01
8.085734506172977953e-01 9.444382056386079194e-01
8.137676279426111492e-01 9.640772086229951743e-01
8.189951720301725802e-01 9.838226207914219090e-01
8.242562972239966257e-01 1.003657385215868114e+00
8.295512192450190669e-01 1.023563483934210927e+00
8.348801551999394110e-01 1.043521927905046054e+00
8.402433235901245467e-01 1.063512749413530800e+00
8.456409443205675780e-01 1.083514997136376445e+00
8.510732387089039452e-01 1.103506734077886353e+00
8.565404294944880537e-01 1.123465038591826337e+00
8.620427408475233033e-01 1.143366008705719583e+00
8.675803983782557349e-01 1.163184769964961784e+00
8.731536291462240751e-01 1.182895487013597036e+00
8.787626616695695114e-01 1.202471379126773599e+00
8.844077259344070852e-01 1.221884739906601736e+00
8.900890534042533719e-01 1.241106961348201532e+00
8.958068770295187777e-01 1.260108562476213390e+00
9.015614312570590094e-01 1.278859222743575330e+00
9.073529520397869419e-01 1.297327820374113427e+00
9.131816768463497658e-01 1.315482475818128272e+00
9.190478446708632010e-01 1.333290600475689480e+00
9.249516960427121015e-01 1.350718950825717579e+00
9.308934730364128995e-01 1.367733688079917798e+00
9.368734192815395545e-01 1.384300443459316687e+00
9.428917799727116744e-01 1.400384389167388832e+00
9.489488018796511382e-01 1.415950315107563640e+00
9.550447333572968933e-01 1.430962711364150097e+00
9.611798243559900312e-01 1.445385856434582061e+00
9.673543264317223667e-01 1.459183911167181602e+00
9.735684927564501878e-01 1.472321018322563457e+00
9.798225781284772840e-01 1.484761407638350406e+00
9.861168389828988134e-01 1.496469506236146163e+00
9.924515334021185575e-01 1.507410054166884228e+00
9.988269211264301228e-01 1.517548224845828075e+00
1.005243263564667089e+00 1.526849750081874957e+00
1.011700823804921656e+00 1.535281049357696936e+00
1.018199866625330463e+00 1.542809362967732412e+00
1.024740658504936119e+00 1.549402888570660108e+00
1.031323467634607027e+00 1.555030920661816918e+00
1.037948563928037915e+00 1.559663992419739742e+00
1.044616219032816096e+00 1.563274019329701670e+00
1.051326706341560113e+00 1.565834443936543252e+00
1.058080301003129664e+00 1.567320381029518206e+00
1.064877279933906351e+00 1.567708762513963405e+00
1.071717921829149489e+00 1.566978481178793903e+00
1.078602507174422964e+00 1.565110532525799014e+00
1.085531318257094924e+00 1.562088153787033029e+00
1.092504639177912962e+00 1.557896959220830491e+00
1.099522755862656131e+00 1.552525070745893743e+00
1.106585956073852461e+00 1.545963242947022032e+00
1.113694529422582846e+00 1.538204981466065435e+00
1.120848767380353994e+00 1.529246653778282505e+00
1.128048963291050644e+00 1.519087591348003308e+00
1.135295412382962166e+00 1.507730182158987242e+00
1.142588411780889546e+00 1.495179952624697384e+00
1.149928260518326084e+00 1.481445637902385482e+00
1.157315259549720698e+00 1.466539239662879357e+00
1.164749711762815165e+00 1.450476070405666285e+00
1.172231921991069736e+00 1.433274783456625068e+00
1.179762197026152926e+00 1.414957387843876813e+00
1.187340845630527442e+00 1.395549247315575947e+00
1.194968178550108506e+00 1.375079062842557764e+00
1.202644508527004552e+00 1.353578838037994059e+00
1.210370150312342297e+00 1.331083827025748789e+00
1.218145420679170199e+00 1.307632464398482908e+00
1.225970638435448956e+00 1.283266277025197022e+00
1.233846124437122382e+00 1.258029777595349064e+00
1.241772201601272885e+00 1.231970339921996782e+00
1.249749194919366202e+00 1.205138056168742589e+00
1.257777431470570084e+00 1.177585576313599836e+00
1.265857240435170228e+00 1.149367930315739361e+00
1.273988953108066369e+00 1.120542333607476904e+00
1.282172902912356527e+00 1.091167976691912012e+00
1.290409425413007627e+00 1.061305799784956649e+00
1.298698858330615824e+00 1.031018253597233203e+00
1.307041541555252095e+00 1.000369047504776621e+00
1.315437817160400646e+00 9.694228865055490862e-01
1.323888029416982803e+00 9.382451984997975947e-01
1.332392524807477940e+00 9.069018535639403744e-01
1.340951652040122566e+00 8.754588770084201776e-01
1.349565762063214436e+00 8.439821581173053699e-01
1.358235208079499490e+00 8.125371565601652302e-01
1.366960345560655599e+00 7.811886085424618598e-01
1.375741532261867572e+00 7.500002348181956657e-01
1.384579128236495649e+00 7.190344527260997820e-01
1.393473495850838795e+00 6.883520944270591357e-01
1.402424999798993044e+00 6.580121335146054129e-01
1.411434007117805312e+00 6.280714221414200882e-01
1.420500887201920692e+00 5.985844407522995514e-01
1.429626011818934561e+00 5.696030624376879903e-01
1.438809755124627943e+00 5.411763338219618413e-01
1.448052493678314789e+00 5.133502742772094729e-01
1.457354606458279411e+00 4.861676951076399078e-01
1.466716474877317378e+00 4.596680401825725126e-01
1.476138482798372786e+00 4.338872493091273652e-01
1.485621016550279005e+00 4.088576454308575636e-01
1.495164464943598670e+00 3.846078465179953998e-01
1.504769219286565596e+00 3.611627027810961899e-01
1.514435673401129279e+00 3.385432595955207291e-01
1.524164223639107529e+00 3.167667462723754990e-01
1.533955268898429480e+00 2.958465905555370812e-01
1.543809210639497609e+00 2.757924584673788204e-01
1.553726452901646793e+00 2.566103188716676309e-01
1.563707402319711504e+00 2.383025318738916098e-01
1.573752468140698912e+00 2.208679599408487904e-01
1.583862062240569246e+00 2.043021003959289705e-01
1.594036599141123167e+00 1.885972377374997011e-01
1.604276496026999732e+00 1.737426140382096751e-01
1.614582172762778711e+00 1.597246155156910319e-01
1.624954051910204589e+00 1.465269732224744048e-01
1.635392558745501157e+00 1.341309756871897352e-01
1.645898121276817339e+00 1.225156912517206959e-01
1.656471170261773596e+00 1.116581977914801183e-01
1.667112139225125578e+00 1.015338174787551867e-01
1.677821464476538349e+00 9.211635425259215304e-02
1.688599585128477631e+00 8.337833169250769005e-02
1.699446943114214070e+00 7.529122905666400800e-02
1.710363983205943406e+00 6.782571333665078639e-02
1.721351153033022330e+00 6.095186529888403648e-02
1.732408903100329356e+00 5.463939762457550864e-02
1.743537686806726050e+00 4.885786342361021772e-02
1.754737960463654822e+00 4.357685357939062448e-02
1.766010183313846849e+00 3.876618157859206687e-02
1.777354817550153010e+00 3.439605468816641504e-02
1.788772328334494954e+00 3.043723055825605511e-02
1.800263183816937174e+00 2.686115855016726200e-02
1.811827855154883649e+00 2.364010530948788477e-02
1.823466816532396173e+00 2.074726432219604899e-02
1.835180545179636580e+00 1.815684940271656070e-02
1.846969521392433977e+00 1.584417226411427917e-02
1.858834228551984324e+00 1.378570450903107182e-02
1.870775153144660585e+00 1.195912455299473834e-02
1.882792784781965878e+00 1.034335014714736142e-02
1.894887616220608972e+00 8.918557303537834324e-03
1.907060143382706574e+00 7.666186541560771235e-03
1.919310865376119724e+00 6.568937468091017723e-03
1.931640284514916983e+00 5.610752775989192274e-03
1.944048906339971294e+00 4.776792796021325435e-03
1.956537239639688730e+00 4.053401766372568583e-03
1.969105796470867809e+00 3.428066992755829379e-03
1.981755092179703803e+00 2.889372061899102891e-03
1.994485645422906961e+00 2.426945243529343189e-03
2.007297978188977261e+00 2.031404172686995455e-03
2.020192615819605297e+00 1.694297847352797945e-03
2.033170087031212603e+00 1.408046908105309520e-03
2.046230923936629864e+00 1.165883089109753150e-03
2.059375662066916135e+00 9.617886454252158645e-04
2.072604840393318160e+00 7.904364726337342797e-04
2.085919001349366031e+00 6.471315432756728292e-04
2.099318690853115843e+00 5.277541925209925993e-04
2.112804458329541113e+00 4.287056947442103856e-04
2.126376856733048104e+00 3.468564848266288635e-04
2.140036442570156350e+00 2.794972944828251937e-04
2.153783775922316401e+00 2.242933958624202656e-04
2.167619420468872793e+00 1.792420730267976379e-04
2.181543943510177996e+00 1.426333773168878590e-04
2.195557915990853370e+00 1.130141655475868956e-04
2.209661912523197547e+00 8.915537060014003604e-05
2.223856511410749803e+00 7.002241234601374003e-05
2.238142294671997767e+00 5.474862275389166593e-05
2.252519848064252983e+00 4.261153217983416582e-05
2.266989761107652157e+00 3.301184376645359056e-05
2.281552627109341369e+00 2.545490902699748160e-05
2.296209043187797949e+00 1.953450943984233102e-05
2.310959610297316669e+00 1.491874555678852210e-05
2.325804933252649143e+00 1.133783604260772770e-05
2.340745620753803102e+00 8.573633521362012040e-06
2.355782285411001542e+00 6.450671434417203807e-06
2.370915543769799960e+00 4.828565678036376714e-06
2.386146016336367914e+00 3.595605994604554382e-06
2.401474327602929115e+00 2.663384407028656040e-06
2.416901106073375161e+00 1.962320939282059513e-06
2.432426984289024041e+00 1.437960051613542247e-06
2.448052598854563833e+00 1.047924296901226958e-06
2.463778590464153595e+00 7.594243997778476960e-07
2.479605603927694357e+00 5.472370582466509027e-07
2.495534288197266193e+00 3.920731105445815114e-07
2.511565296393739377e+00 2.792691903917038867e-07
2.527699285833551635e+00 1.977455479300550939e-07
2.543936918055663465e+00 1.391813154120172720e-07
2.560278858848676453e+00 9.736615060529793781e-08
2.576725778278146084e+00 6.769392587129462094e-08
2.593278350714039338e+00 4.676999433463087364e-08
2.609937254858395672e+00 3.210861699147013357e-08
2.626703173773154099e+00 2.190144493356861045e-08
2.643576794908160554e+00 1.484159247737628827e-08
2.660558810129354690e+00 9.990884454868757281e-09
2.677649915747139175e+00 6.680387417016515879e-09
2.694850812544929308e+00 4.436409840745747263e-09
2.712162205807887361e+00 2.925845695052991812e-09
2.729584805351839893e+00 1.916098356856586044e-09
2.747119325552390912e+00 1.245911202615151837e-09
2.764766485374199334e+00 8.042943067596153756e-10
2.782527008400466517e+00 5.154144731972960929e-10
2.800401622862605855e+00 3.278433880720897660e-10
2.818391061670099340e+00 2.069656783759112309e-10
2.836496062440550858e+00 1.296598666836496106e-10
2.854717367529929106e+00 8.060106329012338731e-11
2.873055724063008576e+00 4.971139107933598838e-11
2.891511883964000607e+00 3.041601698295629706e-11
2.910086603987384279e+00 1.845995880895831650e-11
2.928780645748945588e+00 1.111197068333328764e-11
2.947594775756988916e+00 6.633347661977156085e-12
2.966529765443776778e+00 3.926489163106657901e-12
2.985586391197159628e+00 2.304379388330372984e-12
3.004765434392408174e+00 1.340691204651593732e-12
3.024067681424253529e+00 7.731705291613854424e-13
3.043493923739128970e+00 4.419156789810206386e-13
3.063044957867625318e+00 2.503030959643173870e-13
3.082721585457147473e+00 1.404753396726399193e-13
3.102524613304782797e+00 7.810604313657700988e-14
3.122454853390394636e+00 4.301923856498846680e-14
3.142513122909896151e+00 2.346801888442404563e-14
3.162700244308770614e+00 1.267847678096715359e-14
3.183017045315791549e+00 6.782271883749554607e-15
3.203464358976960025e+00 3.592034525953450509e-15
3.224043023689664000e+00 1.883223722827622593e-15
3.244753883237054382e+00 9.772316707849083183e-16
3.265597786822641790e+00 5.018392425058714168e-16
3.286575589105115824e+00 2.549996570835071438e-16
3.307688150233391244e+00 1.281911478412616801e-16
3.328936335881869990e+00 6.374625052156801933e-17
3.350321017285950997e+00 3.135185588862309561e-17
3.371843071277733639e+00 1.524813778264798484e-17
3.393503380321983176e+00 7.332420299456130025e-18
3.415302832552310264e+00 3.485668003743748283e-18
3.437242321807588930e+00 1.637808146932478596e-18
3.459322747668604148e+00 7.605147670501015469e-19
3.481545015494938333e+00 3.489379652444693361e-19
3.503910036462094535e+00 1.581656312090152551e-19
3.526418727598854996e+00 7.081507772954221706e-20
3.549072011824879969e+00 3.131226564710595467e-20
3.571870817988564095e+00 1.367107947227700446e-20
3.594816080905100186e+00 5.892696727725498141e-21
3.617908741394823657e+00 2.507094621098738698e-21
3.641149746321783898e+00 1.052674396728365932e-21
3.664540048632571434e+00 4.361183822579854965e-22
3.688080607395388011e+00 1.782464769420709018e-22
3.711772387839374243e+00 7.185581194187387001e-23
3.735616361394183293e+00 2.856566199036127878e-23
3.759613505729815230e+00 1.119654641885254273e-23
3.783764804796698744e+00 4.326095575347474627e-24
3.808071248866052638e+00 1.647381046196123980e-24
3.832533834570464926e+00 6.181451920716843482e-25
3.857153564944773461e+00 2.285055652510314723e-25
3.881931449467190376e+00 8.319996077117214904e-26
3.906868504100693418e+00 2.983173525789646659e-26
3.931965751334680625e+00 1.053102768781712642e-26
3.957224220226899902e+00 3.659370620000253736e-27
3.982644946445639267e+00 1.251384464095956371e-27
4.008228972312193328e+00 4.210443999113277568e-28
4.033977346843598433e+00 1.393543673075055843e-28
4.059891125795660471e+00 4.535971400917862104e-29
4.085971371706220268e+00 1.451701211298596646e-29
4.112219153938735161e+00 4.567096862537604890e-30
4.138635548726123936e+00 1.412071723084437130e-30
4.165221639214894189e+00 4.289661033227476683e-31
4.191978515509555692e+00 1.280069752182412960e-31
4.218907274717315303e+00 3.751302532678495416e-32
4.246009020993064098e+00 1.079344985593017296e-32
4.273284865584647818e+00 3.048306984024214489e-33
4.300735926878434867e+00 8.448243172206805527e-34
4.328363330445166746e+00 2.297052737776330350e-34
4.356168209086127341e+00 6.125738622412951385e-35
4.384151702879562684e+00 1.601819075453980232e-35
4.412314959227450650e+00 4.106000510137753652e-36
4.440659132902536221e+00 1.031469898371598573e-36
4.469185386095686496e+00 2.538668823452857025e-37
4.497894888463538798e+00 6.119920629772531222e-38
4.526788817176464086e+00 1.444616203143595005e-38
4.555868356966831456e+00 3.338114223274731414e-39
4.585134700177586176e+00 7.548581278430599918e-40
4.614589046811134132e+00 1.670000656505391673e-40
4.644232604578566459e+00 3.613475753420098175e-41
4.674066588949147061e+00 7.644677262019881275e-42
4.704092223200172285e+00 1.580830254381594685e-42
4.734310738467122803e+00 3.194244780841522316e-43
4.764723373794141459e+00 6.304795832818634288e-44
4.795331376184843286e+00 1.215220068690681033e-44
4.826136000653439950e+00 2.286542437559520026e-45
4.857138510276201693e+00 4.198571181747570626e-46
4.888340176243247903e+00 7.521029700757359991e-47
4.919742277910663653e+00 1.313893949240441347e-47
4.951346102852974163e+00 2.237702300792937883e-48
4.983152946915914150e+00 3.714095712281281009e-49
5.015164114269576423e+00 6.005656311969191818e-50
5.047380917461886440e+00 9.457367398084779903e-51
5.079804677472415264e+00 1.449860476117590731e-51
5.112436723766545121e+00 2.163067253991759760e-52
5.145278394349983131e+00 3.139361304296800513e-53
5.178331035823623196e+00 4.430752902015886285e-54
5.211596003438756952e+00 6.078746742958791136e-55
5.245074661152641760e+00 8.103712433710947395e-56
5.278768381684444400e+00 1.049345257523910567e-56
5.312678546571498295e+00 1.319307176025910960e-57
5.346806546225968404e+00 1.609878306754194376e-58
5.381153779991857178e+00 1.905829078471058723e-59
5.415721656202385326e+00 2.187965551958700905e-60
5.450511592237731406e+00 2.434905684369732778e-61
5.485525014583153336e+00 2.625584862336466611e-62
5.520763358887476713e+00 2.742123029979651569e-63
5.556228070021959731e+00 2.772534991409115019e-64
5.591920602139536456e+00 2.712727349436021652e-65
5.627842418734437580e+00 2.567329106779266272e-66
5.663994992702220621e+00 2.349134966485711610e-67
5.700379806400125204e+00 2.077244334539940307e-68
5.736998351707880417e+00 1.774270947556796245e-69
5.773852130088869217e+00 1.463194154031597150e-70
5.810942652651691631e+00 1.164468830732663430e-71
5.848271440212124972e+00 8.939005415416183393e-73
5.885840023355482842e+00 6.615683701933357043e-74
5.923649942499371157e+00 4.718136100194853467e-75
5.961702747956851844e+00 3.240854794250598897e-76
6.000000000000000000e+00 2.143001044829803394e-77
