1.000000000000000021e-02 1.055753108844318062e-72
1.006423878153985853e-02 1.068776401636690684e-72
1.012889022518508909e-02 1.081990296790855941e-72
1.019395698182676974e-02 1.095398080888012361e-72
1.025944171938499710e-02 1.109003105858648169e-72
1.032534712291824537e-02 1.122808790448276015e-72
1.039167589473347954e-02 1.136818621720557994e-72
1.045843075449695916e-02 1.151036156596625436e-72
1.052561443934573945e-02 1.165465023434060150e-72
1.059322970399993041e-02 1.180108923644679156e-72
1.066127932087561000e-02 1.194971633353326943e-72
1.072976608019852313e-02 1.210057005098523444e-72
1.079869279011848836e-02 1.225368969575392843e-72
1.086806227682452809e-02 1.240911537423582251e-72
1.093787738466077755e-02 1.256688801059846249e-72
1.100814097624307555e-02 1.272704936557555382e-72
1.107885593257636019e-02 1.288964205573858279e-72
1.115002515317279307e-02 1.305470957326129871e-72
1.122165155617064515e-02 1.322229630619321866e-72
1.129373807845397183e-02 1.339244755924588980e-72
1.136628767577298887e-02 1.356520957512320431e-72
1.143930332286530530e-02 1.374062955639301218e-72
1.151278801357787616e-02 1.391875568792769989e-72
1.158674476098976898e-02 1.409963715993052762e-72
1.166117659753569506e-02 1.428332419154837065e-72
1.173608657513037536e-02 1.446986805510939641e-72
1.181147776529364000e-02 1.465932110099207898e-72
1.188735325927639877e-02 1.485173678313500147e-72
1.196371616818737126e-02 1.504716968522749832e-72
1.204056962312067582e-02 1.524567554758277635e-72
1.211791677528418522e-02 1.544731129471571066e-72
1.219576079612875140e-02 1.565213506365676905e-72
1.227410487747824033e-02 1.586020623300784320e-72
1.235295223166040304e-02 1.607158545277345329e-72
1.243230609163858968e-02 1.628633467498026545e-72
1.251216971114433099e-02 1.650451718512180189e-72
1.259254636481071422e-02 1.672619763443409195e-72
1.267343934830667505e-02 1.695144207304028264e-72
1.275485197847212558e-02 1.718031798398869741e-72
1.283678759345394972e-02 1.741289431819556790e-72
1.291924955284289370e-02 1.764924153034585504e-72
1.300224123781129268e-02 1.788943161575594447e-72
1.308576605125172203e-02 1.813353814823491787e-72
1.316982741791652631e-02 1.838163631898060656e-72
1.325442878455823648e-02 1.863380297653149258e-72
1.333957362007092036e-02 1.889011666781808586e-72
1.342526541563237967e-02 1.915065768032021441e-72
1.351150768484732194e-02 1.941550808540321327e-72
1.359830396389142236e-02 1.968475178283212252e-72
1.368565781165631719e-02 1.995847454652224662e-72
1.377357280989554081e-02 2.023676407154835694e-72
1.386205256337136142e-02 2.051971002246457861e-72
1.395110070000260549e-02 2.080740408295934216e-72
1.404072087101340856e-02 2.109994000690087942e-72
1.413091675108292360e-02 2.139741367080627558e-72
1.422169203849599044e-02 2.169992312777748206e-72
1.431305045529479743e-02 2.200756866295693468e-72
1.440499574743146251e-02 2.232045285053648001e-72
1.449753168492164644e-02 2.263868061238557048e-72
1.459066206199912362e-02 2.296235927832431782e-72
1.468439069727138849e-02 2.329159864811873379e-72
1.477872143387618312e-02 2.362651105522775407e-72
1.487365813963910204e-02 2.396721143238190545e-72
1.496920470723218238e-02 2.431381737901484743e-72
1.506536505433351235e-02 2.466644923064469704e-72
1.516214312378785789e-02 2.502523013024185336e-72
1.525954288376836498e-02 2.539028610164951134e-72
1.535756832793921424e-02 2.576174612512374258e-72
1.545622347561940654e-02 2.613974221506869289e-72
1.555551237194755312e-02 2.652440950000996192e-72
1.565543908804776368e-02 2.691588630491497250e-72
1.575600772119652854e-02 2.731431423589808679e-72
1.585722239499075259e-02 2.771983826740436688e-72
1.595908725951682844e-02 2.813260683196282128e-72
1.606160649152079192e-02 2.855277191256164326e-72
1.616478429457958096e-02 2.898048913774880944e-72
1.626862489927342198e-02 2.941591787955181082e-72
1.637313256335925366e-02 2.985922135427890493e-72
1.647831157194533033e-02 3.031056672634387958e-72
1.658416623766692174e-02 3.077012521514242341e-72
1.669070090086312991e-02 3.123807220515536657e-72
1.679791992975489603e-02 3.171458735932608976e-72
1.690582772062405176e-02 3.219985473584463616e-72
1.701442869799361587e-02 3.269406290844767053e-72
1.712372731480920826e-02 3.319740509034873818e-72
1.723372805262161217e-02 3.371007926190657079e-72
1.734443542177057859e-02 3.423228830217860165e-72
1.745585396156970961e-02 3.476424012446959903e-72
1.756798824049260119e-02 3.530614781599721441e-72
1.768084285636018285e-02 3.585822978185521363e-72
1.779442243652919892e-02 3.642070989336290953e-72
1.790873163808201496e-02 3.699381764098233325e-72
1.802377514801748598e-02 3.757778829195393620e-72
1.813955768344318459e-02 3.817286305278543355e-72
1.825608399176882266e-02 3.877928923678732011e-72
1.837335885090087689e-02 3.939732043679727514e-72
1.849138706943850852e-02 4.002721670330996011e-72
1.861017348687077008e-02 4.066924472812709431e-72
1.872972297377496417e-02 4.132367803379530559e-72
1.885004043201640375e-02 4.199079716896913646e-72
1.897113079494937293e-02 4.267088990992622111e-72
1.909299902761945472e-02 4.336425146843999765e-72
1.921565012696705224e-02 4.407118470624987991e-72
1.933908912203231162e-02 4.479200035629476214e-72
1.946332107416131815e-02 4.552701725104176808e-72
1.958835107721363517e-02 4.627656255803549026e-72
1.971418425777114042e-02 4.704097202303883109e-72
1.984082577534828848e-02 4.782059022093524483e-72
1.996828082260358739e-02 4.861577081472448338e-72
2.009655462555256372e-02 4.942687682283854944e-72
2.022565244378202176e-02 5.025428089515494100e-72
2.035557957066574247e-02 5.109836559790476458e-72
2.048634133358146273e-02 5.195952370787683496e-72
2.061794309412935330e-02 5.283815851620490832e-72
2.075039024835185000e-02 5.373468414209471849e-72
2.088368822695491761e-02 5.464952585683105767e-72
2.101784249553069472e-02 5.558312041843015701e-72
2.115285855478164778e-02 5.653591641733102463e-72
2.128874194074606083e-02 5.750837463353036709e-72
2.142549822502506224e-02 5.850096840551977466e-72
2.156313301501104965e-02 5.951418401152410135e-72
2.170165195411766917e-02 6.054852106343077617e-72
2.184106072201113039e-02 6.160449291388102708e-72
2.198136503484313456e-02 6.268262707703015254e-72
2.212257064548524971e-02 6.378346566341409148e-72
2.226468334376478786e-02 6.490756582952464652e-72
2.240770895670221238e-02 6.605550024254240427e-72
2.255165334875003022e-02 6.722785756082406733e-72
2.269652242203332518e-02 6.842524293076333248e-72
2.284232211659167552e-02 6.964827850053748709e-72
2.298905841062274386e-02 7.089760395145760682e-72
2.313673732072744557e-02 7.217387704750508435e-72
2.328536490215657451e-02 7.347777420380098555e-72
2.343494724905912513e-02 7.480999107460890880e-72
2.358549049473216558e-02 7.617124316176416707e-72
2.373700081187231706e-02 7.756226644407800056e-72
2.388948441282884652e-02 7.898381802877248113e-72
2.404294754985839000e-02 8.043667682549430346e-72
2.419739651538135167e-02 8.192164424397872792e-72
2.435283764223983988e-02 8.343954491618736484e-72
2.450927730395738649e-02 8.499122744381366547e-72
2.466672191500024827e-02 8.657756517214681335e-72
2.482517793104046036e-02 8.819945699136501975e-72
2.498465184922048221e-02 8.985782816621242150e-72
2.514515020841963031e-02 9.155363119520808977e-72
2.530667958952218660e-02 9.328784670052681099e-72
2.546924661568723824e-02 9.506148434970708574e-72
2.563285795262021383e-02 9.687558381045791274e-72
2.579752030884627234e-02 9.873121573983683044e-72
2.596324043598527420e-02 1.006294828090998590e-71
2.613002512902868127e-02 1.025715207657444160e-71
2.629788122661813263e-02 1.045584995339922818e-71
2.646681561132591815e-02 1.065916243554707268e-71
2.663683520993708614e-02 1.086721369714886796e-71
2.680794699373352172e-02 1.108013168486606977e-71
2.698015797877977365e-02 1.129804824494807789e-71
2.715347522621074441e-02 1.152109925498716980e-71
2.732790584252117738e-02 1.174942476052568692e-71
2.750345697985713198e-02 1.198316911673664764e-71
2.768013583630912419e-02 1.222248113537276488e-71
2.785794965620734878e-02 1.246751423718614709e-71
2.803690573041868125e-02 1.271842661005967890e-71
2.821701139664567828e-02 1.297538137305837252e-71
2.839827403972735795e-02 1.323854674666142963e-71
2.858070109194206510e-02 1.350809622941571265e-71
2.876430003331218940e-02 1.378420878126991913e-71
2.894907839191087490e-02 1.406706901387593123e-71
2.913504374417069318e-02 1.435686738812925186e-71
2.932220371519427687e-02 1.465380041925716765e-71
2.951056597906703480e-02 1.495807088976327532e-71
2.970013825917171973e-02 1.526988807054801244e-71
2.989092832850515427e-02 1.558946795055851819e-71
3.008294400999699664e-02 1.591703347530132354e-71
3.027619317683039393e-02 1.625281479462429662e-71
3.047068375276488703e-02 1.659704952010578651e-71
3.066642371246128262e-02 1.694998299251073478e-71
3.086342108180863478e-02 1.731186855969044952e-71
3.106168393825332885e-02 1.768296786540091397e-71
3.126122041113026800e-02 1.806355114948388020e-71
3.146203868199626275e-02 1.845389755990126969e-71
3.166414698496539809e-02 1.885429547712816211e-71
3.186755360704669748e-02 1.926504285143462064e-71
3.207226688848397594e-02 1.968644755361200690e-71
3.227829522309770549e-02 2.011882773969932733e-71
3.248564705862926755e-02 2.056251223036630277e-71
3.269433089708729395e-02 2.101784090552130476e-71
3.290435529509627005e-02 2.148516511485992247e-71
3.311572886424742762e-02 2.196484810503176781e-71
3.332846027145178192e-02 2.245726546412455700e-71
3.354255823929552793e-02 2.296280558427158430e-71
3.375803154639773346e-02 2.348187014315537688e-71
3.397488902777018316e-02 2.401487460521674313e-71
3.419313957517976926e-02 2.456224874350304550e-71
3.441279213751295696e-02 2.512443718299918174e-71
3.463385572114277555e-02 2.570189996645904700e-71
3.485633939029812722e-02 2.629511314369339035e-71
3.508025226743537173e-02 2.690456938540438286e-71
3.530560353361246462e-02 2.753077862264208518e-71
3.553240242886532285e-02 2.817426871304346823e-71
3.576065825258672309e-02 2.883558613506916452e-71
3.599038036390766332e-02 2.951529671150883380e-71
3.622157818208099345e-02 3.021398636357475962e-71
3.645426118686775213e-02 3.093226189698462885e-71
3.668843891892576564e-02 3.167075182150495570e-71
3.692412098020089045e-02 3.243010720547443969e-71
3.716131703432073302e-02 3.321100256692730676e-71
3.740003680699084676e-02 3.401413680300945579e-71
3.764029008639353802e-02 3.484023415944464222e-71
3.788208672358921170e-02 3.569004524194025835e-71
3.812543663292024959e-02 3.656434807144967299e-71
3.837034979241763649e-02 3.746394918537626917e-71
3.861683624420994554e-02 3.838968478684206096e-71
3.886490609493514770e-02 3.934242194431710208e-71
3.911456951615511352e-02 4.032305984394944439e-71
3.936583674477250189e-02 4.133253109712013711e-71
3.961871808345061863e-02 4.237180310581776453e-71
3.987322390103581471e-02 4.344187948860993512e-71
4.012936463298266698e-02 4.454380157010615351e-71
4.038715078178180956e-02 4.567864993692187635e-71
4.064659291739061014e-02 4.684754606340139194e-71
4.090770167766658721e-02 4.805165401039584254e-71
4.117048776880351951e-02 4.929218220068439789e-71
4.143496196577045598e-02 5.057038527474759620e-71
4.170113511275359841e-02 5.188756603075905455e-71
4.196901812360082779e-02 5.324507745300127199e-71
4.223862198226925602e-02 5.464432483294716922e-71
4.250995774327562260e-02 5.608676798761484709e-71
4.278303653214950847e-02 5.757392357998510888e-71
4.305786954588956134e-02 5.910736754651416755e-71
4.333446805342257291e-02 6.068873763709333297e-71
4.361284339606552596e-02 6.231973607299874606e-71
4.389300698799071532e-02 6.400213232879152484e-71
4.417497031669358892e-02 6.573776604434254423e-71
4.445874494346396810e-02 6.752855007350090157e-71
4.474434250385991851e-02 6.937647367637895730e-71
4.503177470818491707e-02 7.128360586243513969e-71
4.532105334196803725e-02 7.325209889206091381e-71
4.561219026644713209e-02 7.528419194473936017e-71
4.590519741905520201e-02 7.738221496226931566e-71
4.620008681390987831e-02 7.954859267604687049e-71
4.649687054230598054e-02 8.178584882790012979e-71
4.679556077321140456e-02 8.409661059437633903e-71
4.709616975376592490e-02 8.648361322511757029e-71
4.739870980978354992e-02 8.894970490642033686e-71
4.770319334625772872e-02 9.149785186161668610e-71
4.800963284787011787e-02 9.413114370086082747e-71
4.831804087950242882e-02 9.685279903316459700e-71
4.862843008675165474e-02 9.966617135472497067e-71
4.894081319644856543e-02 1.025747552279196452e-70
4.925520301717953298e-02 1.055821927665401175e-70
4.957161243981170196e-02 1.086922804434513801e-70
4.989005443802165679e-02 1.119089762378699643e-70
5.021054206882722554e-02 1.152364071405525634e-70
5.053308847312291963e-02 1.186788770359148501e-70
5.085770687621885000e-02 1.222408749815905451e-70
5.118441058838280738e-02 1.259270839067952721e-70
5.151321300538615200e-02 1.297423897522262679e-70
5.184412760905307560e-02 1.336918910755731688e-70
5.217716796781331906e-02 1.377809091480255226e-70
5.251234773725860228e-02 1.420149985686912859e-70
5.284968066070245413e-02 1.463999584253546774e-70
5.318918056974386577e-02 1.509418440318431785e-70
5.353086138483425377e-02 1.556469792737183488e-70
5.387473711584830210e-02 1.605219695962729260e-70
5.422082186265853032e-02 1.655737156704770879e-70
5.456912981571321319e-02 1.708094277748522696e-70
5.491967525661839433e-02 1.762366409334705179e-70
5.527247255872337617e-02 1.818632308525586713e-70
5.562753618771013736e-02 1.876974307008952305e-70
5.598488070218642088e-02 1.937478487817506915e-70
5.634452075428270090e-02 2.000234871472660144e-70
5.670647109025290372e-02 2.065337612087598809e-70
5.707074655107920863e-02 2.132885204002882612e-70
5.743736207308031833e-02 2.202980699558629463e-70
5.780633268852414935e-02 2.275731938644999749e-70
5.817767352624399896e-02 2.351251790713788615e-70
5.855139981225895157e-02 2.429658409973400637e-70
5.892752687039821274e-02 2.511075504537420168e-70
5.930607012292937047e-02 2.595632620339921267e-70
5.968704509119080598e-02 2.683465440686680700e-70
6.007046739622807358e-02 2.774716102360839632e-70
6.045635275943438830e-02 2.869533529262978033e-70
6.084471700319537407e-02 2.968073784623794996e-70
6.123557605153762129e-02 3.070500442896552563e-70
6.162894593078183103e-02 3.176984982500307691e-70
6.202484277019974790e-02 3.287707200670250738e-70
6.242328280267563784e-02 3.402855651736897507e-70
6.282428236537182520e-02 3.522628110253447106e-70
6.322785790039857357e-02 3.647232060473310804e-70
6.363402595548825480e-02 3.776885213782177534e-70
6.404280318467388267e-02 3.911816055784730786e-70
6.445420634897189305e-02 4.052264424866296189e-70
6.486825231706953854e-02 4.198482124159823387e-70
6.528495806601640472e-02 4.350733568978523698e-70
6.570434068192053390e-02 4.509296471906661486e-70
6.612641736064915621e-02 4.674462567889828499e-70
6.655120540853358413e-02 4.846538381813195856e-70
6.697872224307888089e-02 5.025846041228090913e-70
6.740898539367808084e-02 5.212724137057742943e-70
6.784201250233087843e-02 5.407528635304401418e-70
6.827782132436703566e-02 5.610633842985352563e-70
6.871642972917434145e-02 5.822433431730919234e-70
6.915785570093148371e-02 6.043341522722951819e-70
6.960211733934519585e-02 6.273793836890316482e-70
7.004923286039253794e-02 6.514248914544201774e-70
7.049922059706788258e-02 6.765189408927465896e-70
7.095209900013441096e-02 7.027123458449461778e-70
7.140788663888081311e-02 7.300586142709300393e-70
7.186660220188260950e-02 7.586141027758069404e-70
7.232826449776846855e-02 7.884381806432261963e-70
7.279289245599139535e-02 8.195934039985688886e-70
7.326050512760487465e-02 8.521457007685200751e-70
7.373112168604402383e-02 8.861645671503268945e-70
7.420476142791186669e-02 9.217232763531747340e-70
7.468144377377032572e-02 9.588991004279481956e-70
7.516118826893676552e-02 9.977735460593903176e-70
7.564401458428519909e-02 1.038432605256794874e-69
7.612994251705297588e-02 1.080967021944143567e-69
7.661899199165246588e-02 1.125472575524373312e-69
7.711118306048804494e-02 1.172050382567156821e-69
7.760653590477831210e-02 1.220807217852860600e-69
7.810507083538353879e-02 1.271855856094802881e-69
7.860680829363843325e-02 1.325315435755918450e-69
7.911176885219048383e-02 1.381311846479883696e-69
7.961997321584320109e-02 1.439978141767167429e-69
8.013144222240539682e-02 1.501454978644591104e-69
8.064619684354527862e-02 1.565891086207253356e-69
8.116425818565056738e-02 1.633443765047133805e-69
8.168564749069383291e-02 1.704279419735000621e-69
8.221038613710347775e-02 1.778574126678252341e-69
8.273849564064035544e-02 1.856514239855206507e-69
8.326999765527991204e-02 1.938297037108518754e-69
8.380491397410007315e-02 2.024131409885587800e-69
8.434326653017495956e-02 2.114238599526726701e-69
8.488507739747394587e-02 2.208852983439361456e-69
8.543036879176692244e-02 2.308222914749595674e-69
8.597916307153530280e-02 2.412611619291397198e-69
8.653148273888852660e-02 2.522298154094002953e-69
8.708735044048687701e-02 2.637578431842943142e-69
8.764678896847001577e-02 2.758766316136774399e-69
8.820982126139158275e-02 2.886194792730673906e-69
8.877647040515962429e-02 3.020217222365683597e-69
8.934675963398325260e-02 3.161208681210846970e-69
8.992071233132541141e-02 3.309567395421981373e-69
9.049835203086145641e-02 3.465716276828412860e-69
9.107970241744417494e-02 3.630104567309067133e-69
9.166478732807512020e-02 3.803209600017997833e-69
9.225363075288169068e-02 3.985538686265031857e-69
9.284625683610100988e-02 4.177631137560693593e-69
9.344268987706978724e-02 4.380060433087926354e-69
9.404295433122077108e-02 4.593436543691404740e-69
9.464707481108537712e-02 4.818408424365773570e-69
9.525507608730292286e-02 5.055666688190943172e-69
9.586698308963639836e-02 5.305946475710851930e-69
9.648282090799444044e-02 5.570030534895723333e-69
9.710261479346017632e-02 5.848752528061093041e-69
9.772639015932678419e-02 6.143000583460642652e-69
9.835417258213917380e-02 6.453721110726200649e-69
9.898598780274293907e-02 6.781922900916626632e-69
9.962186172733968059e-02 7.128681533657067146e-69
1.002618204285493225e-01 7.495144115718834542e-69
1.009058901464790770e-01 7.882534377436298001e-69
1.015540972897995414e-01 8.292158155557284151e-69
1.022064684368272219e-01 8.725409293542620575e-69
1.028630303366146054e-01 9.183775992953023915e-69
1.035238099100467546e-01 9.668847652411735845e-69
1.041888342509452864e-01 1.018232223374423904e-68
1.048581306271791219e-01 1.072601419828460957e-68
1.055317264817828560e-01 1.130186306003001820e-68
1.062096494340815794e-01 1.191194260634703171e-68
1.068919272808236676e-01 1.255847084132804040e-68
1.075785879973203824e-01 1.324382071167367859e-68
1.082696597385929549e-01 1.397053168021700368e-68
1.089651708405271757e-01 1.474132221789006700e-68
1.096651498210349657e-01 1.555910329116665861e-68
1.103696253812238987e-01 1.642699292881909088e-68
1.110786264065739409e-01 1.734833195925404932e-68
1.117921819681218232e-01 1.832670101779737708e-68
1.125103213236532396e-01 1.936593893219765038e-68
1.132330739189021801e-01 2.047016260431610453e-68
1.139604693887584785e-01 2.164378851658333948e-68
1.146925375584828821e-01 2.289155600343438368e-68
1.154293084449299622e-01 2.421855244066136653e-68
1.161708122577790325e-01 2.563024051954017783e-68
1.169170794007725611e-01 2.713248778787900246e-68
1.176681404729630065e-01 2.873159865681494164e-68
1.184240262699674112e-01 3.043434909059954137e-68
1.191847677852300308e-01 3.224802421661298083e-68
1.199503962112934419e-01 3.418045911502509442e-68
1.207209429410771029e-01 3.624008307159570027e-68
1.214964395691648658e-01 3.843596760381208428e-68
1.222769178931002731e-01 4.077787859959783993e-68
1.230624099146904044e-01 4.327633293999375863e-68
1.238529478413182422e-01 4.594266001235449960e-68
1.246485640872628253e-01 4.878906855935057042e-68
1.254492912750286848e-01 5.182871935162489611e-68
1.262551622366833437e-01 5.507580421878574966e-68
1.270662100152034346e-01 5.854563202497758268e-68
1.278824678658298797e-01 6.225472223195844709e-68
1.287039692574309668e-01 6.622090675513686058e-68
1.295307478738750295e-01 7.046344088683689539e-68
1.303628376154114810e-01 7.500312413688271407e-68
1.312002726000606467e-01 7.986243192426944130e-68
1.320430871650131455e-01 8.506565914594000087e-68
1.328913158680373185e-01 9.063907675030725999e-68
1.337449934888964298e-01 9.661110255568374725e-68
1.346041550307747192e-01 1.030124876775929590e-67
1.354688357217126438e-01 1.098765200660733137e-67
1.363390710160511665e-01 1.172392468052381856e-67
1.372148965958858990e-01 1.251397169948977882e-67
1.380963483725296259e-01 1.336202472188589314e-67
1.389834624879851266e-01 1.427267118091925260e-67
1.398762753164270178e-01 1.525088603424098463e-67
1.407748234656930331e-01 1.630206650540406063e-67
1.416791437787855157e-01 1.743207011358448283e-67
1.425892733353814612e-01 1.864725631878381103e-67
1.435052494533533285e-01 1.995453214379578030e-67
1.444271096902990104e-01 2.136140217207384661e-67
1.453548918450817407e-01 2.287602336257613112e-67
1.462886339593803264e-01 2.450726516921767943e-67
1.472283743192484284e-01 2.626477550425943724e-67
1.481741514566846940e-01 2.815905314235942164e-67
1.491260041512126600e-01 3.020152722581456013e-67
1.500839714314707585e-01 3.240464460241214265e-67
1.510480925768128146e-01 3.478196580615554942e-67
1.520184071189182307e-01 3.734827057887368692e-67
1.529949548434131612e-01 4.011967392831620556e-67
1.539777757915017919e-01 4.311375382704677252e-67
1.549669102616080818e-01 4.634969177755782499e-67
1.559623988110283022e-01 4.984842760389330904e-67
1.569642822575936791e-01 5.363282998059266968e-67
1.579726016813443046e-01 5.772788437741446631e-67
1.589873984262133721e-01 6.216090028563902537e-67
1.600087141017224879e-01 6.696173980058411224e-67
1.610365905846878887e-01 7.216306986852590775e-67
1.620710700209372357e-01 7.780064076669550626e-67
1.631121948270378430e-01 8.391359367681109173e-67
1.641600076920359252e-01 9.054480053820418261e-67
1.652145515792068364e-01 9.774123973140230011e-67
1.662758697278170772e-01 1.055544115511434075e-66
1.673440056548965715e-01 1.140407978845904566e-66
1.684190031570235446e-01 1.232623710227126529e-66
1.695009063121200032e-01 1.332871571063000450e-66
1.705897594812591511e-01 1.441898603515954331e-66
1.716856073104844893e-01 1.560525549221785297e-66
1.727884947326401022e-01 1.689654521236566207e-66
1.738984669692131835e-01 1.830277515073140872e-66
1.750155695321883587e-01 1.983485854904437863e-66
1.761398482259134701e-01 2.150480682491911813e-66
1.772713491489782689e-01 2.332584609312970435e-66
1.784101186961039864e-01 2.531254666878307674e-66
1.795562035600458961e-01 2.748096706583412154e-66
1.807096507335079205e-01 2.984881418840642340e-66
1.818705075110692848e-01 3.243562161975727581e-66
1.830388214911238820e-01 3.526294814746257947e-66
1.842146405778320173e-01 3.835459892692079021e-66
1.853980129830842816e-01 4.173687198262221502e-66
1.865889872284786921e-01 4.543883308231166690e-66
1.877876121473100457e-01 4.949262239809013564e-66
1.889939368865722058e-01 5.393379679690754955e-66
1.902080109089736293e-01 5.880171208686671145e-66
1.914298839949648834e-01 6.413995009340758984e-66
1.926596062447801794e-01 6.999679605898878818e-66
1.938972280804915349e-01 7.642577256130444434e-66
1.951428002480760926e-01 8.348623693974069633e-66
1.963963738194973163e-01 9.124405012008435145e-66
1.976580001947984278e-01 9.977232574875274044e-66
1.989277311042103036e-01 1.091522697059397334e-65
2.002056186102726121e-01 1.194741213820331133e-65
2.014917151099682446e-01 1.308382095947211323e-65
2.027860733368722912e-01 1.433561377207532417e-65
2.040887463633135890e-01 1.571521145453080576e-65
2.053997876025512315e-01 1.723644495253789667e-65
2.067192508109645666e-01 1.891472336609938946e-65
2.080471900902573501e-01 2.076722300102978939e-65
2.093836598896762768e-01 2.281310011243546984e-65
2.107287150082431670e-01 2.507373043688304848e-65
2.120824105970021134e-01 2.757297903113222830e-65
2.134448021612808388e-01 3.033750441579310002e-65
2.148159455629664039e-01 3.339710157094646183e-65
2.161958970227961241e-01 3.678508895751873149e-65
2.175847131226622266e-01 4.053874545469062203e-65
2.189824508079321608e-01 4.469980392293887371e-65
2.203891673897835080e-01 4.931500903994292437e-65
2.218049205475537411e-01 5.443674813016493985e-65
2.232297683311057490e-01 6.012376493874520454e-65
2.246637691632072387e-01 6.644196771006718322e-65
2.261069818419268740e-01 7.346534454833369380e-65
2.275594655430448754e-01 8.127700089289587241e-65
2.290212798224794122e-01 8.997033607164979055e-65
2.304924846187288989e-01 9.965037834378829799e-65
2.319731402553290578e-01 1.104353006570138788e-64
2.334633074433267730e-01 1.224581425814455418e-64
2.349630472837692108e-01 1.358687676076182779e-64
2.364724212702093431e-01 1.508360892865544806e-64
2.379914912912270419e-01 1.675506046336266345e-64
2.395203196329672712e-01 1.862272789180382208e-64
2.410589689816931835e-01 2.071088325365057456e-64
2.426075024263570079e-01 2.304694882611086878e-64
2.441659834611867586e-01 2.566192459209863760e-64
2.457344759882894025e-01 2.859087617130685626e-64
2.473130443202717077e-01 3.187349210594565284e-64
2.489017531828764396e-01 3.555472074940405043e-64
2.505006677176366825e-01 3.968549857701011931e-64
2.521098534845468420e-01 4.432358355803378627e-64
2.537293764647506888e-01 4.953450933841513977e-64
2.553593030632470007e-01 5.539267843185213726e-64
2.569997001116120505e-01 6.198261545888237682e-64
2.586506348707399150e-01 6.940040477507086249e-64
2.603121750336006568e-01 7.775534066676171745e-64
2.619843887280153827e-01 8.717182275633680964e-64
2.636673445194505638e-01 9.779153445361700540e-64
2.653611114138285099e-01 1.097759483401283374e-63
2.670657588603572163e-01 1.233092094236485043e-63
2.687813567543779203e-01 1.386014554225412307e-63
2.705079754402308634e-01 1.558926428341594043e-63
2.722456857141403175e-01 1.754569587453147671e-63
2.739945588271162635e-01 1.976079114344956871e-63
2.757546664878767206e-01 2.227042081227387456e-63
2.775260808657878386e-01 2.511565461409369492e-63
2.793088745938227535e-01 2.834354647521892027e-63
2.811031207715403712e-01 3.200804294380638150e-63
2.829088929680818598e-01 3.617103492657997544e-63
2.847262652251878468e-01 4.090357617522010871e-63
2.865553120602338799e-01 4.628729593231205141e-63
2.883961084692860388e-01 5.241603780898517668e-63
2.902487299301764190e-01 5.939776244795536290e-63
2.921132524055969903e-01 6.735675797483176257e-63
2.939897523462150497e-01 7.643620983379793536e-63
2.958783066938076023e-01 8.680119054993014635e-63
2.977789928844161160e-01 9.864214050864778859e-63
2.996918888515222035e-01 1.121789232883627285e-62
3.016170730292422331e-01 1.276655537775007798e-62
3.035546243555439228e-01 1.453957146709251196e-62
3.055046222754828622e-01 1.657091974725714743e-62
3.074671467444600181e-01 1.889994284272414518e-62
3.094422782314999454e-01 2.157222685754340433e-62
3.114300977225508693e-01 2.464063112212633256e-62
3.134306867238044192e-01 2.816649405392533589e-62
3.154441272650382322e-01 3.222104630368755053e-62
3.174705019029792075e-01 3.688706805899907677e-62
3.195098937246885207e-01 4.226083415196244213e-62
3.215623863509688429e-01 4.845439867710731477e-62
3.236280639397923764e-01 5.559828041956515370e-62
3.257070111897519271e-01 6.384462182311371246e-62
3.277993133435337936e-01 7.337090785485671040e-62
3.299050561914126933e-01 8.438434738272984889e-62
3.320243260747701708e-01 9.712703909768701564e-62
3.341572098896337661e-01 1.118820672146735817e-61
3.363037950902406092e-01 1.289806999360916876e-61
3.384641696926233290e-01 1.488108968750986617e-61
3.406384222782185556e-01 1.718273714220158680e-61
3.428266419974997370e-01 1.985635017330019257e-61
3.450289185736318265e-01 2.296454412448257116e-61
3.472453423061502842e-01 2.658088483321283495e-61
3.494760040746641150e-01 3.079187372956455839e-61
3.517209953425813884e-01 3.569930521801001368e-61
3.539804081608607378e-01 4.142306844558724037e-61
3.562543351717842866e-01 4.810447995991251383e-61
3.585428696127570536e-01 5.591025112200537913e-61
3.608461053201297841e-01 6.503721508807594925e-61
3.631641367330464831e-01 7.571796347391496308e-61
3.654970588973169843e-01 8.822757339414385685e-61
3.678449674693134996e-01 1.028916425589898222e-60
3.702079587198932598e-01 1.200958948956038192e-60
3.725861295383456340e-01 1.402976734276180017e-60
3.749795774363649525e-01 1.640397029593441759e-60
3.773884005520492524e-01 1.919665849943563968e-60
3.798126976539232258e-01 2.248445843651080332e-60
3.822525681449886470e-01 2.635853850484342851e-60
3.847081120668002230e-01 3.092746362417483217e-60
3.871794301035670349e-01 3.632062846809397002e-60
3.896666235862820127e-01 4.269239024085436488e-60
3.921697944968753347e-01 5.022704793719452592e-60
3.946890454723969155e-01 5.914484679657886662e-60
3.972244798092245399e-01 6.970922550077029164e-60
3.997762014672994191e-01 8.223557117875791669e-60
4.023443150743883923e-01 9.710180546621800940e-60
4.049289259303751609e-01 1.147611961781000782e-59
4.075301400115762251e-01 1.357578766336794475e-59
4.101480639750873514e-01 1.607456620878463488e-59
4.127828051631564632e-01 1.905108847333136429e-59
4.154344716075848432e-01 2.260001311277869333e-59
4.181031720341574220e-01 2.683539658431231906e-59
4.207890158670998249e-01 3.189479715430349848e-59
4.234921132335656702e-01 3.794427396555169789e-59
4.262125749681520692e-01 4.518448211068801280e-59
4.289505126174437688e-01 5.385811104086122729e-59
4.317060384445879917e-01 6.425897101574567268e-59
4.344792654338959226e-01 7.674310334629824019e-59
4.372703072954765013e-01 9.174237823514792219e-59
4.400792784698985827e-01 1.097811532582021708e-58
4.429062941328829606e-01 1.314967011823606170e-58
4.457514702000259788e-01 1.576642844272471213e-58
4.486149233315510076e-01 1.892279632681707624e-58
4.514967709370925619e-01 2.273384861522357602e-58
4.543971311805105051e-01 2.733999362156758868e-58
4.573161229847345632e-01 3.291272145429310959e-58
4.602538660366416456e-01 3.966169484105796281e-58
4.632104807919619205e-01 4.784350475676371451e-58
4.661860884802186966e-01 5.777249261316037542e-58
4.691808111096988365e-01 6.983414031140699765e-58
4.721947714724555323e-01 8.450165429900901795e-58
4.752280931493437777e-01 1.023565264964976526e-57
4.782809005150861492e-01 1.241140519107715437e-57
4.813533187433736704e-01 1.506550305097006037e-57
4.844454738119977621e-01 1.830651929229858757e-57
4.875574925080157218e-01 2.226842828158270884e-57
4.906895024329500643e-01 2.711672250493451205e-57
4.938416320080192268e-01 3.305604356158783740e-57
4.970140104794042446e-01 4.033971220195253988e-57
5.002067679235477904e-01 4.928164261709153320e-57
5.034200352524874633e-01 6.027125333379050224e-57
5.066539442192246057e-01 7.379214835649506339e-57
5.099086274231252602e-01 9.044554700929986294e-57
5.131842183153575432e-01 1.109797012914417021e-56
5.164808512043638222e-01 1.363268708893300003e-56
5.197986612613673119e-01 1.676498480873359990e-56
5.231377845259151949e-01 2.064005631368508735e-56
5.264983579114558276e-01 2.543939879254856584e-56
5.298805192109525830e-01 3.139014342155546987e-56
5.332844071025344412e-01 3.877684666866283012e-56
5.367101611551816642e-01 4.795640907388795858e-56
5.401579218344484401e-01 5.937697212387301868e-56
5.436278305082230533e-01 7.360188085226864056e-56
5.471200294525235819e-01 9.134010440873574900e-56
5.506346618573316753e-01 1.134848987664931961e-55
5.541718718324643023e-01 1.411630005777441960e-55
5.577318044134820241e-01 1.757972922027435412e-55
5.613146055676369039e-01 2.191867184096819990e-55
5.649204221998559428e-01 2.736083215407897749e-55
5.685494021587660374e-01 3.419476675718179975e-55
5.722016942427554653e-01 4.278657564206665394e-55
5.758774482060748934e-01 5.360128715086482598e-55
5.795768147649789093e-01 6.723028900580817841e-55
5.832999456039044128e-01 8.442655619099721721e-55
5.870469933816904184e-01 1.061499452726666314e-54
5.908181117378380476e-01 1.336255007538238668e-54
5.946134552988096011e-01 1.684186009384845847e-54
5.984331796843695983e-01 2.125319225866082501e-54
6.022774415139643400e-01 2.685307097757203703e-54
6.061463984131443272e-01 3.397048041998623870e-54
6.100402090200276461e-01 4.302784786985894564e-54
6.139590329918040990e-01 5.456825076020351285e-54
6.179030310112822999e-01 6.929073639871457151e-54
6.218723647934772947e-01 8.809622964749419248e-54
6.258671970922415895e-01 1.121472759729840968e-53
6.298876917069388126e-01 1.429458855230946268e-53
6.339340134891592315e-01 1.824350882902777235e-53
6.380063283494807891e-01 2.331315876375496876e-53
6.421048032642696635e-01 2.982992517382670055e-53
6.462296062825283460e-01 3.821762997347611385e-53
6.503809065327855743e-01 4.902731755676136089e-53
6.545588742300306739e-01 6.297635973416584593e-53
6.587636806826945302e-01 8.099985792852069176e-53
6.629954982996713042e-01 1.043182958064547574e-52
6.672545005973894439e-01 1.345266936684157583e-52
6.715408622069257705e-01 1.737122492207977268e-52
6.758547588811653073e-01 2.246097666168288875e-52
6.801963675020092914e-01 2.908072775678894058e-52
6.845658660876259294e-01 3.770184158977822366e-52
6.889634337997506686e-01 4.894436865575950846e-52
6.933892509510318769e-01 6.362502678945725894e-52
6.978434990124248172e-01 8.282100743038910777e-52
7.023263606206313625e-01 1.079549397952327370e-51
7.068380195855905601e-01 1.409081783399305128e-51
7.113786608980130488e-01 1.841720555501534056e-51
7.159484707369674350e-01 2.410500918759272360e-51
7.205476364775141862e-01 3.159286912926030443e-51
7.251763466983878192e-01 4.146400031658571053e-51
7.298347911897308249e-01 5.449489851645581149e-51
7.345231609608733336e-01 7.172080610109689994e-51
7.392416482481665163e-01 9.452382323579243862e-51
7.439904465228642794e-01 1.247516588713247574e-50
7.487697504990562525e-01 1.648778943247222332e-50
7.535797561416526236e-01 2.182185669841143592e-50
7.584206606744169354e-01 2.892252677227400142e-50
7.632926625880547267e-01 3.838823282284902587e-50
7.681959616483517994e-01 5.102458074975500098e-50
7.731307589043643347e-01 6.791759138188571150e-50
7.780972566966645187e-01 9.053336663981964932e-50
7.830956586656345753e-01 1.208539017551095669e-49
7.881261697598178628e-01 1.615624113580595145e-49
7.931889962443223752e-01 2.162965755478247640e-49
7.982843457092778650e-01 2.899950845003656615e-49
8.034124270783484789e-01 3.893725226088881279e-49
8.085734506172977953e-01 5.235710420041773198e-49
8.137676279426111492e-01 7.050559090862142668e-49
8.189951720301725802e-01 9.508479385494887128e-49
8.242562972239966257e-01 1.284221965405435456e-48
8.295512192450190669e-01 1.737050933702540481e-48
8.348801551999394110e-01 2.353045652808557077e-48
8.402433235901245467e-01 3.192238894273684214e-48
8.456409443205675780e-01 4.337200714236118597e-48
8.510732387089039452e-01 5.901665855392541018e-48
8.565404294944880537e-01 8.042526689321315464e-48
8.620427408475233033e-01 1.097652883149527529e-47
8.675803983782557349e-01 1.500354731920243351e-47
8.731536291462240751e-01 2.053908449435766708e-47
8.787626616695695114e-01 2.815970957052506974e-47
8.844077259344070852e-01 3.866668696771836076e-47
8.900890534042533719e-01 5.317520524660765846e-47
8.958068770295187777e-01 7.323969155035018511e-47
9.015614312570590094e-01 1.010300653213993066e-46
9.073529520397869419e-01 1.395800050940158041e-46
9.131816768463497658e-01 1.931371706318648608e-46
9.190478446708632010e-01 2.676579856941265011e-46
9.249516960427121015e-01 3.715076942480604871e-46
9.308934730364128995e-01 5.164523337810525710e-46
9.368734192815395545e-01 7.190664579677424576e-46
9.428917799727116744e-01 1.002733853151149356e-45
9.489488018796511382e-01 1.400495319333864642e-45
9.550447333572968933e-01 1.959108253372612301e-45
9.611798243559900312e-01 2.744842421461235879e-45
9.673543264317223667e-01 3.851766960391207101e-45
9.735684927564501878e-01 5.413617374047680923e-45
9.798225781284772840e-01 7.620814871398714023e-45
9.861168389828988134e-01 1.074491215363626567e-44
9.924515334021185575e-01 1.517375965476500213e-44
9.988269211264301228e-01 2.146217070183894065e-44
1.005243263564667089e+00 3.040502792019844758e-44
1.011700823804921656e+00 4.314293211528345403e-44
1.018199866625330463e+00 6.131511327849899228e-44
1.024740658504936119e+00 8.728108572949870839e-44
1.031323467634607027e+00 1.244424458085850388e-43
1.037948563928037915e+00 1.777107738443258499e-43
1.044616219032816096e+00 2.541890220150046676e-43
1.051326706341560113e+00 3.641653216687065970e-43
1.058080301003129664e+00 5.225646901814361443e-43
1.064877279933906351e+00 7.510728877131116885e-43
1.071717921829149489e+00 1.081248431962644466e-42
1.078602507174422964e+00 1.559089574218523010e-42
1.085531318257094924e+00 2.251746840604689803e-42
1.092504639177912962e+00 3.257404393525881954e-42
1.099522755862656131e+00 4.719848657181764367e-42
1.106585956073852461e+00 6.849980907244362218e-42
1.113694529422582846e+00 9.957632819796896112e-42
1.120848767380353994e+00 1.449869230051739516e-41
1.128048963291050644e+00 2.114501547042801486e-41
1.135295412382962166e+00 3.088830320222920002e-41
1.142588411780889546e+00 4.519468227894612668e-41
1.149928260518326084e+00 6.623509822661614861e-41
1.157315259549720698e+00 9.722923311554003957e-41
1.164749711762815165e+00 1.429596836325494030e-40
1.172231921991069736e+00 2.105418809283649733e-40
1.179762197026152926e+00 3.105787405900409367e-40
1.187340845630527442e+00 4.588949769137540703e-40
1.194968178550108506e+00 6.791461237161541353e-40
1.202644508527004552e+00 1.006749499585667359e-39
1.210370150312342297e+00 1.494816087634847802e-39
1.218145420679170199e+00 2.223115662296933613e-39
1.225970638435448956e+00 3.311647135384119058e-39
1.233846124437122382e+00 4.941211439070774110e-39
1.241772201601272885e+00 7.384648461663149228e-39
1.249749194919366202e+00 1.105433883460579022e-38
1.257777431470570084e+00 1.657455065705882136e-38
1.265857240435170228e+00 2.489179507057130619e-38
1.273988953108066369e+00 3.744341755842613801e-38
1.282172902912356527e+00 5.641555086208281890e-38
1.290409425413007627e+00 8.513839874756680930e-38
1.298698858330615824e+00 1.286928878711908801e-37
1.307041541555252095e+00 1.948431290626053773e-37
1.315437817160400646e+00 2.954718452816666215e-37
1.323888029416982803e+00 4.487934145531758733e-37
1.332392524807477940e+00 6.827709454135046198e-37
1.340951652040122566e+00 1.040400412348784683e-36
1.349565762063214436e+00 1.587894290323849557e-36
1.358235208079499490e+00 2.427374710366010631e-36
1.366960345560655599e+00 3.716590519683483068e-36
1.375741532261867572e+00 5.699590679931865045e-36
1.384579128236495649e+00 8.754513130862541893e-36
1.393473495850838795e+00 1.346814968294189313e-35
1.402424999798993044e+00 2.075246124301905461e-35
1.411434007117805312e+00 3.202691244595040134e-35
1.420500887201920692e+00 4.950422502006217047e-35
1.429626011818934561e+00 7.663886147861493053e-35
1.438809755124627943e+00 1.188319330013832318e-34
1.448052493678314789e+00 1.845407463762576449e-34
1.457354606458279411e+00 2.870277793199224588e-34
1.466716474877317378e+00 4.471215338463984079e-34
1.476138482798372786e+00 6.975809058603821752e-34
1.485621016550279005e+00 1.090004181559453454e-33
1.495164464943598670e+00 1.705781715074097692e-33
1.504769219286565596e+00 2.673483304580551129e-33
1.514435673401129279e+00 4.196499118040892893e-33
1.524164223639107529e+00 6.597041669018319177e-33
1.533955268898429480e+00 1.038628956506987236e-32
1.543809210639497609e+00 1.637635681049950938e-32
1.553726452901646793e+00 2.585927015543355156e-32
1.563707402319711504e+00 4.089344098574494928e-32
1.573752468140698912e+00 6.476280668254001708e-32
1.583862062240569246e+00 1.027136936361706361e-31
1.594036599141123167e+00 1.631389445087116842e-31
1.604276496026999732e+00 2.594832757595510916e-31
1.614582172762778711e+00 4.133131202598611515e-31
1.624954051910204589e+00 6.592689869777302428e-31
1.635392558745501157e+00 1.053064898377231483e-30
1.645898121276817339e+00 1.684425954369633588e-30
1.656471170261773596e+00 2.698038419098563250e-30
1.667112139225125578e+00 4.327516446915740400e-30
1.677821464476538349e+00 6.950539982965842218e-30
1.688599585128477631e+00 1.117846743194532520e-29
1.699446943114214070e+00 1.800215161326163643e-29
1.710363983205943406e+00 2.902948742726233570e-29
1.721351153033022330e+00 4.687284791330348696e-29
1.732408903100329356e+00 7.578170894765356942e-29
1.743537686806726050e+00 1.226767960490415784e-28
1.754737960463654822e+00 1.988424769949270365e-28
1.766010183313846849e+00 3.226994157678813824e-28
1.777354817550153010e+00 5.243519226668940454e-28
1.788772328334494954e+00 8.530538455654169610e-28
1.800263183816937174e+00 1.389478939456224100e-27
1.811827855154883649e+00 2.265908170054561272e-27
1.823466816532396173e+00 3.699475411334205799e-27
1.835180545179636580e+00 6.046972500238233898e-27
1.846969521392433977e+00 9.895281869178042453e-27
1.858834228551984324e+00 1.621073859779840703e-26
1.870775153144660585e+00 2.658605073822580600e-26
1.882792784781965878e+00 4.364886848739702480e-26
1.894887616220608972e+00 7.173842318311296875e-26
1.907060143382706574e+00 1.180270844013996272e-25
1.919310865376119724e+00 1.943809415434655854e-25
1.931640284514916983e+00 3.204488813775048978e-25
1.944048906339971294e+00 5.287953510985354274e-25
1.956537239639688730e+00 8.734353921992798092e-25
1.969105796470867809e+00 1.444037636593871456e-24
1.981755092179703803e+00 2.389576105863549443e-24
1.994485645422906961e+00 3.957743842281617723e-24
2.007297978188977261e+00 6.560675555528189741e-24
2.020192615819605297e+00 1.088461008662970626e-23
2.033170087031212603e+00 1.807297974873136623e-23
2.046230923936629864e+00 3.003226681783676190e-23
2.059375662066916135e+00 4.994322503370233143e-23
2.072604840393318160e+00 8.311579707270793325e-23
2.085919001349366031e+00 1.384194883878855158e-22
2.099318690853115843e+00 2.306776283665746563e-22
2.112804458329541113e+00 3.846767398652604709e-22
2.126376856733048104e+00 6.418831310390817242e-22
2.140036442570156350e+00 1.071698673295167997e-21
2.153783775922316401e+00 1.790329451368822920e-21
2.167619420468872793e+00 2.992425264928091897e-21
2.181543943510177996e+00 5.004146847726431393e-21
2.195557915990853370e+00 8.372191482760042241e-21
2.209661912523197547e+00 1.401316848103853969e-20
2.223856511410749803e+00 2.346426936296619492e-20
2.238142294671997767e+00 3.930396356745029819e-20
2.252519848064252983e+00 6.585808537594490209e-20
2.266989761107652157e+00 1.103849344561950674e-19
2.281552627109341369e+00 1.850643045584280655e-19
2.296209043187797949e+00 3.103355671581811482e-19
2.310959610297316669e+00 5.204991772413868713e-19
2.325804933252649143e+00 8.731148684771312907e-19
2.340745620753803102e+00 1.464766744946146389e-18
2.355782285411001542e+00 2.457502021958110089e-18
2.370915543769799960e+00 4.123156835632186770e-18
2.386146016336367914e+00 6.917645019931370865e-18
2.401474327602929115e+00 1.160541498238475167e-17
2.416901106073375161e+00 1.946786126354710706e-17
2.432426984289024041e+00 3.265215108875735384e-17
2.448052598854563833e+00 5.475474902100117470e-17
2.463778590464153595e+00 9.179696228963335292e-17
2.479605603927694357e+00 1.538548011418463304e-16
2.495534288197266193e+00 2.577800734710800895e-16
2.511565296393739377e+00 4.317398249129302886e-16
2.527699285833551635e+00 7.227829405784749024e-16
2.543936918055663465e+00 1.209441388432812571e-15
2.560278858848676453e+00 2.022696108783447330e-15
2.576725778278146084e+00 3.380824657030788619e-15
2.593278350714039338e+00 5.647259547555981383e-15
2.609937254858395672e+00 9.426542173280034673e-15
2.626703173773154099e+00 1.572326331267181116e-14
2.643576794908160554e+00 2.620500031214990981e-14
2.660558810129354690e+00 4.363671194431373073e-14
2.677649915747139175e+00 7.259737941397655754e-14
2.694850812544929308e+00 1.206605207652079473e-13
2.712162205807887361e+00 2.003357973962442528e-13
2.729584805351839893e+00 3.322571610616237589e-13
2.747119325552390912e+00 5.504088463513540959e-13
2.764766485374199334e+00 9.106763902600371999e-13
2.782527008400466517e+00 1.504811931307530079e-12
2.800401622862605855e+00 2.483197210444854589e-12
2.818391061670099340e+00 4.091870574597716724e-12
2.836496062440550858e+00 6.732627652117121538e-12
2.854717367529929106e+00 1.106035721998812918e-11
2.873055724063008576e+00 1.814031605774687736e-11
2.891511883964000607e+00 2.970164040816474609e-11
2.910086603987384279e+00 4.854495695671043954e-11
2.928780645748945588e+00 7.919605665891244962e-11
2.947594775756988916e+00 1.289513347756144178e-10
2.966529765443776778e+00 2.095450943848351183e-10
2.985586391197159628e+00 3.398008605517473153e-10
3.004765434392408174e+00 5.498346855389452237e-10
3.024067681424253529e+00 8.876980034646182114e-10
3.043493923739128970e+00 1.429841736973112453e-09
3.063044957867625318e+00 2.297544164224796680e-09
3.082721585457147473e+00 3.682611225083493896e-09
3.102524613304782797e+00 5.887437206970969927e-09
3.122454853390394636e+00 9.387215371139948798e-09
3.142513122909896151e+00 1.492616966327186421e-08
3.162700244308770614e+00 2.366581289786656542e-08
3.183017045315791549e+00 3.741240586780038640e-08
3.203464358976960025e+00 5.896441935971285232e-08
3.224043023689664000e+00 9.264093498257918387e-08
3.244753883237054382e+00 1.450814832920961147e-07
3.265597786822641790e+00 2.264509431166885548e-07
3.286575589105115824e+00 3.522456097476817538e-07
3.307688150233391244e+00 5.459864268629904521e-07
3.328936335881869990e+00 8.432137185806819865e-07
3.350321017285950997e+00 1.297379561335905669e-06
3.371843071277733639e+00 1.988489329230652407e-06
3.393503380321983176e+00 3.035699563006081917e-06
3.415302832552310264e+00 4.615569857322969151e-06
3.437242321807588930e+00 6.988336395368509797e-06
3.459322747668604148e+00 1.053547994428090689e-05
3.481545015494938333e+00 1.581307015993494577e-05
3.503910036462094535e+00 2.362696290811244429e-05
3.526418727598854996e+00 3.513800265939507830e-05
3.549072011824879969e+00 5.200804240005779688e-05
3.571870817988564095e+00 7.660094726831462905e-05
3.594816080905100186e+00 1.122568967243955208e-04
3.617908741394823657e+00 1.636633210804200181e-04
3.641149746321783898e+00 2.373517303653261995e-04
3.664540048632571434e+00 3.423564618512996496e-04
3.688080607395388011e+00 4.910788026860925509e-04
3.711772387839374243e+00 7.004076646479103895e-04
3.735616361394183293e+00 9.931553731645213247e-04
3.759613505729815230e+00 1.399873227527965698e-03
3.783764804796698744e+00 1.961114935869449558e-03
3.808071248866052638e+00 2.730215004352406702e-03
3.832533834570464926e+00 3.776641345164810648e-03
3.857153564944773461e+00 5.189963964054316974e-03
3.881931449467190376e+00 7.084451418245283315e-03
3.906868504100693418e+00 9.604260454370672911e-03
3.931965751334680625e+00 1.292911868354584826e-02
3.957224220226899902e+00 1.728031287316672548e-02
3.982644946445639267e+00 2.292668538387067009e-02
4.008228972312193328e+00 3.019020967407182177e-02
4.033977346843598433e+00 3.945056709317393967e-02
4.059891125795660471e+00 5.114799007420209320e-02
4.085971371706220268e+00 6.578348507267733902e-02
4.112219153938735161e+00 8.391542149471334366e-02
4.138635548726123936e+00 1.061513951625954327e-01
4.165221639214894189e+00 1.331342757562688495e-01
4.191978515509555692e+00 1.655214585969961849e-01
4.218907274717315303e+00 2.039565923791594182e-01
4.246009020993064098e+00 2.490334703325781662e-01
4.273284865584647818e+00 3.012523653300378523e-01
4.300735926878434867e+00 3.609698539470075351e-01
4.328363330445166746e+00 4.283440804221667619e-01
4.356168209086127341e+00 5.032783999177399270e-01
4.384151702879562684e+00 5.853673218096696607e-01
4.412314959227450650e+00 6.738495301276254956e-01
4.440659132902536221e+00 7.675733515590199563e-01
4.469185386095686496e+00 8.649802269142655708e-01
4.497894888463538798e+00 9.641113876116359505e-01
4.526788817176464086e+00 1.062641948470967712e+00
4.555868356966831456e+00 1.157944965952018679e+00
4.585134700177586176e+00 1.247185722482115899e+00
4.614589046811134132e+00 1.327443723529018405e+00
4.644232604578566459e+00 1.395856872438446805e+00
4.674066588949147061e+00 1.449779339797654831e+00
4.704092223200172285e+00 1.486942142672851741e+00
4.734310738467122803e+00 1.505603774343809320e+00
4.764723373794141459e+00 1.504677706933974957e+00
4.795331376184843286e+00 1.483824448694945897e+00
4.826136000653439950e+00 1.443498136299608658e+00
4.857138510276201693e+00 1.384941250438207705e+00
4.888340176243247903e+00 1.310125634277804041e+00
4.919742277910663653e+00 1.221643074624400249e+00
4.951346102852974163e+00 1.122553671785538665e+00
4.983152946915914150e+00 1.016204448148558814e+00
5.015164114269576423e+00 9.060335699075631188e-01
5.047380917461886440e+00 7.953767846599586466e-01
5.079804677472415264e+00 6.872920422996996459e-01
5.112436723766545121e+00 5.844158613831533788e-01
5.145278394349983131e+00 4.888611709049149878e-01
5.178331035823623196e+00 4.021616359723804157e-01
5.211596003438756952e+00 3.252625100022221716e-01
5.245074661152641760e+00 2.585534929664365933e-01
5.278768381684444400e+00 2.019354628529491380e-01
5.312678546571498295e+00 1.549106549169302904e-01
5.346806546225968404e+00 1.166850367327509075e-01
5.381153779991857178e+00 8.627218792796187419e-02
5.415721656202385326e+00 6.258967529418080211e-02
5.450511592237731406e+00 4.454132767020901884e-02
5.485525014583153336e+00 3.108152737839149984e-02
5.520763358887476713e+00 2.126024385236354244e-02
5.556228070021959731e+00 1.424972737576059648e-02
5.591920602139536456e+00 9.355365578680656380e-03
5.627842418734437580e+00 6.014119324392716744e-03
5.663994992702220621e+00 3.784244960323379821e-03
5.700379806400125204e+00 2.329801191729388710e-03
5.736998351707880417e+00 1.402894513883156096e-03
5.773852130088869217e+00 8.259036655241025265e-04
5.810942652651691631e+00 4.751833679482355809e-04
5.848271440212124972e+00 2.670836372599080279e-04
5.885840023355482842e+00 1.465925087481380134e-04
5.923649942499371157e+00 7.853737735800852605e-05
5.961702747956851844e+00 4.105444843080091204e-05
6.000000000000000000e+00 2.093050574940122190e-05
