8.647362618225183737e-04
9.374413602023477787e-04
1.036642036524365292e-03
1.127397909241559032e-03
1.207231295849089166e-03
1.278389895687516344e-03
1.383739919719236032e-03
1.499288299554848687e-03
1.590133706320030760e-03
1.694888467195116008e-03
1.795491898240289628e-03
1.895548012318669026e-03
1.997578151190347422e-03
2.088062651345192096e-03
2.168770080803929506e-03
2.278151702535753491e-03
2.388245871589077599e-03
2.488408417758397433e-03
2.568118766220957652e-03
2.662337162690689343e-03
2.771371115727215041e-03
2.877224704580682267e-03
2.985593245952842655e-03
3.106812884194571321e-03
3.216004378111081245e-03
3.322035125544494597e-03
3.428027622432971207e-03
3.548463439074121210e-03
3.654133877489383186e-03
3.759117380283356642e-03
3.863086504508878635e-03
3.972559055042860533e-03
4.079214006313358100e-03
4.178531347137919190e-03
4.259627337863914134e-03
4.346148444762883839e-03
4.450232670913806428e-03
4.584612467944258925e-03
4.704637250838639151e-03
4.778119164457618473e-03
4.845666464157246701e-03
4.883495542321775011e-03
4.947560791533979138e-03
5.026337365855598933e-03
5.110509274273126838e-03
5.207066180074562678e-03
5.398378669245446071e-03
5.379253486557026946e-03
5.510366963567640657e-03
inf
6.138562673702795342e-04
6.655236284883300681e-04
7.359107624778355285e-04
8.003756318926286964e-04
8.571462611611967630e-04
9.076826917097107102e-04
9.823664715468466337e-04
1.064308635752287107e-03
1.128847589659412107e-03
1.203108800892608568e-03
1.274541802062657088e-03
1.345615165799349386e-03
1.418015667959117605e-03
1.482295654959197781e-03
1.539748620901084742e-03
1.617329748012781305e-03
1.695380276046229732e-03
1.766463860878290546e-03
1.823109409774275550e-03
1.889893662268810016e-03
1.967126089387970581e-03
2.042226056501879848e-03
2.119086074766719351e-03
2.204903070698368845e-03
2.282266742742520508e-03
2.357401726433943669e-03
2.432615129025391450e-03
2.518031399107579886e-03
2.593054225509566768e-03
2.667521016112149763e-03
2.741251371350946625e-03
2.818840799689056702e-03
2.894458966176545814e-03
2.964965329092193128e-03
3.022681727335369602e-03
3.084171310856270980e-03
3.158034468846902375e-03
3.253143635951987259e-03
3.338251288135502849e-03
3.390588002014725995e-03
3.438617955010958484e-03
3.465922785251280419e-03
3.511751269949919211e-03
3.567813885678698758e-03
3.627795194805263565e-03
3.696299251329318147e-03
3.831378310349006777e-03
3.818717615411807570e-03
3.911483984048181803e-03
inf
4.365679011575651918e-04
4.733549548489009509e-04
5.233789357480861295e-04
5.692676029834885893e-04
6.097434017294545453e-04
6.457104987151251552e-04
6.987317631163488278e-04
7.569249017250736979e-04
8.028564310735062217e-04
8.555800632094307358e-04
9.063970031596824519e-04
9.569858747670520211e-04
1.008447507067607510e-03
1.054200150285139297e-03
1.095209367162522807e-03
1.150328610726656471e-03
1.205746235848971590e-03
1.256281568360901029e-03
1.296623419283779574e-03
1.344029831097804566e-03
1.398794024494755261e-03
1.452157381960260439e-03
1.506749831256156942e-03
1.567559593763886636e-03
1.622437915825887794e-03
1.675744350007117535e-03
1.729205401929735306e-03
1.789878335540639499e-03
1.843232385102740048e-03
1.896129635561898770e-03
1.948499308686256048e-03
2.003567289073951777e-03
2.057260658850525777e-03
2.107402205954323014e-03
2.148585621838845338e-03
2.192374020843229025e-03
2.244875868032531613e-03
2.312254344682633262e-03
2.372682217130592675e-03
2.410051933553065007e-03
2.444271045359244169e-03
2.464091709917036899e-03
2.496991523692777999e-03
2.536989007194565167e-03
2.579851772347218058e-03
2.628549767401344283e-03
2.723967481679670424e-03
2.715751963634620639e-03
2.781490511607454495e-03
inf
3.112144929646654861e-04
3.374828661407162835e-04
3.731122497102017229e-04
4.058584152958021854e-04
4.347939038924479734e-04
4.604611788258055173e-04
4.981746263366727302e-04
5.395820899682750565e-04
5.723533817642613170e-04
6.098540149916883979e-04
6.460934278744177904e-04
6.821910202673009275e-04
7.188505209923774309e-04
7.515000175522242119e-04
7.808608590857308044e-04
8.200969976952628615e-04
8.595180705385916569e-04
8.955229812084421290e-04
9.243312641979011023e-04
9.580469473955572366e-04
9.969481593567655186e-04
1.034951219320735935e-03
1.073805868655108939e-03
1.116956808025672092e-03
1.155950719059446090e-03
1.193837555921202845e-03
1.231918360049339117e-03
1.275098727718100523e-03
1.313128374098582836e-03
1.350780804157380001e-03
1.388050094053999012e-03
1.427203703805225406e-03
1.465401556904885995e-03
1.501142437012396988e-03
1.530619123415785177e-03
1.561888210143705380e-03
1.599285513197900828e-03
1.647072633770662329e-03
1.690058589259603710e-03
1.716831205004260572e-03
1.741278000256695022e-03
1.755766769287126156e-03
1.779493476989278200e-03
1.808114191293846420e-03
1.838851679261410427e-03
1.873540373279426394e-03
1.940980995013782875e-03
1.935835872871928499e-03
1.982461204002730539e-03
inf
2.225140178608752317e-04
2.413333329988008580e-04
2.667791140058706906e-04
2.902236036022364332e-04
3.109872116064011120e-04
3.293689277444031868e-04
3.562613051081484051e-04
3.857955393163513182e-04
4.092444446749633150e-04
4.359843729213195760e-04
4.619056581762060040e-04
4.877434559652203965e-04
5.139305532689633117e-04
5.373017888546374396e-04
5.584043769061887430e-04
5.864088610853843793e-04
6.145214432259132539e-04
6.402457285434968049e-04
6.608884784836243503e-04
6.849287668260730299e-04
7.126191719898351904e-04
7.397535507013471576e-04
7.674754531300442221e-04
7.981514504990921141e-04
8.259186165438583147e-04
8.529059766842323441e-04
8.801038584783986386e-04
9.109108532574959269e-04
9.380909056750005295e-04
9.649582190951884160e-04
9.915501757179500698e-04
1.019454215591036926e-03
1.046696339167922868e-03
1.072244413907116672e-03
1.093422374302856648e-03
1.115823630869264109e-03
1.142532258058682635e-03
1.176482750164852507e-03
1.207129586067963618e-03
1.226383097496998266e-03
1.243904449582562471e-03
1.254573253221428347e-03
1.271768916410943384e-03
1.292323639866984871e-03
1.314454592948485507e-03
1.339238878687394304e-03
1.386959804361814676e-03
1.383881132683596098e-03
1.417026223751106451e-03
inf
1.596746028361241757e-04
1.732161368113701650e-04
1.914518298350860166e-04
2.083013337726626491e-04
2.232637152345523773e-04
2.364838652274955857e-04
2.557207515556525891e-04
2.768519338263229594e-04
2.936940705757903804e-04
3.128203727170218544e-04
3.314295411414043113e-04
3.499929351012254350e-04
3.687642076218067321e-04
3.855589968887589169e-04
4.007938305755233801e-04
4.208457585705741803e-04
4.409561100235781365e-04
4.593988623562514253e-04
4.742519431076180664e-04
4.914493705330826544e-04
5.112172371262228539e-04
5.306569775288583245e-04
5.504995933748433766e-04
5.723633473219537447e-04
5.921936476533168001e-04
6.114748427346919065e-04
6.309654015513731402e-04
6.530126259994148636e-04
6.725059060934698938e-04
6.917400452760280854e-04
7.107745963456341782e-04
7.307212552781620386e-04
7.502110815998342883e-04
7.685380697500256673e-04
7.838214013807985820e-04
7.999349719912214260e-04
8.190743478111842980e-04
8.432501944262391384e-04
8.651657075084666229e-04
8.790773129951126022e-04
8.916886401358161719e-04
8.996089987514377644e-04
9.121442737978486918e-04
9.269704236022412256e-04
9.429803705945778670e-04
9.607487838444863726e-04
9.945680136325422884e-04
9.928725556807506576e-04
1.016487189997589006e-03
inf
1.150668501305282152e-04
1.248646858359003624e-04
1.379861861501836091e-04
1.501504408994872931e-04
1.609869773836669811e-04
1.705463732654482708e-04
1.843580073165166679e-04
1.995297774662014103e-04
2.116807056146356833e-04
2.254111413522010357e-04
2.388268301487746258e-04
2.522205842585215486e-04
2.657300665838222150e-04
2.778542163676864219e-04
2.889103718319258962e-04
3.033202883569778249e-04
3.177573668935925475e-04
3.310329192982781107e-04
3.417739550144955674e-04
3.541252174583038072e-04
3.682856329990316516e-04
3.822664394793353314e-04
3.965215189671867637e-04
4.121507633859951129e-04
4.263611838397632294e-04
4.401854246860911995e-04
4.542063579908073756e-04
4.700381580434588960e-04
4.840733906814454314e-04
4.978949880517086202e-04
5.115707534244656480e-04
5.258788325715698687e-04
5.398732242590917243e-04
5.530739141637653657e-04
5.641609270882886988e-04
5.758074049858666853e-04
5.895758961967300597e-04
6.068353460187936007e-04
6.225591630509665683e-04
6.326677853694120338e-04
6.417943710999634774e-04
6.477319458463767212e-04
6.569317100635752417e-04
6.676808058806839394e-04
6.793249260243733149e-04
6.921149411837128557e-04
7.161181536640525824e-04
7.153426264493087643e-04
7.322091713012066679e-04
inf
8.334488450808654543e-05
9.047971632821462580e-05
9.996782681523833200e-05
1.087981858561189446e-04
1.166961214334014970e-04
1.236535525844752377e-04
1.336154612718884027e-04
1.445553124898574097e-04
1.533689223056732128e-04
1.632717501215936269e-04
1.729918195444621581e-04
1.827049097460087008e-04
1.924745484384446294e-04
2.012746052583333728e-04
2.093486108028353007e-04
2.197517581381124192e-04
2.301623528054655432e-04
2.397660647235451620e-04
2.475804339440644498e-04
2.564952252396033119e-04
2.666819869525502342e-04
2.767835527850083153e-04
2.870709060330080059e-04
2.982859734462277269e-04
3.085132438213676154e-04
3.184690367643631904e-04
3.286029293721685202e-04
3.400194702207315453e-04
3.501728404417043974e-04
3.601510392462456455e-04
3.700230620582230668e-04
3.803318223733465325e-04
3.904263877903026148e-04
3.999820937174249948e-04
4.080747346644330990e-04
4.165403142681925984e-04
4.264922456763771321e-04
4.388570910542932994e-04
4.501845710811007146e-04
4.575779311785672238e-04
4.642274617841140932e-04
4.687239827645734878e-04
4.755260400647074522e-04
4.833682816290944730e-04
4.918890398793138467e-04
5.011436041144934654e-04
5.182160861537135578e-04
5.180331832805226949e-04
5.301270968864118995e-04
inf
6.073073261261295922e-05
6.596537991158977295e-05
7.286597881426953307e-05
7.931688407014982100e-05
8.511333560518449467e-05
9.021540211667089656e-05
9.743947573932408796e-05
1.053681561413025766e-04
1.118017273344150631e-04
1.189827193636483547e-04
1.260668575358759767e-04
1.331522937442977000e-04
1.402574605216875929e-04
1.466854797693087494e-04
1.526233218813119474e-04
1.601736938699069789e-04
1.677200953723429714e-04
1.747076819958097806e-04
1.804328044108195945e-04
1.869053257937070760e-04
1.942720377402287746e-04
2.016118803159075499e-04
2.090759521160165618e-04
2.171604121996885406e-04
2.245590631271084017e-04
2.317672906994776923e-04
2.391322635064054437e-04
2.474054109475229933e-04
2.547915315368810591e-04
2.620348218551293807e-04
2.692004083742713947e-04
2.766666191510051614e-04
2.839874228829460307e-04
2.909452731674117866e-04
2.968939143772087743e-04
3.030885382335554582e-04
3.103218660627641060e-04
3.192158395594215216e-04
3.274160248245098223e-04
3.328648121571564579e-04
3.377489943331475229e-04
3.411920344289471425e-04
3.462639403877351045e-04
3.520269970413576993e-04
3.583061083842956464e-04
3.650420622700644227e-04
3.772147624928641604e-04
3.774059549583740785e-04
3.861129836271787641e-04
inf
4.456482207753948051e-05
4.843721366313579916e-05
5.348955590227583352e-05
5.823750260849799810e-05
6.252660937952950714e-05
6.630088668672657736e-05
7.157289033557890192e-05
7.735327540285887331e-05
8.208273550651953106e-05
8.732322978394605232e-05
9.252205922132773134e-05
9.772682617949202642e-05
1.029286737290329318e-04
1.076582777039006788e-04
1.120607262415954742e-04
1.175753042489959091e-04
1.230795928048340076e-04
1.281978388237830905e-04
1.324261975018207473e-04
1.371578992430800116e-04
1.425170950965815335e-04
1.478848238193475198e-04
1.533340812039457818e-04
1.591925557234735353e-04
1.645768709463105324e-04
1.698279596051839417e-04
1.752148983224782329e-04
1.812450086699482401e-04
1.866523165554175544e-04
1.919434826162556905e-04
1.971784866348787440e-04
2.026192588764109417e-04
2.079621465684384151e-04
2.130628463322214821e-04
2.174709098084085055e-04
2.220380970252075611e-04
2.273291162311440042e-04
2.337567888290161347e-04
2.397265885861727492e-04
2.437763660790466524e-04
2.473954368026640518e-04
2.500617493229184826e-04
2.538781439629529658e-04
2.581478049753068100e-04
2.628117655989128812e-04
2.677495511618558071e-04
2.764569343249341092e-04
2.768682250550709260e-04
2.831710500661622381e-04
inf
3.296921062086988186e-05
3.586260055257752634e-05
3.959071480433242249e-05
4.311497637440879396e-05
4.631777152519443697e-05
4.913839425587926207e-05
5.301435093310725803e-05
5.725745570178025664e-05
6.076281811772238351e-05
6.461531951569603671e-05
6.846119934406287057e-05
7.231509563379121138e-05
7.615322465681223778e-05
7.966280447082030585e-05
8.295665259555266683e-05
8.701325157121732388e-05
9.105685882323467299e-05
9.483487461392167174e-05
9.798669944945193684e-05
1.014735909061225717e-04
1.054003038231659942e-04
1.093556882401192456e-04
1.133628604467781488e-04
1.176349139835682105e-04
1.215807974200434064e-04
1.254339276936304549e-04
1.294032969330750460e-04
1.338280391682848333e-04
1.378159086766699406e-04
1.417096679595588205e-04
1.455627984752698304e-04
1.495559213997593338e-04
1.534839385060897041e-04
1.572524904986979781e-04
1.605488234988405383e-04
1.639457522101779921e-04
1.678447216136054053e-04
1.725153689283165099e-04
1.768901963341868865e-04
1.799291961122716904e-04
1.826371726181133320e-04
1.847268855083478471e-04
1.876279250232225414e-04
1.908199425362142824e-04
1.943156286398151154e-04
1.979642984903177939e-04
2.042172786037695846e-04
2.047484374761632448e-04
2.093370873556067756e-04
inf
2.461858897526612462e-05
2.680587571484769794e-05
2.958183908882858432e-05
3.222340901594792799e-05
3.464047797568915960e-05
3.677410939865103078e-05
3.964855200736143513e-05
4.278758502630869670e-05
4.541009749297789084e-05
4.826687732693409820e-05
5.113761762038455862e-05
5.401678148071557410e-05
5.687388636773259753e-05
5.950345415578370224e-05
6.199321114426469806e-05
6.500216389162225027e-05
6.799754944202298626e-05
7.081128144933484983e-05
7.318603297838975402e-05
7.578055036212334337e-05
7.868204526221650409e-05
8.162178773296895236e-05
8.459308915003668555e-05
8.773168590963918993e-05
9.064750887750536168e-05
9.349912688334879212e-05
9.644881068772175514e-05
9.972021328131619282e-05
1.026858340584328033e-04
1.055757420614293309e-04
1.084365235816299054e-04
1.113916933557938181e-04
1.143043028020416960e-04
1.171134913997722612e-04
1.196038263785959238e-04
1.221556746767081493e-04
1.250534329085959849e-04
1.284697634357373497e-04
1.316996413734442233e-04
1.340046669904003157e-04
1.360542821296474255e-04
1.377127696736988921e-04
1.399421734615276898e-04
1.423531265877588136e-04
1.449989883587967114e-04
1.477205162365604729e-04
1.522319850117583972e-04
1.528174975961424289e-04
1.561821221257603135e-04
inf
1.857647109480493319e-05
2.025251371182660245e-05
2.234098228001993677e-05
2.434267482232634679e-05
2.618858260155509390e-05
2.782544402506717432e-05
2.997862637829340054e-05
3.232134673759503435e-05
3.430453617636595624e-05
3.644435707405733262e-05
3.860858040926111267e-05
4.078066270858200028e-05
4.292885082573034457e-05
4.492065218173522896e-05
4.682387404531579471e-05
4.907670600976611402e-05
5.131674716699979416e-05
5.343363287659756537e-05
5.524500675945096721e-05
5.719776393920613262e-05
5.936315968268445463e-05
6.156921315037033936e-05
6.379336324513434724e-05
6.611978508815099229e-05
6.829564603276897016e-05
7.042747641196895193e-05
7.264037354840869947e-05
7.507926785216097383e-05
7.730528866076780733e-05
7.947123279566551497e-05
8.161658638241686518e-05
8.382479887089195312e-05
8.600580374774144529e-05
8.812102183690705755e-05
9.002374660922437058e-05
9.196239744079045435e-05
9.413699257504055929e-05
9.665530240724776406e-05
9.905989548336049282e-05
1.008294087805716548e-04
1.024025273733470998e-04
1.037363285498822305e-04
1.054694648202420459e-04
1.073116557110006229e-04
1.093350084430312499e-04
1.113868176151255537e-04
1.146586611482435463e-04
1.152588677274448022e-04
1.177464483270042447e-04
inf
1.418097618364911602e-05
1.548533662890000902e-05
1.707501070648263818e-05
1.861014128547944994e-05
2.003832937956650921e-05
2.131433762621810009e-05
2.294568526899453854e-05
2.471124922572609018e-05
2.622936615532384030e-05
2.785057703565564969e-05
2.949990991284136608e-05
3.115596823928549672e-05
3.278922130082227249e-05
3.431638513679559864e-05
3.578901509893618593e-05
3.749322355170753594e-05
3.918625938419352712e-05
4.079698084016329440e-05
4.219780175019253147e-05
4.368718118235726796e-05
4.532208003127678264e-05
4.699543934599362700e-05
4.867813505759032550e-05
5.042053122108230870e-05
5.206276217623701744e-05
5.367526677935384032e-05
5.535304153149816050e-05
5.718777340497833869e-05
5.887594697243411074e-05
6.051742337207248381e-05
6.214451484342985816e-05
6.381276489906218474e-05
6.546414217774784174e-05
6.707480367733399435e-05
6.854645841605731533e-05
7.003779872756350712e-05
7.168751926817172170e-05
7.356049963218818212e-05
7.536746023390401849e-05
7.674419921918209449e-05
7.797156514419743367e-05
7.905931052718749011e-05
8.042321686047093166e-05
8.184897308614739238e-05
8.341303153842148763e-05
8.497838818216424048e-05
8.736428003243623056e-05
8.795673103979985809e-05
8.981255080408944531e-05
inf
1.096394569327839328e-05
1.199669497730008910e-05
1.322247466743319355e-05
1.441540298539642603e-05
1.553647462005404840e-05
1.654921295534740079e-05
1.780106283989353093e-05
1.914585122225846895e-05
2.032377895695823019e-05
2.156806189743693810e-05
2.283961457675014696e-05
2.411656042262701386e-05
2.537353840865660620e-05
2.656013264242718293e-05
2.771463100033746339e-05
2.901858293076406268e-05
3.031335021349116802e-05
3.155436219801437510e-05
3.265439903206515817e-05
3.380777290168873262e-05
3.505844895494214031e-05
3.634258728088647037e-05
3.763066887574344530e-05
3.895125424351496068e-05
4.020689506013253169e-05
4.144295193709769838e-05
4.272978714493726773e-05
4.412336432382801403e-05
4.541803416934594615e-05
4.667749373580254142e-05
4.792723417278697308e-05
4.920318291229348927e-05
5.046913119832579093e-05
5.171080984606950243e-05
5.286417120097651213e-05
5.402716936111773012e-05
5.529381374136725874e-05
5.670120779403262291e-05
5.807287839308211642e-05
5.915977816517880623e-05
6.013559211547009158e-05
6.103562475778954359e-05
6.212264086200250282e-05
6.324179080544433513e-05
6.446418893856767016e-05
6.567442887809626700e-05
6.742413248517564544e-05
6.799659450298231535e-05
6.939582646620123026e-05
inf
8.593459204388102663e-06
9.426960943149950245e-06
1.038569851629481877e-05
1.132584639618418753e-05
1.221954990033225611e-05
1.303940478023683890e-05
1.401366597879971368e-05
1.504969812003944807e-05
1.597754795182504048e-05
1.694632892889107249e-05
1.793858868319491351e-05
1.893483086200580207e-05
1.991504141065414998e-05
2.085043921749789417e-05
2.176813265922299836e-05
2.277805393553678675e-05
2.378097391723225048e-05
2.475023277852360433e-05
2.562866603436507647e-05
2.653731524123549690e-05
2.750843878984471114e-05
2.850633024038379373e-05
2.950508634173345865e-05
3.051964149134585270e-05
3.149389168107198840e-05
3.245579478119797425e-05
3.345514381220494659e-05
3.452423234539927826e-05
3.552914216523675461e-05
3.650879385136896247e-05
3.748213443469527344e-05
3.847142998904840716e-05
3.945519806700645472e-05
4.042534554607871616e-05
4.134199006509182999e-05
4.226248637847990024e-05
4.324785489195436103e-05
4.431765553649393935e-05
4.537032718719319932e-05
4.624219182647210802e-05
4.703488714961825013e-05
4.779109619446931818e-05
4.866898247745409022e-05
4.956107904327562962e-05
5.052709417599042377e-05
5.147631378790613356e-05
5.276604470363282021e-05
5.331405810036441567e-05
5.438085598476698592e-05
inf
6.833983111713671378e-06
7.520686809222848180e-06
8.282196328409275628e-06
9.034319192766204195e-06
9.758760804303642856e-06
1.043688522492248468e-05
1.120685493840247451e-05
1.201461139295416478e-05
1.275759305054135361e-05
1.352390391067779091e-05
1.430789060048395867e-05
1.509451746842181935e-05
1.586965251957778245e-05
1.661848540118301596e-05
1.735864107347430323e-05
1.815106167363866532e-05
1.893867159755836224e-05
1.970686013851475566e-05
2.042116476587800409e-05
2.115084692646007714e-05
2.191743857837994634e-05
2.270315182536867936e-05
2.348831197217714242e-05
2.427968503808087297e-05
2.504807458457102733e-05
2.580930054172577987e-05
2.659569817184562898e-05
2.742412185318249929e-05
2.821407373083279770e-05
2.898747098035606644e-05
2.975713833611430225e-05
3.053570741030966351e-05
3.131157358306010268e-05
3.208053376331408354e-05
3.281985405819136148e-05
3.356001037434578200e-05
3.433747555191553444e-05
3.516123152612320852e-05
3.597838693994419724e-05
3.668980514700891327e-05
3.734938290242324652e-05
3.799498863650372656e-05
3.871364565954975100e-05
3.943671385704878348e-05
4.020840568264566478e-05
4.096463735178815018e-05
4.191907442312811112e-05
4.244235775161449037e-05
4.326593951910625110e-05
inf
5.517759568818042191e-06
6.096072324505423652e-06
6.710968575644041321e-06
7.322125694616739073e-06
7.919730610976633681e-06
8.493582746533296358e-06
9.112229711736289815e-06
9.749814711388746534e-06
1.035552498511020714e-05
1.097216316562133833e-05
1.159932918457936041e-05
1.222789048576083502e-05
1.284987058500223777e-05
1.345918549800802261e-05
1.406516680562273036e-05
1.469536309204864626e-05
1.532290610508606012e-05
1.594125952162440407e-05
1.653341388072552810e-05
1.713178080885877777e-05
1.774802492255962846e-05
1.837519102419469508e-05
1.900153656870025800e-05
1.962933809675596628e-05
2.024641008162328355e-05
2.086007778798966945e-05
2.148747348207136998e-05
2.213565325164266044e-05
2.276488096599949530e-05
2.338528661787940443e-05
2.400388791473880145e-05
2.462654750853754531e-05
2.524818515746462996e-05
2.586702163628299707e-05
2.647248785610714904e-05
2.707765676040679246e-05
2.770037484951227587e-05
2.834372575435671038e-05
2.898562456195749154e-05
2.957681068416792396e-05
3.014026186472920031e-05
3.070077771280038990e-05
3.129731527835054111e-05
3.189396241222202717e-05
3.251675374114803332e-05
3.312926278714739005e-05
3.383654323407022101e-05
3.433793989819837429e-05
3.498202731282246624e-05
inf
4.525017709006926669e-06
5.023235958465946712e-06
5.528427091618098995e-06
6.033062231270507376e-06
6.535097035484422224e-06
7.032393110430888619e-06
7.538226992977435963e-06
8.047768189322756783e-06
8.551168834820034400e-06
9.056569484190186512e-06
9.564357359367925990e-06
1.007242405660155129e-05
1.057905094657288968e-05
1.108329439112634505e-05
1.158706448534663745e-05
1.209520677634200041e-05
1.260278954592405486e-05
1.310867366632650276e-05
1.360958288286108231e-05
1.411143051759565788e-05
1.461666683373873854e-05
1.512428963217652829e-05
1.563164545725814051e-05
1.613898014794439521e-05
1.664435778872409207e-05
1.714910413996605096e-05
1.765674526884420149e-05
1.816840463955063576e-05
1.867641094848707776e-05
1.918259573959582822e-05
1.968843478281146730e-05
2.019499644222525760e-05
2.070142084248314306e-05
2.120741623946830647e-05
2.171106899943762238e-05
2.221453789509857728e-05
2.272122403497302907e-05
2.323146935110048070e-05
2.374177803177287001e-05
2.424257713890368723e-05
2.473760256355189130e-05
2.523281831599875571e-05
2.573498778296885156e-05
2.623677448165461095e-05
2.674403575133114570e-05
2.724879713760050315e-05
2.777131129570881027e-05
2.825533624254280104e-05
2.876585947794229410e-05
inf
4.297041623384564400e-06
4.777195085471384463e-06
5.257348547558202832e-06
5.737502009645032213e-06
6.217655471731856511e-06
6.697808933818677421e-06
7.177962395905492402e-06
7.658115857992335335e-06
8.138269320079149469e-06
8.618422782165961908e-06
9.098576244252833641e-06
9.578729706339661327e-06
1.005888316842645513e-05
1.053903663051325741e-05
1.101919009260007493e-05
1.149934355468690939e-05
1.197949701677374216e-05
1.245965047886057832e-05
1.293980394094738737e-05
1.341995740303421506e-05
1.390011086512103935e-05
1.438026432720783146e-05
1.486041778929470320e-05
1.534057125138157493e-05
1.582072471346841278e-05
1.630087817555519303e-05
1.678103163764198684e-05
1.726118509972882130e-05
1.774133856181565576e-05
1.822149202390252749e-05
1.870164548598929419e-05
1.918179894807611849e-05
1.966195241016295296e-05
2.014210587224975015e-05
2.062225933433655073e-05
2.110241279642340552e-05
2.158256625851021288e-05
2.206271972059699991e-05
2.254287318268383437e-05
2.302302664477066206e-05
2.350318010685748974e-05
2.398333356894434792e-05
2.446348703103113156e-05
2.494364049311795247e-05
2.542379395520480049e-05
2.590394741729161462e-05
2.638410087937842537e-05
2.686425434146524967e-05
2.734440780355208074e-05
inf
3.769917911411898110e-06
4.209015732161993948e-06
4.631587451758264055e-06
5.055115533269446700e-06
5.484874316381198070e-06
5.926378581621396751e-06
6.347591569306483015e-06
6.759764923572710295e-06
7.186717882668976895e-06
7.609093769022898131e-06
8.024867056677313757e-06
8.439964331559822683e-06
8.858919568070116376e-06
9.283470060674084442e-06
9.708780153149907481e-06
1.012426680550911293e-05
1.054120197412578666e-05
1.096205326659620968e-05
1.139467740222093194e-05
1.182564847560542748e-05
1.224860820890572137e-05
1.266517926301840363e-05
1.308265243730558011e-05
1.350087104815962907e-05
1.392354262845748908e-05
1.434767493145772272e-05
1.476426648254716422e-05
1.517116795953862913e-05
1.558686293389989364e-05
1.600721101144118394e-05
1.642838980807921325e-05
1.684796573430752875e-05
1.726772971220940864e-05
1.768827833256108085e-05
1.811391227170322841e-05
1.854027008731781500e-05
1.895928543765321180e-05
1.937071370067076966e-05
1.978120210620805018e-05
2.021394449588953692e-05
2.066160227870602112e-05
2.110702732827852870e-05
2.153568378957041303e-05
2.196622513943591247e-05
2.238253410979177798e-05
2.280608091925737687e-05
2.318803563999035088e-05
2.365996579721916466e-05
2.407042479351289413e-05
inf
3.190576303844511445e-06
3.586311635458183241e-06
3.946302178192843018e-06
4.307545385973305697e-06
4.682401109324446600e-06
5.083856581589311826e-06
5.441234164824667403e-06
5.778517242719669155e-06
6.148414379585756357e-06
6.508604274893905925e-06
6.852446211653490842e-06
7.194805397312710285e-06
7.546499511126960184e-06
7.910220908306454105e-06
8.274782160246143154e-06
8.619182159443092856e-06
8.966994129575206585e-06
9.323077338777416474e-06
9.704618751207035344e-06
1.008379742430006216e-05
1.044573853581893551e-05
1.079226123725754364e-05
1.114129867561754876e-05
1.149341669518789651e-05
1.185479780009942647e-05
1.221928580002857910e-05
1.256593728032684372e-05
1.289120816649630424e-05
1.323589708866853368e-05
1.359138024232131699e-05
1.394863734625855798e-05
1.430266339140065352e-05
1.465679415002761260e-05
1.501218007267263199e-05
1.537756852441635197e-05
1.574516468772009484e-05
1.609742863581094599e-05
1.643498549147602084e-05
1.676893951846039466e-05
1.715055972826902718e-05
1.756722874300332534e-05
1.797524137232927899e-05
1.834622430133446425e-05
1.872336876052638050e-05
1.906687712786349850e-05
1.942880568811603727e-05
1.970135968501091501e-05
2.016717156402726894e-05
2.050171189531871499e-05
inf
2.742247859915134235e-06
3.106455688642313991e-06
3.418785055572384088e-06
3.731853842188579884e-06
4.065008441424915413e-06
4.438547492006117118e-06
4.747550795782598724e-06
5.026462541880582683e-06
5.353922920114031624e-06
5.667515763153118205e-06
5.954201815271929776e-06
6.238779593953410409e-06
6.538351659104513730e-06
6.855340499111331349e-06
7.172512945376162452e-06
7.461830792214637476e-06
7.756476286700574952e-06
8.062887508638532741e-06
8.406379403587049343e-06
8.748142220403343103e-06
9.064854477310646110e-06
9.356835051459278332e-06
9.653310929347505977e-06
9.956326607083764284e-06
1.027237137873370697e-05
1.059287736958198978e-05
1.088519530308248152e-05
1.114573230472017043e-05
1.143516930254716892e-05
1.174135888138198408e-05
1.205016660759959339e-05
1.235456830284752915e-05
1.265868783535896711e-05
1.296403158869176557e-05
1.328257049377250009e-05
1.360516376143927037e-05
1.390619940299476068e-05
1.418820786729799361e-05
1.446273124844596739e-05
1.480615721999849486e-05
1.520480764684040966e-05
1.558535489001629728e-05
1.591068310791553483e-05
1.624810546111903918e-05
1.653217027303812488e-05
1.684721893710341490e-05
1.703234513053574197e-05
1.749797721405897609e-05
1.777454393174840024e-05
inf
2.392290568534176708e-06
2.733983266467748603e-06
3.009860321547827591e-06
3.285350231166946288e-06
3.586793548349296063e-06
3.941870307998339582e-06
4.214090225898573665e-06
4.446859656087497570e-06
4.743101309129833149e-06
5.021833406187271557e-06
5.262263322688139029e-06
5.500136696127435466e-06
5.758904658552587983e-06
6.039802377287306600e-06
6.319672875448780710e-06
6.565792533152855363e-06
6.819152201239501540e-06
7.087199548977146673e-06
7.402592007807804717e-06
7.717885940377983869e-06
8.001306936872038751e-06
8.250327126953030602e-06
8.506107189701572296e-06
8.772729254557724940e-06
9.055471680319753802e-06
9.343865350366841821e-06
9.593446529408961094e-06
9.801597640673687876e-06
1.004752490799777323e-05
1.031611477054903596e-05
1.058808237596276520e-05
1.085478318569088424e-05
1.112057342171091891e-05
1.138724503181413883e-05
1.166907724064805583e-05
1.195710786040643052e-05
1.221852110497282951e-05
1.245848098394987330e-05
1.268625498852482391e-05
1.300151642638437935e-05
1.339270924386159967e-05
1.375395225652686505e-05
1.404284909693175471e-05
1.435114958712173399e-05
1.458557625144698107e-05
1.486480494329327775e-05
1.497778554611228170e-05
1.544934719786435185e-05
1.568095523003385156e-05
inf
2.116821569962021057e-06
2.442805393092041682e-06
2.690697640960323010e-06
2.936672330477907827e-06
3.214115677191645730e-06
3.558200009287070912e-06
3.802408737087310930e-06
3.998108672775595888e-06
4.271776897828412477e-06
4.524614841324275340e-06
4.726830063267877239e-06
4.926254049890904410e-06
5.152731305389266881e-06
5.405605421799680035e-06
5.655883178941699990e-06
5.867748546704858761e-06
6.088764989954905975e-06
6.326994418261954703e-06
6.621957141536351152e-06
6.919213259727857628e-06
7.178392173706749091e-06
7.393103451988103233e-06
7.617093250378803471e-06
7.856880777682820517e-06
8.115478168279751324e-06
8.380834045493542402e-06
8.596335605914127756e-06
8.761148083035623558e-06
8.972341442431724893e-06
9.212151145751182478e-06
9.456094665058395723e-06
9.694109154915101393e-06
9.930388546139254325e-06
1.016699503467976407e-05
1.041986716164019318e-05
1.068128256296961616e-05
1.091180077677718802e-05
1.111977152690744681e-05
1.131021449756936973e-05
1.160512960394827201e-05
1.199759800473498836e-05
1.234625915530622192e-05
1.260576484536271553e-05
1.289328386219929328e-05
1.308518531069632880e-05
1.333707121261357450e-05
1.338849438544261460e-05
1.387178677900006724e-05
1.406825533833973902e-05
inf
1.898197884094628659e-06
2.213609463863184163e-06
2.439955357571131114e-06
2.662579545002849366e-06
2.921973025641555480e-06
3.260993471569369536e-06
3.483880607961263245e-06
3.649286790108594374e-06
3.907123917013778345e-06
4.140974397270654996e-06
4.310915064678943600e-06
4.478069989055316158e-06
4.678711552909608529e-06
4.909723795861280679e-06
5.136320966447680088e-06
5.320698640586618473e-06
5.516148062391110339e-06
5.731055426141185092e-06
6.011524283850223778e-06
6.297280841356715325e-06
6.539159560067744693e-06
6.726081713432496625e-06
6.925019757128848289e-06
7.145232448829745611e-06
7.386724592922812108e-06
7.636063230395684093e-06
7.823977107149066826e-06
7.952090748158231219e-06
8.135153950211786698e-06
8.352892872676551979e-06
8.575552639361131162e-06
8.791749845716014217e-06
9.005221146545260553e-06
9.218328715830263797e-06
9.448184391960083302e-06
9.689081515157171284e-06
9.895311076032735166e-06
1.007882998559475244e-05
1.023899583861542288e-05
1.051971776552425433e-05
1.092079671325538207e-05
1.126247309721926579e-05
1.149798078863484108e-05
1.177135562711026732e-05
1.192583142506713179e-05
1.215689629388681684e-05
1.215398446395954442e-05
1.265450146689372029e-05
1.282319348493177687e-05
inf
1.723284703892363368e-06
2.031987012411819888e-06
2.241709731065125721e-06
2.445701119693988148e-06
2.691587733512384270e-06
3.030217702642237600e-06
3.236912891820027999e-06
3.377139860713414339e-06
3.624464205810055563e-06
3.844665879672043784e-06
3.986739326469744164e-06
4.126285600904849781e-06
4.306032504528245430e-06
4.519925939538172429e-06
4.727376209669948252e-06
4.889401322329478524e-06
5.064446319526888531e-06
5.260988301144812908e-06
5.531547448479088252e-06
5.810875718297965792e-06
6.040847709048659494e-06
6.204960982195729844e-06
6.383995765682037686e-06
6.590197603052130548e-06
6.820040487296788423e-06
7.058849495450346821e-06
7.224068611804058478e-06
7.320378806822628047e-06
7.480328619719542559e-06
7.681148203237088415e-06
7.887695281480268551e-06
8.087340401564160333e-06
8.283124153158580869e-06
8.477780458577729419e-06
8.689191733727897910e-06
8.914285881619476976e-06
9.101261126709893462e-06
9.265989973971365353e-06
9.401229265152810300e-06
9.672636814423367680e-06
1.008852184116440060e-05
1.042790710741906466e-05
1.064357479938502963e-05
1.090812699488458540e-05
1.102879391137124672e-05
1.124403296002923319e-05
1.119162031012080459e-05
1.171455059496241807e-05
1.186084143509964969e-05
inf
1.582282934422695705e-06
1.887056132562434968e-06
2.083914318274313444e-06
2.272955135070273321e-06
2.508896774059180680e-06
2.850786085174258935e-06
3.045246759623367522e-06
3.164167595026864922e-06
3.405110897798408439e-06
3.615846861973761164e-06
3.733345154523137718e-06
3.848869247063217082e-06
4.011528054849723929e-06
4.211943231098988587e-06
4.403790560824279672e-06
4.547458294098128545e-06
4.706093507546269321e-06
4.888086796386283243e-06
5.152267949328517794e-06
5.429081349841695194e-06
5.651266498013774260e-06
5.796356107633001503e-06
5.959419746457190601e-06
6.155851619224133970e-06
6.378260892254551612e-06
6.610808009652461881e-06
6.757044514061523567e-06
6.825226002028131216e-06
6.965884199398009396e-06
7.153722217711998345e-06
7.348168546775742678e-06
7.535325248095858492e-06
7.717366881045650457e-06
7.897464918119957009e-06
8.093981493876859965e-06
8.306891112774463383e-06
8.478462017849292809e-06
8.628720743931399584e-06
8.743098423332766299e-06
9.009002275794835758e-06
9.444806025031999972e-06
9.785751652811236414e-06
9.984724254921304590e-06
1.024474327704116973e-05
1.033412996781044943e-05
1.053749269797802362e-05
1.043892141876923350e-05
1.098866726675429383e-05
1.111685267335901828e-05
inf
1.467755963848172182e-06
1.770591645683858310e-06
1.957466823015114384e-06
2.134394212021505765e-06
2.363049332120376815e-06
2.710915672804836150e-06
2.896186241576889859e-06
2.996818121644940445e-06
3.234621951406395846e-06
3.439116053764151120e-06
3.534563726220578315e-06
3.628878278273615227e-06
3.777426020388132922e-06
3.967188444853278026e-06
4.146168069752872006e-06
4.274565537065719107e-06
4.419880477882103538e-06
4.590256309500480986e-06
4.850717485553556992e-06
5.127961676344159829e-06
5.345559687295455356e-06
5.474601478236155884e-06
5.624747703753432892e-06
5.814662715704153687e-06
6.032891663585291524e-06
6.262503854821676565e-06
6.392604652462183464e-06
6.435482176769113729e-06
6.559824539097986082e-06
6.737728657674954784e-06
6.923155113078056802e-06
7.100952876798833403e-06
7.272286437794674934e-06
7.440851532674646635e-06
7.625219451029571407e-06
7.828753636203887039e-06
7.987888372139912861e-06
8.126940136634042247e-06
8.223638916879999949e-06
8.487019101139037870e-06
8.946853790400263862e-06
9.292511353082861386e-06
9.477228881100733949e-06
9.736135977391791073e-06
9.796059131821783090e-06
9.990552382750991230e-06
9.848165153700978329e-06
1.042854000655177912e-05
1.054170220261510554e-05
inf
1.374088778492299842e-06
1.676275202714825489e-06
1.855354882504445894e-06
2.022420009395092966e-06
2.245852663768204549e-06
2.601620654130911869e-06
2.780042998390714673e-06
2.864757517977788183e-06
3.101844763601645339e-06
3.302599965055351616e-06
3.377998432996768384e-06
3.453407674352277123e-06
3.590189439506633136e-06
3.771467469695899677e-06
3.939757585875079628e-06
4.055366999482394153e-06
4.189802280690876397e-06
4.350836108169694612e-06
4.609540403056363056e-06
4.889359779325121779e-06
5.104735105847069568e-06
5.220046836939257111e-06
5.359633472257354634e-06
5.545462673473015500e-06
5.761958792684465804e-06
5.991148822721210840e-06
6.107332483414276346e-06
6.127195704727191392e-06
6.237554198143700285e-06
6.407842755907994821e-06
6.586635450883656345e-06
6.757486591325431174e-06
6.920461888618427104e-06
7.079841846700075199e-06
7.254213936912576869e-06
7.450505837791130430e-06
7.599497472411928193e-06
7.729858530570608418e-06
7.811379155690803818e-06
8.074459727233662155e-06
8.561354785566873077e-06
8.914145021830701798e-06
9.086448259342875321e-06
9.346930363291864214e-06
9.378764163951381068e-06
9.566782765858619178e-06
9.382527883875937084e-06
9.996233625082796205e-06
1.009698112939880736e-05
inf
1.296945940341056565e-06
1.599281594444518467e-06
1.772228065310210150e-06
1.931183375528267952e-06
2.150873783068778547e-06
2.515719150357410334e-06
2.689069489227080193e-06
2.759822309870584021e-06
2.997980776390144717e-06
3.196859949086934936e-06
3.253900600068978915e-06
3.312361922130974143e-06
3.439262486450780259e-06
3.613739531218131476e-06
3.773046728945061145e-06
3.877847511842921062e-06
4.003326292323517819e-06
4.156773234102656849e-06
4.415090037218728100e-06
4.698930258263079420e-06
4.913833041895767169e-06
5.017313226220066494e-06
5.148200269975894742e-06
5.331745498168632192e-06
5.548303899722319787e-06
5.778925416815550990e-06
5.882963500019670212e-06
5.881773234305389528e-06
5.980040515566413506e-06
6.144494293122024990e-06
6.318456419725971750e-06
6.484196394769762310e-06
6.640617727597381032e-06
6.792645213109167710e-06
6.958701234146134357e-06
7.149386396258592270e-06
7.290024663544958844e-06
7.413597583543561231e-06
7.481994860939900890e-06
7.746394334555394476e-06
8.262320721489784691e-06
8.624022016313391352e-06
8.785370346631350821e-06
9.049448691148833683e-06
9.054389451641922261e-06
9.237723771469601443e-06
9.013411219752873486e-06
9.662233783852934910e-06
9.752471174166590259e-06
inf
1.232990763616219798e-06
1.535879968110915314e-06
1.703943897822788110e-06
1.856173652382901710e-06
2.073171704267926860e-06
2.447620297973362315e-06
2.617226989577266163e-06
2.675680351792865658e-06
2.916130953874657514e-06
3.114477392979406557e-06
3.154682430252174470e-06
3.197939085114199229e-06
3.316493318326609167e-06
3.485468483480128812e-06
3.637155880157934510e-06
3.732769877497509000e-06
3.850829164771331029e-06
3.998049848694971973e-06
4.256868494569290120e-06
4.545585913831750970e-06
4.761230706800205199e-06
4.854458556704068050e-06
4.978119079978462919e-06
5.160660525571419697e-06
5.378522716247121937e-06
5.611853664284197399e-06
5.705204907565510681e-06
5.684755068008149556e-06
5.772502205020270828e-06
5.932468489833443040e-06
6.102946340642822207e-06
6.264953991336342190e-06
6.416204370658846841e-06
6.562307866233243431e-06
6.721371690597830920e-06
6.907681608946743272e-06
7.041372416677921902e-06
7.159603055623279657e-06
7.216602540127356457e-06
7.483403679028310918e-06
8.029252925846677781e-06
8.401007522428150255e-06
8.552574180885401007e-06
8.821672117367955490e-06
8.800918884105429541e-06
8.980906271088619387e-06
8.718500357353593019e-06
9.403129269084910813e-06
9.484350678497561771e-06
inf
1.179644962734742366e-06
1.483164373330544531e-06
1.647270142592816117e-06
1.793905382369728536e-06
2.008992274627700842e-06
2.393044895745026584e-06
2.559886812777794209e-06
2.607475986469732653e-06
2.850917414626585374e-06
3.049672750645766312e-06
3.074480780469831504e-06
3.104150881859261859e-06
3.215618416174101762e-06
3.380076660266778615e-06
3.525277188121449056e-06
3.613091110825925223e-06
3.724986898646005800e-06
3.867049852669840842e-06
4.126890213841306372e-06
4.420865003470151241e-06
4.637976357162139891e-06
4.722257665637131130e-06
4.839849799618453201e-06
5.022224623005338025e-06
5.242158939942529765e-06
5.478965669824502987e-06
5.562872383610025516e-06
5.524898075756764791e-06
5.603448594431197674e-06
5.759912018887378695e-06
5.927906225786970323e-06
6.087202534496110599e-06
6.234345007261028519e-06
6.375630769256837872e-06
6.528767037986177413e-06
6.711592325288869831e-06
6.839445393987343028e-06
6.953458085267020252e-06
7.000521495717103048e-06
7.270325265445878292e-06
7.845919694307069980e-06
8.228234982180308223e-06
8.370958326831838664e-06
8.645966024486630055e-06
8.600841598937951989e-06
8.778529732752566499e-06
8.480365938822526640e-06
9.200201852035186560e-06
9.273856411869864521e-06
inf
1.134843720449240557e-06
1.438914285289189269e-06
1.599754432849564092e-06
1.741665284384613570e-06
1.955276660688800605e-06
2.348447914006612990e-06
2.513212988178786238e-06
2.551266541193309118e-06
2.798047791871258909e-06
2.997757525368328353e-06
3.008602380550189866e-06
3.026205358321816285e-06
3.131650203509617700e-06
3.292365088598879408e-06
3.431971806647620566e-06
3.513119795619054240e-06
3.619855870725078060e-06
3.757582870312579870e-06
4.018646277391897578e-06
4.317850130914768402e-06
4.536853320784301472e-06
4.613371807397208121e-06
4.725851733679500917e-06
4.908588141117293704e-06
5.130999463424341422e-06
5.371662432186450428e-06
5.447219215082170720e-06
5.393429692415696271e-06
5.463959131834530519e-06
5.617665106164375920e-06
5.783861367544258427e-06
5.941170134805445586e-06
6.084998640142454335e-06
6.222333535574173047e-06
6.370384039007808207e-06
6.550396717936346484e-06
6.673307158853317977e-06
6.783921765983171085e-06
6.822369888343878577e-06
7.095438878416154560e-06
7.699707454695547338e-06
8.092605070685322710e-06
8.227350024298646212e-06
8.508675564181910738e-06
8.440719585852261394e-06
8.616765062642758167e-06
8.285454435336608042e-06
9.039129213150842566e-06
9.106131923062186421e-06
inf
1.096993846368405499e-06
1.401355625544490468e-06
1.559427205877432491e-06
1.697352564129381873e-06
1.909823858912806594e-06
2.311327394072214490e-06
2.474491519703530348e-06
2.504194407223979471e-06
2.754294827898904413e-06
2.955261312781180108e-06
2.953563611841522795e-06
2.960559839222929100e-06
3.060869764105865357e-06
3.218415780514399755e-06
3.353210595872952508e-06
3.428706606329681660e-06
3.531124212665206429e-06
3.665173750153517880e-06
3.927459987345343694e-06
4.231583234121248765e-06
4.452558394833846337e-06
4.522307417798054962e-06
4.630429311980127109e-06
4.813765725451653686e-06
5.038744556774629401e-06
5.283284677939702683e-06
5.351479151199072857e-06
5.283595457063868450e-06
5.347128121358262601e-06
5.498587116831298065e-06
5.663470879336665099e-06
5.819297961192113887e-06
5.960419361870803197e-06
6.094468804032666428e-06
6.238134559784332329e-06
6.415786192312019346e-06
6.534473195741236133e-06
6.642342994871336673e-06
6.673323063558760990e-06
6.949589787000438587e-06
7.580628839890426448e-06
7.983624438199354308e-06
8.111124799878641681e-06
8.398783177169400892e-06
8.309747373280306111e-06
8.484678545345854399e-06
8.123250649400689600e-06
8.908275073176395042e-06
8.969725955364857842e-06
inf
1.064781978527858662e-06
1.369150380295132911e-06
1.524825517673766343e-06
1.659324908766741716e-06
1.870756126643992407e-06
2.279524501570080479e-06
2.441381813214017724e-06
2.463869764988782048e-06
2.717088109796528776e-06
2.919345198243596932e-06
2.906544360555484649e-06
2.904314921283464342e-06
3.000255410906671822e-06
3.155092971615549532e-06
3.285693686752228268e-06
3.356365880646071483e-06
3.455136200598625488e-06
3.586014674776659043e-06
3.849343633076749577e-06
4.157841433169854753e-06
4.380726945798135491e-06
4.444652279911345817e-06
4.549062098530163572e-06
4.733070007200564474e-06
4.960495981428133559e-06
5.208707682733712977e-06
5.270447634011230990e-06
5.190168586509860530e-06
5.247647810785129192e-06
5.397244610726244786e-06
5.561099695705985291e-06
5.715767777590303062e-06
5.854621357724220049e-06
5.985910202359438533e-06
6.125754473821911000e-06
6.301388580501699313e-06
6.416447250752080736e-06
6.522024213981228418e-06
6.546606683103281189e-06
6.825827493707242476e-06
7.481181997752498423e-06
7.893496033672563864e-06
8.014503182625083198e-06
8.308185949300591757e-06
8.200034558499461922e-06
8.374088210518394550e-06
7.985714482644154432e-06
8.799239870651516106e-06
8.855741440860777065e-06
inf
1.037218747526143754e-06
1.341234412171521700e-06
1.494774451857447889e-06
1.626336739956660365e-06
1.836807553699921230e-06
2.251675493296112461e-06
2.412403005934405426e-06
2.428694330748249115e-06
2.684615563183136053e-06
2.888069540256828408e-06
2.865577463546352579e-06
2.855435598359387157e-06
2.947649636715183386e-06
3.100117016038363470e-06
3.227079836593496190e-06
3.293678878874337633e-06
3.389372646744922052e-06
3.517492444847846845e-06
3.781605043400560726e-06
4.093816883628132557e-06
4.318353295485830683e-06
4.377262698570667698e-06
4.478475147140038405e-06
4.663058718937678015e-06
4.892636955046056438e-06
5.144107669923457539e-06
5.200229516083739070e-06
5.109228734151838681e-06
5.161486934817050396e-06
5.309463948573756222e-06
5.472468634345187156e-06
5.626178408036268303e-06
5.763097105891377573e-06
5.892028388274534961e-06
6.028535759377473222e-06
6.202366809992432390e-06
6.314281851119062515e-06
6.417921947156133677e-06
6.437043429020407822e-06
6.718796300728710567e-06
7.395558782420606657e-06
7.816111067326549016e-06
7.931300881997606502e-06
8.230467134810911029e-06
8.105302752195937311e-06
8.278670326670940058e-06
7.866735623454490506e-06
8.705251000631966652e-06
8.757596232972046229e-06
inf
1.013534246662718625e-06
1.316843301992084045e-06
1.468437895241474614e-06
1.597476898657419969e-06
1.807023159584113988e-06
2.226802643701906941e-06
2.386492071803140202e-06
2.397504062286733821e-06
2.655599722104152952e-06
2.860050941165812804e-06
2.829236232973553502e-06
2.812412751741563100e-06
2.901453280107388972e-06
3.051811027965856028e-06
3.175621563741815476e-06
3.238801396582721186e-06
3.331895930622406669e-06
3.457589519086816995e-06
3.722183094953924689e-06
4.037388069783451591e-06
4.263211625404841338e-06
4.317819025808632984e-06
4.416254439280474603e-06
4.601214841459653477e-06
4.832542441856462972e-06
5.086735403743976705e-06
5.138007242588596832e-06
5.037895045566148563e-06
5.085675090553468611e-06
5.232183505863524943e-06
5.394429492128235932e-06
5.547289556597378498e-06
5.682520539443289910e-06
5.809408856247583242e-06
5.942996328824462821e-06
6.115161580256007543e-06
6.224332603000429085e-06
6.326292795658929071e-06
6.340789925652234966e-06
6.624562225107104504e-06
7.319579977674936900e-06
7.747123821807317082e-06
7.857136808138195358e-06
8.161075783952189991e-06
8.021079087036776694e-06
8.193874765274447420e-06
7.761817436440652049e-06
8.621519159495552495e-06
8.670470606139059653e-06
inf
9.931078019929255786e-07
1.295488064367611909e-06
1.445305204909031718e-06
1.572126195638127303e-06
1.780664748400162269e-06
2.204212152930868497e-06
2.362895424518608826e-06
2.369476163448917262e-06
2.629259928950234466e-06
2.834402482732094626e-06
2.796564730014881312e-06
2.774164621749172625e-06
2.860525140376476186e-06
3.009018149434892963e-06
3.130055715762767865e-06
3.190318562964246181e-06
3.281185116121374561e-06
3.404712826797138822e-06
3.669468704215295187e-06
3.986938244247205852e-06
4.213729316780821262e-06
4.264728147325631382e-06
4.360766427269930879e-06
4.545897186360972962e-06
4.778552297987622144e-06
5.034922904314500722e-06
5.082041253282632279e-06
4.974292086864385528e-06
5.018278425571429462e-06
5.163452248099507934e-06
5.324943851968758757e-06
5.476992371793110613e-06
5.610707246755531943e-06
5.735812672554230187e-06
5.866828835580746946e-06
6.037468445870965011e-06
6.144241700959665081e-06
6.244658288133002806e-06
6.255307767970786969e-06
6.540617350605870963e-06
7.250792211110613939e-06
7.684130231132538545e-06
7.789656227077263663e-06
8.097572238850350425e-06
7.944913100585285822e-06
8.117063211869077218e-06
7.668075837255693649e-06
8.545532981493597291e-06
8.591318942816147280e-06
inf
9.755029969863240038e-07
1.276783029284675443e-06
1.424968466182903082e-06
1.549899914450191322e-06
1.757528285819861733e-06
2.184018836855091941e-06
2.341745250201551480e-06
2.344532647669438207e-06
2.605509985677637357e-06
2.811142289251723849e-06
2.767378767383072473e-06
2.740344424953299206e-06
2.824421467931243755e-06
2.971246399788055625e-06
3.089913730835524618e-06
3.147741479318392233e-06
3.236717360447126399e-06
3.358334850179742609e-06
3.623056904353462228e-06
3.942234587622936326e-06
4.169628305466225080e-06
4.217513407940084488e-06
4.311434636084730178e-06
4.496516040765550721e-06
4.730108066444745734e-06
4.988129635536753527e-06
5.031700216625137818e-06
4.917594188601781151e-06
4.958339941045242114e-06
5.102252516449841794e-06
5.263024798969148637e-06
5.414295867851267608e-06
5.546658542377888016e-06
5.670183805516386814e-06
5.798971721091579609e-06
5.968181131167888008e-06
6.072851384735786768e-06
6.171893938879601335e-06
6.179284592543833562e-06
6.465659965090616565e-06
7.188144877397716591e-06
7.626140042049040575e-06
7.727743896098199629e-06
8.038905906662835736e-06
7.875555626967187326e-06
8.047153192953334142e-06
7.584185693241021359e-06
8.475950125190435938e-06
8.519290019621796945e-06
inf
9.602877212174055871e-07
1.260497432460623551e-06
1.407226533125612927e-06
1.530492884270073512e-06
1.737196471894171682e-06
2.165998974541685594e-06
2.322827763930599564e-06
2.322398169323685613e-06
2.584308032808356039e-06
2.790229779800343337e-06
2.741454507480623612e-06
2.710512374253447424e-06
2.792650117959928632e-06
2.938031652336957874e-06
3.054614576446702184e-06
3.110331971290934783e-06
3.197668470215997717e-06
3.317590689624394792e-06
3.582150861651072012e-06
3.902629899759961194e-06
4.130484292285497402e-06
4.175750900041436940e-06
4.267844319038714034e-06
4.452791009438374972e-06
4.687076370477642753e-06
4.946413191033685522e-06
4.986943005661973713e-06
4.867470731940245754e-06
4.905467848144021992e-06
5.048257225526246920e-06
5.208321634258001245e-06
5.358851791881698390e-06
5.489999037832407818e-06
5.612138460377846348e-06
5.738979560164985072e-06
5.906932233326179333e-06
6.009776738281489104e-06
6.107548774385669003e-06
6.112200187311860215e-06
6.399371217227978252e-06
7.132031986077797703e-06
7.573930675017846156e-06
7.672216232706950226e-06
7.986055063010921446e-06
7.813649883757988433e-06
7.984616985741087609e-06
7.509843460373223227e-06
8.413715261986770300e-06
8.454593697754817975e-06
inf
9.471592585576066869e-07
1.246343048032297281e-06
1.391778190465473441e-06
1.513625653192346984e-06
1.719540333794363057e-06
2.150303887760484176e-06
2.306334483470963543e-06
2.303102413827960083e-06
2.565740858133121008e-06
2.771897520152222398e-06
2.718797861548633288e-06
2.684514756608323435e-06
2.764981797266281040e-06
2.909101933727584726e-06
3.023895831431729924e-06
3.077821888360757878e-06
3.163758261540342004e-06
3.282201897562613360e-06
3.546589794517919662e-06
3.868156715739249148e-06
4.096347317471104133e-06
4.139327510922451453e-06
4.229814631434958154e-06
4.414582085763149760e-06
4.649413098465627334e-06
4.909831362715644621e-06
4.947731169891688484e-06
4.823659004325705367e-06
4.859278420180610578e-06
5.001057420000182517e-06
5.160491928253936581e-06
5.310357188285179195e-06
5.440443811823816871e-06
5.561367299246865090e-06
5.686528977722032140e-06
5.853365896599211116e-06
5.954621916958147585e-06
6.051285809361097413e-06
6.053564557124971259e-06
6.341341888240960622e-06
7.082603755403558606e-06
7.527826942346942003e-06
7.623225634345708604e-06
7.939359622414294000e-06
7.759153191726619062e-06
7.929593111351334402e-06
7.444744109137585124e-06
8.358845276938353937e-06
8.397695869634805692e-06
inf
9.358390995969640008e-07
1.234057885279766490e-06
1.378348705811776437e-06
1.499003340170563010e-06
1.704294897441740969e-06
2.136795573252946436e-06
2.292136682233679361e-06
2.286434331950179068e-06
2.549657383225139675e-06
2.756054635984082499e-06
2.699174212144329307e-06
2.662006826243246766e-06
2.741026447499736313e-06
2.884040820754574317e-06
2.997311155587578707e-06
3.049727568155198722e-06
3.134476524567232750e-06
3.251640070453300489e-06
3.515889828156797687e-06
3.838423777883917552e-06
4.066862940590836615e-06
4.107813693132189117e-06
4.196881306009269244e-06
4.381459163981351714e-06
4.616750978912302175e-06
4.878093727579678586e-06
4.913702909639246796e-06
4.785640378926910813e-06
4.819179740808644721e-06
4.960053684156937707e-06
5.118958752109132478e-06
5.268251430253735728e-06
5.397428542724157024e-06
5.517290458158782680e-06
5.641007912289451251e-06
5.806852113833141265e-06
5.906723862387082279e-06
6.002448320599493775e-06
6.002643531514528013e-06
6.290907608376730451e-06
7.039607510469274719e-06
7.487712713535437650e-06
7.580553300079702731e-06
7.898719846046426367e-06
7.711689836303529363e-06
7.881754162394554751e-06
7.388198995498387943e-06
8.311026339833880712e-06
8.348362675899901993e-06
inf
9.260379388239156020e-07
1.223445958269393391e-06
1.366749286340510670e-06
1.486327344951600590e-06
1.690966274060505089e-06
2.124916350141231302e-06
2.279645422420951206e-06
2.271849540798960152e-06
2.535652226609708555e-06
2.742210721165719466e-06
2.682054605251094540e-06
2.642376732448738764e-06
2.720166595246915472e-06
2.862251414128947470e-06
2.974144801085721667e-06
3.025207055625587757e-06
3.108913324085815923e-06
3.224942921410929543e-06
3.489041573976355716e-06
3.812397996988990642e-06
4.041144138810479204e-06
4.080406444325230171e-06
4.168274658078597614e-06
4.352723205144554704e-06
4.588446263185730376e-06
4.850650314749790139e-06
4.884262700603742833e-06
4.752701280638556777e-06
4.784459369288855165e-06
4.924583855269644280e-06
5.083002830265546281e-06
5.231794575879085466e-06
5.360171834815525065e-06
5.479127844785448969e-06
5.601569273428488241e-06
5.766591363483011317e-06
5.865269680107076513e-06
5.960129613507856887e-06
5.958561485430973700e-06
6.247303602692142419e-06
7.002614861009200578e-06
7.453359322460675075e-06
7.544034540155300567e-06
7.864017720921275722e-06
7.670989412745307719e-06
7.840594970331339928e-06
7.339276163768058358e-06
8.270169196006967369e-06
8.305701366472291203e-06
inf
9.176063463127502422e-07
1.214220898537873496e-06
1.356642962247839142e-06
1.475349892890215552e-06
1.679549589821483647e-06
2.114832148289495746e-06
2.269046037009811001e-06
2.259370710983281343e-06
2.523603566817155009e-06
2.730380655974273775e-06
2.667335574297682470e-06
2.625492204698162871e-06
2.702206997631228871e-06
2.843458818789978793e-06
2.954212456650227274e-06
3.004170638062275105e-06
3.087011744085004501e-06
3.202072366247300731e-06
3.466076591234009839e-06
3.790197419441264143e-06
4.019131669353898608e-06
4.056843012062547053e-06
4.143629293325418071e-06
4.327924290440216062e-06
4.564011093446965897e-06
4.826941027450323547e-06
4.858810570415554343e-06
4.724213993225349576e-06
4.754390505211550215e-06
4.893822427832196093e-06
5.051864755050693246e-06
5.200242072019086970e-06
5.327949206143719719e-06
5.446111842350139504e-06
5.567467824067710773e-06
5.731729635490857856e-06
5.829361202077230890e-06
5.923526799272319854e-06
5.920379218357731548e-06
6.209489898692804340e-06
6.970534729822038373e-06
7.423522843775538404e-06
7.512212517898275295e-06
7.833822962509624503e-06
7.635513980087978232e-06
7.804890335114795624e-06
7.296914822555559751e-06
8.234482511256389545e-06
8.268979413157217482e-06
inf
9.102941575580958993e-07
1.206260117953017155e-06
1.347926281284276310e-06
1.465822264856227370e-06
1.669499115704726469e-06
2.105836543755289031e-06
2.259582520983260883e-06
2.248352902382378602e-06
2.513033614804705948e-06
2.719927934529646632e-06
2.654409443456602005e-06
2.610688992926871874e-06
2.686501061304018295e-06
2.827062906338581004e-06
2.936761509640479320e-06
2.985705844595127974e-06
3.067776868434759598e-06
3.181969939623850878e-06
3.445844807685713105e-06
3.770586215682395601e-06
3.999781158497715565e-06
4.036243938574729994e-06
4.122134417429157404e-06
4.306334560982063306e-06
4.542761307671465336e-06
4.806372620317178733e-06
4.836729987698550863e-06
4.699481819854418941e-06
4.728321519041882320e-06
4.867195417162016610e-06
5.024873870802148915e-06
5.172882552698071485e-06
5.299991869242082139e-06
5.417483746695801486e-06
5.537869272907367398e-06
5.701515343571006752e-06
5.798248540459336783e-06
5.891751427654948905e-06
5.887295798371283923e-06
6.176783884723546845e-06
6.942921938194654747e-06
7.397972245643757058e-06
7.485016791369334256e-06
7.808062639517036047e-06
7.605138847885948425e-06
7.774145667593022576e-06
7.260214254131196721e-06
8.204070606607242403e-06
8.237081787781677138e-06
inf
9.040183318211680007e-07
1.199315982601707064e-06
1.340297230073663929e-06
1.457562366421053398e-06
1.660933921684495338e-06
2.098249233400355902e-06
2.251602931087948182e-06
2.238959442928208475e-06
2.503920602474866421e-06
2.710995242307114944e-06
2.643302412405730079e-06
2.597982206591563981e-06
2.672999313259127300e-06
2.812926699606315256e-06
2.921779094230126038e-06
2.969928840094548087e-06
3.051375414656936822e-06
3.164834776462978585e-06
3.428631574798791519e-06
3.753949125429178012e-06
3.983256564972807206e-06
4.018537904291750338e-06
4.103602410064536327e-06
4.287659940498498789e-06
4.524348951122517642e-06
4.788497254643846229e-06
4.817542616534939891e-06
4.678026577935159200e-06
4.705670683330487863e-06
4.844005296889638981e-06
5.001414597189032762e-06
5.149119953719625032e-06
5.275734671929244519e-06
5.392632279272216626e-06
5.512203256409816865e-06
5.675253785708219566e-06
5.771194537802966791e-06
5.864188070495937615e-06
5.858545384472890227e-06
6.148285427262908691e-06
6.918729768759967192e-06
7.375450288863198601e-06
7.460953680206773360e-06
7.785256378099262702e-06
7.578315115643538174e-06
7.747197920301286436e-06
7.228294140037374719e-06
8.177071363654011516e-06
8.209455802842223810e-06
inf
8.985858248942410519e-07
1.193304739386900943e-06
1.333690076936427571e-06
1.450384044502722789e-06
1.653418856942445198e-06
2.091501732243060065e-06
2.244498508281377094e-06
2.230676767565486593e-06
2.495894644944986540e-06
2.703079539689747403e-06
2.633537414504333421e-06
2.586848719499885988e-06
2.661195391058940301e-06
2.800585453157601474e-06
2.908673680096446580e-06
2.956115018673340805e-06
3.037014943465579275e-06
3.149822728088417713e-06
3.413516807097702810e-06
3.739294799754399107e-06
3.968730796085381892e-06
4.003039399778001377e-06
4.087407595565655963e-06
4.271346449882483306e-06
4.508258742467750380e-06
4.772878866298023318e-06
4.800794141580867750e-06
4.659326872454626804e-06
4.685956668255182701e-06
4.823838155575623162e-06
4.980992279418163104e-06
5.128426172093538234e-06
5.254602477299992853e-06
5.370992228206382208e-06
5.489843008068479744e-06
5.652391066677258608e-06
5.747648843562817896e-06
5.840170341896097639e-06
5.833536520962354418e-06
6.123504424145947868e-06
6.897670725724913289e-06
7.355857559783776578e-06
7.440063849887102448e-06
7.765446486338079305e-06
7.555041447201936659e-06
7.723732481047118574e-06
7.200493785230155512e-06
8.153685994984731047e-06
8.185263174462056301e-06
inf
8.938664368930670026e-07
1.188116658609658291e-06
1.327991714075404189e-06
1.444137122991113307e-06
1.646741367821813464e-06
2.085361812590249339e-06
2.238022351396865300e-06
2.223262904408152213e-06
2.488751068916012932e-06
2.695944924274021306e-06
2.624859714640163184e-06
2.577002379500030979e-06
2.650795689538677404e-06
2.789747079169272277e-06
2.897113088951683244e-06
2.943889657121253143e-06
3.024295349207938924e-06
3.136512943995247621e-06
3.400060322850707082e-06
3.726171057054921976e-06
3.955790699990652176e-06
3.989354337499470058e-06
4.073159900623139309e-06
4.257019234841724763e-06
4.494126818838689217e-06
4.759176787535754131e-06
4.786124010876590446e-06
4.642979319938237537e-06
4.668770959596096354e-06
4.806294671602377522e-06
4.963183889994812750e-06
5.110365146514701908e-06
5.236140991063632373e-06
5.352103363019082374e-06
5.470303819557786804e-06
5.632452800001831874e-06
5.727128129856306742e-06
5.819180746855918692e-06
5.811753740186672826e-06
6.101951420041196869e-06
6.879348299045344545e-06
7.338859381280761018e-06
7.422030285104641501e-06
7.748326840637939427e-06
7.534959042614525090e-06
7.703312321878045066e-06
7.176237696830875320e-06
8.133597865613878365e-06
8.163928768906993615e-06
inf
8.898493406391172543e-07
1.183549570663022460e-06
1.322942759403544776e-06
1.438718958240666876e-06
1.641176112613229210e-06
2.080360342858718559e-06
2.232749533672100135e-06
2.217074978545266017e-06
2.482626602599211752e-06
2.689939548693773519e-06
2.617484890122703271e-06
2.568656895844064189e-06
2.641945480194424004e-06
2.780459859990973143e-06
2.887308152101407424e-06
2.933631560463569154e-06
3.013667165528203233e-06
3.125405078811403107e-06
3.388877775862046418e-06
3.715326002669196593e-06
3.944921369409621778e-06
3.977687754490087642e-06
4.060930697203853959e-06
4.244626447309044941e-06
4.481842670632526096e-06
4.747164398920456170e-06
4.773278936210005232e-06
4.628744154255439000e-06
4.653757650874001340e-06
4.790885765893176845e-06
4.947609427960414518e-06
5.094589547755294817e-06
5.220050341376397268e-06
5.335618604883669174e-06
5.453299672818637467e-06
5.615010069540206720e-06
5.709161368845357467e-06
5.800906231473706631e-06
5.792710741201104610e-06
6.082982303705081133e-06
6.862933015959438438e-06
7.323371578156804510e-06
7.405487971806417889e-06
7.732554046774191335e-06
7.516658421032395846e-06
7.685013962212416955e-06
7.154972845416246140e-06
8.115034631541538833e-06
8.145309874257502036e-06
inf
8.863217263850067816e-07
1.179647134060738388e-06
1.318647118463342474e-06
1.433990531928347699e-06
1.636047499166802938e-06
2.075506437021240437e-06
2.227615551901913316e-06
2.211301294066940740e-06
2.477032615441588771e-06
2.684285131807677497e-06
2.610744189025346553e-06
2.561085408889970250e-06
2.633982420560947856e-06
2.772175563136257833e-06
2.878454929752938952e-06
2.924270192598378353e-06
3.003933964481153372e-06
3.115210839261638187e-06
3.378519345848655128e-06
3.705145980241966221e-06
3.934882602474297372e-06
3.967149401475218143e-06
4.049988760230022033e-06
4.233607793487227967e-06
4.470938248780425329e-06
4.736554314451043957e-06
4.761963844004876396e-06
4.616226818894172484e-06
4.640643060756198840e-06
4.777507135163158603e-06
4.934001550490066596e-06
5.080774536380112471e-06
5.205921169088893167e-06
5.321172866643782749e-06
5.438353057878582133e-06
5.599767705403678328e-06
5.693485658722736853e-06
5.784845438088850312e-06
5.776104379652474095e-06
6.066525710612974606e-06
6.848757562136832642e-06
7.310140299321256168e-06
7.391529509448676402e-06
7.719227113081132335e-06
7.501202677218161527e-06
7.669213849665310428e-06
7.136385882340737860e-06
8.099558997854545861e-06
8.128661247458050345e-06
inf
