1.000000000000000333e-01
1.189841695416563871e-01
1.415723260151762752e-01
1.684486564099637873e-01
2.004272349334735026e-01
2.384766810208979460e-01
2.837494984632202843e-01
3.376169843250776403e-01
4.017107650307777389e-01
4.779722177313053821e-01
5.687112739074311474e-01
6.766763863485314445e-01
8.051377787812903364e-01
9.579864997490563638e-01
1.139852281047596616e+00
1.356243770606109900e+00
1.613715387416126523e+00
1.920065852483000324e+00
2.284574409229823022e+00
2.396235465041044677e+00
2.718281888383306200e+00
3.234325130694131190e+00
3.848334897033503399e+00
4.578909318417069940e+00
5.448177226584068222e+00
6.482468428208696842e+00
7.713111225104183788e+00
9.177381337014489660e+00
1.091963096951764989e+01
1.299263222609409318e+01
1.545917555581967662e+01
1.839397165307877913e+01
2.188591441714346075e+01
2.604077351583579159e+01
3.098439811004080369e+01
3.686652877871272693e+01
4.386533310618707304e+01
5.219280231307794082e+01
6.210117239273419898e+01
7.389056424712714488e+01
8.791807423908828412e+01
1.046085905103960698e+02
1.244676626880267349e+02
1.480968147972586735e+02
1.762117652041630720e+02
2.096641054628667575e+02
2.494670947119346351e+02
2.968263509226927113e+02
3.531763686261684825e+02
4.202239692272255525e+02
4.999999999999999432e+02
