3.572660218387944627e-04
5.913256168681901327e-03
1.075496872804934147e-02
5.662373584566209733e-03
4.429104187716579807e-03
5.956730391120891241e-03
7.483482602231684294e-03
5.345003052944637470e-03
4.015660955805710509e-03
4.931034792536585776e-03
8.038051782627037012e-03
1.258089354035493712e-02
1.234290439264605806e-02
1.102331767926445320e-02
1.195148575835521497e-02
8.882565009832102398e-03
7.193225041433335201e-03
6.556367355135261921e-03
5.614311010011465916e-03
5.061423547257313041e-03
6.286475067916062233e-03
8.013091851063396803e-03
9.771830569055861906e-03
1.204527221584473021e-02
1.384334264019334085e-02
1.343553478841520363e-02
1.147531178007497356e-02
1.034486656678893814e-02
1.117624451489208741e-02
1.303361786071994405e-02
1.279014256041396957e-02
1.150734013659471082e-02
1.009246779936442615e-02
8.277474437162545690e-03
6.819555442848313290e-03
5.981598550394683252e-03
4.541845760723020251e-03
3.604473386514746389e-03
2.960409951335113334e-03
2.536649472889222334e-03
2.110317486849111381e-03
1.781946594678802259e-03
1.201366076978750350e-03
1.070657906746795519e-03
8.175781472057268946e-04
5.205399593475778163e-04
1.752857301069981201e-04
7.426510670140536912e-05
4.295424765470917471e-05
8.091845229966577915e-06
