0.000000000000000000e+00 0.000000000000000000e+00
8.016032064128255849e-03 5.877210309828299417e-04
1.603206412825651170e-02 2.050818728615344533e-03
2.404809619238476581e-02 4.380088853865050577e-03
3.206412825651302340e-02 7.566327167699455312e-03
4.008016032064128098e-02 1.160032943108606392e-02
4.809619238476953162e-02 1.673185817208014750e-02
5.611222444889778921e-02 2.270217756008428844e-02
6.412825651302604679e-02 2.951579287935801946e-02
7.214428857715429744e-02 3.719049476445549646e-02
8.016032064128256196e-02 4.574636974338722878e-02
8.817635270541081260e-02 5.548776277309596522e-02
9.619238476953906325e-02 6.619438497357475748e-02
1.042084168336673278e-01 7.786212862689989578e-02
1.122244488977955784e-01 9.051108026108183047e-02
1.202404809619238429e-01 1.041613264041311160e-01
1.282565130260520936e-01 1.191393216505957087e-01
1.362725450901803581e-01 1.352195376421894690e-01
1.442885771543085949e-01 1.523809965016626189e-01
1.523046092184368594e-01 1.706437847570256849e-01
1.603206412825651239e-01 1.900279889362891661e-01
1.683366733466933607e-01 2.108789912473668926e-01
1.763527054108216252e-01 2.329723879021723398e-01
1.843687374749498897e-01 2.562239395035997847e-01
1.923847695390781265e-01 2.805193475796374236e-01
2.004008016032063910e-01 3.056745444547219193e-01
2.084168336673346555e-01 3.315285781470459492e-01
2.164328657314629201e-01 3.576231161862753472e-01
2.244488977955911568e-01 3.837012361621653933e-01
2.324649298597194214e-01 4.095427965495894163e-01
2.404809619238476859e-01 4.349276558234204115e-01
2.484969939879759226e-01 4.593649222038492241e-01
2.565130260521041872e-01 4.826289374806556065e-01
2.645290581162324517e-01 5.045600447814827527e-01
2.725450901803607162e-01 5.249381025812037693e-01
2.805611222444889807e-01 5.435429693546920404e-01
2.885771543086171897e-01 5.595886874291071678e-01
2.965931863727454543e-01 5.730125250444010332e-01
3.046092184368737188e-01 5.837869647710760557e-01
3.126252505010019833e-01 5.917350058842830718e-01
3.206412825651302478e-01 5.967451821573053206e-01
3.286573146292585124e-01 5.983466643726442769e-01
3.366733466933867214e-01 5.971587219364137278e-01
3.446893787575149859e-01 5.936567562347584426e-01
3.527054108216432504e-01 5.880197604748944595e-01
3.607214428857715149e-01 5.804267278640375949e-01
3.687374749498997795e-01 5.707522210777956628e-01
3.767535070140280440e-01 5.594492525589837006e-01
3.847695390781562530e-01 5.469026755980975762e-01
3.927855711422845175e-01 5.332914834023528838e-01
4.008016032064127820e-01 5.187946691789655507e-01
4.088176352705410466e-01 5.035152453029326791e-01
4.168336673346693111e-01 4.877966779728882263e-01
4.248496993987975756e-01 4.719049170241197966e-01
4.328657314629258401e-01 4.560189556638432617e-01
4.408817635270540491e-01 4.403124091507887861e-01
4.488977955911823137e-01 4.250502496559737664e-01
4.569138276553105782e-01 4.103136123142230307e-01
4.649298597194388427e-01 3.960730501104905432e-01
4.729458917835671072e-01 3.823594182164257171e-01
4.809619238476953718e-01 3.692035718036781877e-01
4.889779559118235808e-01 3.567452125957922271e-01
4.969939879759518453e-01 3.450317052822456376e-01
5.050100200400801098e-01 3.339987931431161461e-01
5.130260521042083743e-01 3.236773313500529436e-01
5.210420841683366389e-01 3.140981750747056656e-01
5.290581162324649034e-01 3.054212057505624189e-01
5.370741482965931679e-01 2.977133060100182194e-01
5.450901803607214324e-01 2.908705214802896899e-01
5.531062124248496970e-01 2.849237073330261327e-01
5.611222444889779615e-01 2.799037187398769611e-01
5.691382765531061150e-01 2.759857288962908051e-01
5.771543086172343795e-01 2.732539547331995222e-01
5.851703406813626440e-01 2.715185171375107953e-01
5.931863727454909085e-01 2.707711096487558367e-01
6.012024048096191731e-01 2.710019853016061853e-01
6.092184368737474376e-01 2.723247628627234462e-01
6.172344689378757021e-01 2.747894642507221485e-01
6.252505010020039666e-01 2.781936539282268694e-01
6.332665330661322312e-01 2.825275849299090924e-01
6.412825651302604957e-01 2.877815102904403011e-01
6.492985971943887602e-01 2.940496405583885586e-01
6.573146292585170247e-01 3.014018991855419438e-01
6.653306613226452892e-01 3.096353573194450259e-01
6.733466933867734427e-01 3.187402679947691220e-01
6.813627254509017073e-01 3.287068842461861595e-01
6.893787575150299718e-01 3.396115524778856587e-01
6.973947895791582363e-01 3.515410095273986402e-01
7.054108216432865008e-01 3.642822531980808853e-01
7.134268537074147654e-01 3.777890329871890218e-01
7.214428857715430299e-01 3.920070231173367059e-01
7.294589178356712944e-01 4.069262916754022852e-01
7.374749498997995589e-01 4.225328460792837082e-01
7.454909819639278235e-01 4.386130653349830655e-01
7.535070140280560880e-01 4.551072676156062702e-01
7.615230460921843525e-01 4.719557710942595130e-01
7.695390781563125060e-01 4.891140916780748471e-01
7.775551102204407705e-01 5.065215229457170620e-01
7.855711422845690350e-01 5.240457099221674797e-01
7.935871743486972996e-01 5.416269707805322353e-01
8.016032064128255641e-01 5.592056236939171310e-01
8.096192384769538286e-01 5.767120869365435221e-01
8.176352705410820931e-01 5.940200311541730116e-01
8.256513026052103577e-01 6.110878219376008058e-01
8.336673346693386222e-01 6.278627283326706499e-01
8.416833667334668867e-01 6.443055033186788627e-01
8.496993987975951512e-01 6.603755520043538274e-01
8.577154308617234157e-01 6.759654784588147169e-01
8.657314629258516803e-01 6.911607152865887338e-01
8.737474949899798338e-01 7.059476159490768454e-01
8.817635270541080983e-01 7.203125339076805744e-01
8.897795591182363628e-01 7.342251323324077150e-01
8.977955911823646273e-01 7.475475013615133779e-01
9.058116232464928919e-01 7.603935717608254485e-01
9.138276553106211564e-01 7.727496969917450054e-01
9.218436873747494209e-01 7.846022305156731269e-01
9.298597194388776854e-01 7.959250131000782380e-01
9.378757515030059499e-01 8.065452972965579947e-01
9.458917835671342145e-01 8.166076738601372176e-01
9.539078156312624790e-01 8.260984962522172070e-01
9.619238476953907435e-01 8.350100670192818209e-01
9.699398797595190080e-01 8.433354560385030174e-01
9.779559118236471615e-01 8.509915275232212695e-01
9.859719438877754261e-01 8.582308012447283918e-01
9.939879759519036906e-01 8.651147378635988261e-01
1.002004008016031955e+00 8.717047980404070140e-01
1.010020040080160220e+00 8.780624424357267310e-01
1.018036072144288484e+00 8.842329974904719059e-01
1.026052104208416749e+00 8.903538328070780272e-01
1.034068136272545013e+00 8.964868779417096700e-01
1.042084168336673278e+00 9.026935935549414980e-01
1.050100200400801542e+00 9.090354403073478418e-01
1.058116232464929807e+00 9.156728052010827401e-01
1.066132264529058071e+00 9.226322069088978006e-01
1.074148296593186336e+00 9.299713653554008141e-01
1.082164328657314600e+00 9.377517412011664444e-01
1.090180360721442865e+00 9.460333565843574988e-01
1.098196392785571129e+00 9.550208654415268672e-01
1.106212424849699394e+00 9.644146093755723292e-01
1.114228456913827658e+00 9.740646413192055597e-01
1.122244488977955923e+00 9.838387009149307527e-01
1.130260521042083965e+00 9.936045278052514362e-01
1.138276553106212230e+00 1.003117323645321246e+00
1.146292585170340494e+00 1.012219224973436749e+00
1.154308617234468759e+00 1.020786471183143806e+00
1.162324649298597024e+00 1.028686801916946170e+00
1.170340681362725288e+00 1.035787956817348032e+00
1.178356713426853553e+00 1.041635612472125993e+00
1.186372745490981817e+00 1.046234291890277612e+00
1.194388777555110082e+00 1.049507373062024795e+00
1.202404809619238346e+00 1.051322595629871071e+00
1.210420841683366611e+00 1.051547699236320410e+00
1.218436873747494875e+00 1.049539787537613345e+00
1.226452905811623140e+00 1.045490778742391269e+00
1.234468937875751404e+00 1.039619479532030821e+00
1.242484969939879669e+00 1.032029279681665024e+00
1.250501002004007933e+00 1.022839777705709663e+00
1.258517034068136198e+00 1.011861375861797363e+00
1.266533066132264462e+00 9.995208391569292417e-01
1.274549098196392727e+00 9.860570260967171929e-01
1.282565130260520991e+00 9.715895351955761150e-01
1.290581162324649256e+00 9.562379649679212390e-01
1.298597194388777520e+00 9.399952111015543732e-01
1.306613226452905785e+00 9.231551439097268608e-01
1.314629258517034049e+00 9.059070231616315194e-01
1.322645290581162314e+00 8.883704473716834693e-01
1.330661322645290578e+00 8.706650150542977196e-01
1.338677354709418621e+00 8.529471690281319463e-01
1.346693386773546885e+00 8.354157775113134621e-01
1.354709418837675150e+00 8.181651896142964064e-01
1.362725450901803415e+00 8.012313070227169431e-01
1.370741482965931679e+00 7.846162609859345105e-01
1.378757515030059944e+00 7.683599071951706660e-01
1.386773547094188208e+00 7.524101328973519243e-01
1.394789579158316473e+00 7.367139963910243061e-01
1.402805611222444737e+00 7.212551168923720946e-01
1.410821643286573002e+00 7.060171136175796835e-01
1.418837675350701266e+00 6.910174005246976225e-01
1.426853707414829531e+00 6.762169598752335586e-01
1.434869739478957795e+00 6.615721966863236103e-01
1.442885771543086060e+00 6.470667301741518385e-01
1.450901803607214324e+00 6.326841795549029701e-01
1.458917835671342589e+00 6.184221120291101270e-01
1.466933867735470853e+00 6.042494149215540400e-01
1.474949899799599118e+00 5.901344349436148384e-01
1.482965931863727382e+00 5.760639770445868946e-01
1.490981963927855647e+00 5.620302274796932229e-01
1.498997995991983911e+00 5.480470810165998241e-01
1.507014028056112176e+00 5.341312139105126588e-01
1.515030060120240440e+00 5.202852696980805325e-01
1.523046092184368705e+00 5.065189561666307849e-01
1.531062124248496970e+00 4.928419811034907005e-01
1.539078156312625012e+00 4.792817374627375560e-01
1.547094188376753277e+00 4.658575927139252393e-01
1.555110220440881541e+00 4.525614253493197570e-01
1.563126252505009806e+00 4.394029431562484489e-01
1.571142284569138070e+00 4.263918539220385440e-01
1.579158316633266335e+00 4.135620865635018517e-01
1.587174348697394599e+00 4.009387754991408093e-01
1.595190380761522864e+00 3.885014963095383411e-01
1.603206412825651128e+00 3.762599567820218982e-01
1.611222444889779393e+00 3.642237170391218748e-01
1.619238476953907657e+00 3.524310311289294839e-01
1.627254509018035922e+00 3.409114389473863471e-01
1.635270541082164186e+00 3.296277413660318456e-01
1.643286573146292451e+00 3.185867122421321418e-01
1.651302605210420715e+00 3.077951254329532871e-01
1.659318637274548980e+00 2.972899650997557486e-01
1.667334669338677244e+00 2.871100098036742376e-01
1.675350701402805509e+00 2.772064581155904150e-01
1.683366733466933773e+00 2.675860838927704433e-01
1.691382765531062038e+00 2.582556609924802626e-01
1.699398797595190302e+00 2.492526434961926940e-01
1.707414829659318567e+00 2.406280154317876618e-01
1.715430861723446831e+00 2.323202999831893156e-01
1.723446893787575096e+00 2.243362710076637345e-01
1.731462925851703361e+00 2.166827023624769422e-01
1.739478957915831625e+00 2.093964449630145164e-01
1.747494989979959668e+00 2.025369051445339574e-01
1.755511022044087932e+00 1.960082159326194118e-01
1.763527054108216197e+00 1.897983485435938977e-01
1.771543086172344461e+00 1.838948619942318008e-01
1.779559118236472726e+00 1.783053452854398979e-01
1.787575150300600990e+00 1.730599801221929801e-01
1.795591182364729255e+00 1.680714782218106773e-01
1.803607214428857519e+00 1.633273986010674028e-01
1.811623246492985784e+00 1.588153002767375421e-01
1.819639278557114048e+00 1.545346960245684576e-01
1.827655310621242313e+00 1.505077771017129251e-01
1.835671342685370577e+00 1.466633218984720044e-01
1.843687374749498842e+00 1.429888894316200254e-01
1.851703406813627106e+00 1.394720387179314292e-01
1.859719438877755371e+00 1.361061771568220502e-01
1.867735470941883635e+00 1.329015638599669868e-01
1.875751503006011900e+00 1.298049948678695886e-01
1.883767535070140164e+00 1.268039631432519854e-01
1.891783567134268429e+00 1.238859516091744273e-01
1.899799599198396693e+00 1.210401367567935094e-01
1.907815631262524958e+00 1.182606761966598641e-01
1.915831663326653223e+00 1.155143842410977228e-01
1.923847695390781487e+00 1.127887359891548008e-01
1.931863727454909752e+00 1.100712065398788131e-01
1.939879759519038016e+00 1.073488037205389406e-01
1.947895791583166281e+00 1.045957167210780359e-01
1.955911823647294323e+00 1.018008969383155798e-01
1.963927855711422588e+00 9.895181947129919053e-02
1.971943887775550852e+00 9.603595941907663858e-02
1.979959919839679117e+00 9.304014008775488009e-02
1.987975951903807381e+00 8.991461396121849803e-02
1.995991983967935646e+00 8.667245366350746771e-02
2.004008016032063910e+00 8.330655770522034376e-02
2.012024048096192175e+00 7.982083412240394138e-02
2.020040080160320439e+00 7.623020047655329479e-02
2.028056112224448704e+00 7.254066000274819737e-02
2.036072144288576968e+00 6.880633257426525817e-02
2.044088176352705233e+00 6.504805618338636852e-02
2.052104208416833497e+00 6.128617180315745760e-02
2.060120240480961762e+00 5.754102040662445461e-02
2.068136272545090026e+00 5.385665608952172612e-02
2.076152304609218291e+00 5.025057057527215765e-02
2.084168336673346555e+00 4.674217914535675616e-02
2.092184368737474820e+00 4.335182277282147167e-02
2.100200400801603084e+00 4.009984243071221255e-02
2.108216432865731349e+00 3.706512074305422233e-02
2.116232464929859614e+00 3.423496594814413180e-02
2.124248496993987878e+00 3.162414828429833263e-02
2.132264529058116143e+00 2.924995589464514725e-02
2.140280561122244407e+00 2.712575957418848771e-02
2.148296593186372672e+00 2.530950164562609586e-02
2.156312625250500936e+00 2.372519981889642179e-02
2.164328657314629201e+00 2.234928268999925374e-02
2.172344689378757465e+00 2.116934760489947581e-02
2.180360721442885730e+00 2.017299190956194782e-02
2.188376753507013994e+00 1.938756543883041542e-02
2.196392785571142259e+00 1.875869506627611191e-02
2.204408817635270523e+00 1.826403906445316083e-02
2.212424849699398788e+00 1.789119477932643587e-02
2.220440881763527052e+00 1.762775955686080379e-02
2.228456913827655317e+00 1.748020916858973942e-02
2.236472945891783581e+00 1.741185009796357430e-02
2.244488977955911846e+00 1.740353507096759761e-02
2.252505010020040110e+00 1.744286143356668303e-02
2.260521042084167931e+00 1.751757556165679103e-02
2.268537074148296195e+00 1.761723864864643205e-02
2.276553106212424460e+00 1.772800952374871050e-02
2.284569138276552724e+00 1.784284723081394283e-02
2.292585170340680989e+00 1.795629620336400278e-02
2.300601202404809253e+00 1.806290087492074675e-02
2.308617234468937518e+00 1.815209538386769114e-02
2.316633266533065783e+00 1.821677528860012052e-02
2.324649298597194047e+00 1.825289665744609865e-02
2.332665330661322312e+00 1.825500392392749235e-02
2.340681362725450576e+00 1.821764152156617883e-02
2.348697394789578841e+00 1.812351782148020202e-02
2.356713426853707105e+00 1.796839287669760657e-02
2.364729458917835370e+00 1.775208402817915129e-02
2.372745490981963634e+00 1.746913570944672381e-02
2.380761523046091899e+00 1.711409235402217358e-02
2.388777555110220163e+00 1.666380081391305792e-02
2.396793587174348428e+00 1.611985836585221044e-02
2.404809619238476692e+00 1.550292239634858821e-02
2.412825651302604957e+00 1.482349931654831400e-02
2.420841683366733221e+00 1.409294148080783050e-02
2.428857715430861486e+00 1.331887770759925850e-02
2.436873747494989750e+00 1.252240739389386646e-02
2.444889779559118015e+00 1.171998694257785946e-02
2.452905811623246279e+00 1.092296870800767844e-02
2.460921843687374544e+00 1.014270504453977477e-02
2.468937875751502808e+00 9.399000423506942425e-03
2.476953907815631073e+00 8.710633247583476901e-03
2.484969939879759337e+00 8.084205261091884781e-03
2.492985971943887602e+00 7.531068818388604418e-03
2.501002004008015867e+00 7.062576273830082838e-03
2.509018036072144131e+00 6.708909358840454626e-03
2.517034068136272396e+00 6.490122267335717010e-03
2.525050100200400660e+00 6.396092198883122568e-03
2.533066132264528925e+00 6.421789779086387213e-03
2.541082164328657189e+00 6.557154390074823938e-03
2.549098196392785454e+00 6.800253933373434992e-03
2.557114228456913718e+00 7.130975488095587719e-03
2.565130260521041983e+00 7.519465817850066666e-03
2.573146292585170247e+00 7.952685808629313818e-03
2.581162324649298512e+00 8.417596346425774631e-03
2.589178356713426776e+00 8.900691831122421391e-03
2.597194388777555041e+00 9.379702717933719597e-03
2.605210420841683305e+00 9.838505896009389073e-03
2.613226452905811570e+00 1.026406225134187181e-02
2.621242484969939834e+00 1.064333266992361499e-02
2.629258517034068099e+00 1.095330365221458026e-02
2.637274549098196363e+00 1.116541782509227615e-02
2.645290581162324628e+00 1.127934780546639010e-02
2.653306613226452892e+00 1.128529254361730974e-02
2.661322645290581157e+00 1.117935800407193932e-02
2.669338677354708977e+00 1.095803300988839463e-02
2.677354709418837242e+00 1.062944027208479435e-02
2.685370741482965506e+00 1.022712743730112665e-02
2.693386773547093771e+00 9.761840445572218805e-03
2.701402805611222036e+00 9.244325236932905004e-03
2.709418837675350300e+00 8.683022489554855297e-03
2.717434869739478565e+00 8.092228288686055884e-03
2.725450901803606829e+00 7.491976840154396591e-03
2.733466933867735094e+00 6.893014083994709017e-03
2.741482965931863358e+00 6.306085960241826494e-03
2.749498997995991623e+00 5.745270886515432482e-03
2.757515030060119887e+00 5.234442976561810325e-03
2.765531062124248152e+00 4.778420668262538425e-03
2.773547094188376416e+00 4.387949901652451849e-03
2.781563126252504681e+00 4.072607718340000120e-03
2.789579158316632945e+00 3.846751394206912589e-03
2.797595190380761210e+00 3.717985293352277839e-03
2.805611222444889474e+00 3.656046875336502102e-03
2.813627254509017739e+00 3.653519196953791421e-03
2.821643286573146003e+00 3.702985314998345334e-03
2.829659318637274268e+00 3.798886463939311030e-03
2.837675350701402532e+00 3.936651262851081391e-03
2.845691382765530797e+00 4.096888955529415059e-03
2.853707414829659061e+00 4.272182598768515041e-03
2.861723446893787326e+00 4.455115249362580875e-03
2.869739478957915590e+00 4.637781611391918538e-03
2.877755511022043855e+00 4.805910088784485883e-03
2.885771543086172120e+00 4.952156670871315190e-03
2.893787575150300384e+00 5.069104414446613804e-03
2.901803607214428649e+00 5.149336376304581263e-03
2.909819639278556913e+00 5.183775691436609198e-03
2.917835671342685178e+00 5.150672554760649981e-03
2.925851703406813442e+00 5.071923952388516024e-03
2.933867735470941707e+00 4.954179514694356107e-03
2.941883767535069971e+00 4.804194108263631913e-03
2.949899799599198236e+00 4.628469219574301956e-03
2.957915831663326500e+00 4.432727302391651671e-03
2.965931863727454765e+00 4.231630123079936114e-03
2.973947895791583029e+00 4.031932548224620438e-03
2.981963927855711294e+00 3.840389444411170666e-03
2.989979959919839558e+00 3.663838761937915963e-03
2.997995991983967823e+00 3.520438480897228588e-03
3.006012024048096087e+00 3.412078377505904387e-03
3.014028056112224352e+00 3.345513318349405910e-03
3.022044088176352616e+00 3.327498170013202649e-03
3.030060120240480881e+00 3.364787799082754986e-03
3.038076152304609145e+00 3.488164276702317070e-03
3.046092184368737410e+00 3.683725048359587709e-03
3.054108216432865675e+00 3.944457034134306664e-03
3.062124248496993939e+00 4.262791190201901254e-03
3.070140280561122204e+00 4.629926308401443626e-03
3.078156312625250024e+00 5.044053367433124456e-03
3.086172344689378289e+00 5.481589052043427113e-03
3.094188376753506553e+00 5.932895147491698204e-03
3.102204408817634818e+00 6.389170445617010745e-03
3.110220440881763082e+00 6.841613738258439485e-03
3.118236472945891347e+00 7.272775237216325128e-03
3.126252505010019611e+00 7.673273588764167180e-03
3.134268537074147876e+00 8.034909383534141747e-03
3.142284569138276140e+00 8.348881413365330517e-03
3.150300601202404405e+00 8.606388470096797833e-03
3.158316633266532669e+00 8.775734249426788564e-03
3.166332665330660934e+00 8.858950857560318748e-03
3.174348697394789198e+00 8.853827873728787115e-03
3.182364729458917463e+00 8.761366386807682705e-03
3.190380761523045727e+00 8.587730416604129682e-03
3.198396793587173992e+00 8.326940669091509317e-03
3.206412825651302256e+00 8.006931848097543700e-03
3.214428857715430521e+00 7.640875679327817187e-03
3.222444889779558785e+00 7.237597637126051697e-03
3.230460921843687050e+00 6.805923195835967415e-03
3.238476953907815314e+00 6.353895201832090132e-03
3.246492985971943579e+00 5.898530741222709865e-03
3.254509018036071843e+00 5.449897017031697655e-03
3.262525050100200108e+00 5.016819503602774552e-03
3.270541082164328373e+00 4.608123675279659007e-03
3.278557114228456637e+00 4.244476423892488449e-03
3.286573146292584902e+00 3.934773407721196131e-03
3.294589178356713166e+00 3.684579212162400821e-03
3.302605210420841431e+00 3.501040344454139225e-03
3.310621242484969695e+00 3.388771946044355759e-03
3.318637274549097960e+00 3.356962057951823689e-03
3.326653306613226224e+00 3.386321317618798312e-03
3.334669338677354489e+00 3.463262672865812918e-03
3.342685370741482753e+00 3.580958458559019286e-03
3.350701402805611018e+00 3.732581009564566159e-03
3.358717434869739282e+00 3.914441421144332356e-03
3.366733466933867547e+00 4.112780324801652496e-03
3.374749498997995811e+00 4.317870534525695969e-03
3.382765531062124076e+00 4.522884385182617158e-03
3.390781563126252340e+00 4.720994211638565238e-03
3.398797595190380605e+00 4.900202859243932285e-03
3.406813627254508869e+00 5.050117732926662738e-03
3.414829659318637134e+00 5.165953123162805513e-03
3.422845691382765398e+00 5.240881364818507186e-03
3.430861723446893663e+00 5.268472125373631354e-03
3.438877755511021928e+00 5.232403062694710588e-03
3.446893787575150192e+00 5.139258315232667941e-03
3.454909819639278457e+00 5.001474495799198249e-03
3.462925851703406721e+00 4.823423174790982329e-03
3.470941883767534986e+00 4.609475922604705338e-03
3.478957915831663250e+00 4.359878008866584741e-03
3.486973947895791515e+00 4.082665620741481732e-03
3.494989979959919335e+00 3.786957017274647942e-03
3.503006012024047600e+00 3.477123768862733395e-03
3.511022044088175864e+00 3.157537445902438428e-03
3.519038076152304129e+00 2.832915881792166281e-03
3.527054108216432393e+00 2.510833579694489101e-03
3.535070140280560658e+00 2.196397918884743141e-03
3.543086172344688922e+00 1.893980469759612472e-03
3.551102204408817187e+00 1.607952802715781381e-03
3.559118236472945451e+00 1.346812788920407483e-03
3.567134268537073716e+00 1.117554053764262777e-03
3.575150300601201980e+00 9.153833170837866098e-04
3.583166332665330245e+00 7.397368709981183088e-04
3.591182364729458509e+00 5.898650896090912700e-04
3.599198396793586774e+00 4.681757664494902828e-04
3.607214428857715038e+00 3.749032181684461436e-04
3.615230460921843303e+00 3.044216750685690563e-04
3.623246492985971567e+00 2.559815112516908991e-04
3.631262525050099832e+00 2.288331008196467487e-04
3.639278557114228096e+00 2.245341085832349890e-04
3.647294589178356361e+00 2.435643890708001148e-04
3.655310621242484626e+00 2.809027634277245491e-04
3.663326653306612890e+00 3.357996057558405227e-04
3.671342685370741155e+00 4.075052901569827597e-04
3.679358717434869419e+00 4.968461053374949180e-04
3.687374749498997684e+00 6.043099384698726994e-04
3.695390781563125948e+00 7.253113884486653458e-04
3.703406813627254213e+00 8.581579559287817868e-04
3.711422845691382477e+00 1.000944407079941943e-03
3.719438877755510742e+00 1.152049973068366810e-03
3.727454909819639006e+00 1.308795408348491273e-03
3.735470941883767271e+00 1.467340127298967945e-03
3.743486973947895535e+00 1.625638854795245433e-03
3.751503006012023800e+00 1.781646315712771692e-03
3.759519038076152064e+00 1.932709085521563041e-03
3.767535070140280329e+00 2.074244181311908890e-03
3.775551102204408593e+00 2.205347410522813089e-03
3.783567134268536858e+00 2.323973498029724243e-03
3.791583166332665122e+00 2.428077168708089005e-03
3.799599198396793387e+00 2.514296346311843851e-03
3.807615230460921651e+00 2.575496302606884898e-03
3.815631262525049916e+00 2.614033242072687831e-03
3.823647294589178181e+00 2.628409446933031336e-03
3.831663326653306445e+00 2.618186211426036612e-03
3.839679358717434710e+00 2.583184960004393342e-03
3.847695390781562974e+00 2.521212366009638935e-03
3.855711422845691239e+00 2.440357144539142143e-03
3.863727454909819503e+00 2.342220391381386827e-03
3.871743486973947768e+00 2.228403202324859885e-03
3.879759519038076032e+00 2.100044277107820326e-03
3.887775551102204297e+00 1.956734546266838091e-03
3.895791583166332561e+00 1.804117057813928605e-03
3.903807615230460382e+00 1.643792907537584619e-03
3.911823647294588646e+00 1.477363191226274382e-03
3.919839679358716911e+00 1.306374379571798592e-03
3.927855711422845175e+00 1.132708938179338752e-03
3.935871743486973440e+00 9.593106090387646268e-04
3.943887775551101704e+00 7.877804879385625703e-04
3.951903807615229969e+00 6.200150488392534073e-04
3.959919839679358233e+00 4.583678356717665382e-04
3.967935871743486498e+00 3.139593711338516720e-04
3.975951903807614762e+00 1.905488558828386338e-04
3.983967935871743027e+00 9.350578933360717722e-05
3.991983967935871291e+00 2.819967090103339319e-05
4.000000000000000000e+00 0.000000000000000000e+00
