0.000000000000000000e+00 0.000000000000000000e+00
8.016032064128255849e-03 8.418658789885499327e-04
1.603206412825651170e-02 3.035027868972184177e-03
2.404809619238476581e-02 6.664333985979297922e-03
3.206412825651302340e-02 1.181463224603829069e-02
4.008016032064128098e-02 1.857077066517754879e-02
4.809619238476953162e-02 2.760370114487863819e-02
5.611222444889778921e-02 3.848527131015274522e-02
6.412825651302604679e-02 5.116611199452557324e-02
7.214428857715429744e-02 6.560998745281647337e-02
8.016032064128256196e-02 8.177036385809470509e-02
8.817635270541081260e-02 1.000782801758804963e-01
9.619238476953906325e-02 1.200078447669339771e-01
1.042084168336673278e-01 1.414686964591712337e-01
1.122244488977955784e-01 1.644143014256614910e-01
1.202404809619238429e-01 1.887981258394740292e-01
1.282565130260520936e-01 2.149500492684822683e-01
1.362725450901803581e-01 2.424561956006367480e-01
1.442885771543085949e-01 2.712153475343098141e-01
1.523046092184368594e-01 3.011809712425708718e-01
1.603206412825651239e-01 3.323065328984891598e-01
1.683366733466933607e-01 3.648281243676464447e-01
1.763527054108216252e-01 3.984291416744734082e-01
1.843687374749498897e-01 4.329876675744860903e-01
1.923847695390781265e-01 4.684036264293923724e-01
2.004008016032063910e-01 5.045491450823177404e-01
2.084168336673346555e-01 5.413658918238759554e-01
2.164328657314629201e-01 5.785236056923515058e-01
2.244488977955911568e-01 6.158447131561003429e-01
2.324649298597194214e-01 6.531869684776164808e-01
2.404809619238476859e-01 6.904081259193940445e-01
2.484969939879759226e-01 7.272343489146960716e-01
2.565130260521041872e-01 7.634903449833295719e-01
2.645290581162324517e-01 7.990590769694788653e-01
2.725450901803607162e-01 8.337982991356378548e-01
2.805611222444889807e-01 8.675657657443011095e-01
2.885771543086171897e-01 8.998946693495986082e-01
2.965931863727454543e-01 9.307196179964233318e-01
3.046092184368737188e-01 9.600066448830063548e-01
3.126252505010019833e-01 9.876349031139666224e-01
3.206412825651302478e-01 1.013516052431960635e+00
3.286573146292585124e-01 1.037298220835185525e+00
3.366733466933867214e-01 1.059272918629695415e+00
3.446893787575149859e-01 1.079678400284671325e+00
3.527054108216432504e-01 1.098570400189748275e+00
3.607214428857715149e-01 1.116004652734561953e+00
3.687374749498997795e-01 1.131764468440434657e+00
3.767535070140280440e-01 1.146067032660258445e+00
3.847695390781562530e-01 1.159133683427079564e+00
3.927855711422845175e-01 1.171020155130533480e+00
4.008016032064127820e-01 1.181782182160255656e+00
4.088176352705410466e-01 1.191285487216627192e+00
4.168336673346693111e-01 1.199690589119853490e+00
4.248496993987975756e-01 1.207193080256609319e+00
4.328657314629258401e-01 1.213848695016529478e+00
4.408817635270540491e-01 1.219712459972349672e+00
4.488977955911823137e-01 1.224718661727979052e+00
4.569138276553105782e-01 1.228961238305812387e+00
4.649298597194388427e-01 1.232581710097667482e+00
4.729458917835671072e-01 1.235616314354933909e+00
4.809619238476953718e-01 1.238101288329002569e+00
4.889779559118235808e-01 1.239996581585385949e+00
4.969939879759518453e-01 1.241369827736450882e+00
5.050100200400801098e-01 1.242337675040544598e+00
5.130260521042083743e-01 1.242936360749057556e+00
5.210420841683366389e-01 1.243202122113379549e+00
5.290581162324649034e-01 1.243134617805655484e+00
5.370741482965931679e-01 1.242792385019766188e+00
5.450901803607214324e-01 1.242261459325913142e+00
5.531062124248496970e-01 1.241578077975486361e+00
5.611222444889779615e-01 1.240778478219876524e+00
5.691382765531061150e-01 1.239896287283184018e+00
5.771543086172343795e-01 1.238981960190857157e+00
5.851703406813626440e-01 1.238048999706206965e+00
5.931863727454909085e-01 1.237099369247238512e+00
6.012024048096191731e-01 1.236133771517812230e+00
6.092184368737474376e-01 1.235151084669922961e+00
6.172344689378757021e-01 1.234151509021439441e+00
6.252505010020039666e-01 1.233138763003010618e+00
6.332665330661322312e-01 1.232113549318495149e+00
6.412825651302604957e-01 1.231076570671753467e+00
6.492985971943887602e-01 1.230027379370782770e+00
6.573146292585170247e-01 1.228966191084384985e+00
6.653306613226452892e-01 1.227896034736272846e+00
6.733466933867734427e-01 1.226817613030307230e+00
6.813627254509017073e-01 1.225731628670347462e+00
6.893787575150299718e-01 1.224638196800968970e+00
6.973947895791582363e-01 1.223537771080753567e+00
7.054108216432865008e-01 1.222418415017630045e+00
7.134268537074147654e-01 1.221234350477565789e+00
7.214428857715430299e-01 1.219929516883832443e+00
7.294589178356712944e-01 1.218415401369105977e+00
7.374749498997995589e-01 1.216547180333834799e+00
7.454909819639278235e-01 1.214307913147667284e+00
7.535070140280560880e-01 1.211634719246373670e+00
7.615230460921843525e-01 1.208464718065725307e+00
7.695390781563125060e-01 1.204684555443816585e+00
7.775551102204407705e-01 1.200077064720863840e+00
7.855711422845690350e-01 1.194722489621328432e+00
7.935871743486972996e-01 1.188557949580981044e+00
8.016032064128255641e-01 1.181520564035593246e+00
8.096192384769538286e-01 1.173482098806180041e+00
8.176352705410820931e-01 1.164133121617720867e+00
8.256513026052103577e-01 1.153661021826992927e+00
8.336673346693386222e-01 1.142017155183719046e+00
8.416833667334668867e-01 1.129180494330805473e+00
8.496993987975951512e-01 1.115109294376427806e+00
8.577154308617234157e-01 1.099593845909225154e+00
8.657314629258516803e-01 1.082993723394029884e+00
8.737474949899798338e-01 1.065340332673767598e+00
8.817635270541080983e-01 1.046665079591362346e+00
8.897795591182363628e-01 1.026964946623191821e+00
8.977955911823646273e-01 1.006047478238043524e+00
9.058116232464928919e-01 9.842331489645717024e-01
9.138276553106211564e-01 9.615533646457005146e-01
9.218436873747494209e-01 9.380395311243547862e-01
9.298597194388776854e-01 9.137055017499055021e-01
9.378757515030059499e-01 8.883860252373639854e-01
9.458917835671342145e-01 8.623575009961671478e-01
9.539078156312624790e-01 8.356513348692394816e-01
9.619238476953907435e-01 8.083046419438767449e-01
9.699398797595190080e-01 7.803555412888774079e-01
9.779559118236471615e-01 7.517995175836789112e-01
9.859719438877754261e-01 7.229359991456522083e-01
9.939879759519036906e-01 6.938684710279134915e-01
1.002004008016031955e+00 6.647004182835780650e-01
1.010020040080160220e+00 6.355353259657612330e-01
1.018036072144288484e+00 6.065778874309528668e-01
1.026052104208416749e+00 5.779323357085831558e-01
1.034068136272545013e+00 5.497016354162214125e-01
1.042084168336673278e+00 5.219892716069830518e-01
1.050100200400801542e+00 4.948987293339834337e-01
1.058116232464929807e+00 4.688231966459767697e-01
1.066132264529058071e+00 4.436907396671774251e-01
1.074148296593186336e+00 4.195919952281059739e-01
1.082164328657314600e+00 3.966304483818778870e-01
1.090180360721442865e+00 3.749082936872582539e-01
1.098196392785571129e+00 3.549360458977300903e-01
1.106212424849699394e+00 3.362877542202385994e-01
1.114228456913827658e+00 3.188515474539740935e-01
1.122244488977955923e+00 3.025571240795507655e-01
1.130260521042083965e+00 2.873341825775830860e-01
1.138276553106212230e+00 2.733599910797705479e-01
1.146292585170340494e+00 2.602897166801086959e-01
1.154308617234468759e+00 2.480111101846537991e-01
1.162324649298597024e+00 2.364538700740199673e-01
1.170340681362725288e+00 2.255476948288213934e-01
1.178356713426853553e+00 2.153441847510947638e-01
1.186372745490981817e+00 2.056134158832750303e-01
1.194388777555110082e+00 1.962538979126420835e-01
1.202404809619238346e+00 1.871953293198101997e-01
1.210420841683366611e+00 1.783674085853934610e-01
1.218436873747494875e+00 1.697072050561233836e-01
1.226452905811623140e+00 1.611014252704735805e-01
1.234468937875751404e+00 1.525519990631357958e-01
1.242484969939879669e+00 1.440731300887050370e-01
1.250501002004007933e+00 1.356848345269707490e-01
1.258517034068136198e+00 1.274434520703968121e-01
1.266533066132264462e+00 1.193620894129024529e-01
1.274549098196392727e+00 1.114509685272664224e-01
1.282565130260520991e+00 1.037301055932781102e-01
1.290581162324649256e+00 9.621951679072694719e-02
1.298597194388777520e+00 8.900132357866744059e-02
1.306613226452905785e+00 8.207591239742902112e-02
1.314629258517034049e+00 7.544044370678962275e-02
1.322645290581162314e+00 6.911493368653867653e-02
1.330661322645290578e+00 6.311939851646558575e-02
1.338677354709418621e+00 5.755857054224895741e-02
1.346693386773546885e+00 5.242645771056137632e-02
1.354709418837675150e+00 4.769620729997995495e-02
1.362725450901803415e+00 4.336313562636970320e-02
1.370741482965931679e+00 3.941259297470922629e-02
1.378757515030059944e+00 3.589167222921623573e-02
1.386773547094188208e+00 3.273713097702080771e-02
1.394789579158316473e+00 2.988506573385738690e-02
1.402805611222444737e+00 2.731536367807249274e-02
1.410821643286573002e+00 2.500791198801266893e-02
1.418837675350701266e+00 2.298236782152961524e-02
1.426853707414829531e+00 2.119132939626678508e-02
1.434869739478957795e+00 1.958248832381123683e-02
1.442885771543086060e+00 1.813573178250950033e-02
1.450901803607214324e+00 1.683094695070811581e-02
1.458917835671342589e+00 1.566354144946168273e-02
1.466933867735470853e+00 1.459558174778923835e-02
1.474949899799599118e+00 1.358954074269936446e-02
1.482965931863727382e+00 1.262793176306129667e-02
1.490981963927855647e+00 1.169770420281641445e-02
1.498997995991983911e+00 1.080088338184126244e-02
1.507014028056112176e+00 9.939788122437001258e-03
1.515030060120240440e+00 9.111148027547501943e-03
1.523046092184368705e+00 8.316356318989033547e-03
1.531062124248496970e+00 7.556806218577882470e-03
1.539078156312625012e+00 6.839855380988684765e-03
1.547094188376753277e+00 6.168804744091948601e-03
1.555110220440881541e+00 5.538541014056818333e-03
1.563126252505009806e+00 4.950457412699569952e-03
1.571142284569138070e+00 4.405947161836479449e-03
1.579158316633266335e+00 3.913007988940995531e-03
1.587174348697394599e+00 3.476364364266119021e-03
1.595190380761522864e+00 3.088839388799694604e-03
1.603206412825651128e+00 2.751826284357999138e-03
1.611222444889779393e+00 2.466462927891618570e-03
1.619238476953907657e+00 2.240002708435756724e-03
1.627254509018035922e+00 2.071362141524012331e-03
1.635270541082164186e+00 1.946006605093829550e-03
1.643286573146292451e+00 1.860255911498905979e-03
1.651302605210420715e+00 1.810429873092939861e-03
1.659318637274548980e+00 1.795801127231958340e-03
1.667334669338677244e+00 1.812958674043098177e-03
1.675350701402805509e+00 1.851393000460884591e-03
1.683366733466933773e+00 1.907423918839014094e-03
1.691382765531062038e+00 1.977371241531184279e-03
1.699398797595190302e+00 2.057973964629765656e-03
1.707414829659318567e+00 2.143746620505297511e-03
1.715430861723446831e+00 2.228787805112558522e-03
1.723446893787575096e+00 2.309417330805246284e-03
1.731462925851703361e+00 2.381955009937059258e-03
1.739478957915831625e+00 2.441189197359885672e-03
1.747494989979959668e+00 2.479818606089184436e-03
1.755511022044087932e+00 2.502092546147574245e-03
1.763527054108216197e+00 2.508848565341090502e-03
1.771543086172344461e+00 2.501023251207440054e-03
1.779559118236472726e+00 2.478665360962211198e-03
1.787575150300600990e+00 2.441052931546048611e-03
1.795591182364729255e+00 2.392586972665671895e-03
1.803607214428857519e+00 2.334204071858788331e-03
1.811623246492985784e+00 2.266840816663103896e-03
1.819639278557114048e+00 2.191041221170895309e-03
1.827655310621242313e+00 2.106910344781218799e-03
1.835671342685370577e+00 2.017526917865694863e-03
1.843687374749498842e+00 1.923827527962029913e-03
1.851703406813627106e+00 1.826748762607931014e-03
1.859719438877755371e+00 1.727181522469358518e-03
1.867735470941883635e+00 1.626354630009788256e-03
1.875751503006011900e+00 1.525736509532693791e-03
1.883767535070140164e+00 1.425799524763027466e-03
1.891783567134268429e+00 1.326945481299064570e-03
1.899799599198396693e+00 1.229586438061352777e-03
1.907815631262524958e+00 1.134771754835428885e-03
1.915831663326653223e+00 1.042420420894797162e-03
1.923847695390781487e+00 9.528792551597031627e-04
1.931863727454909752e+00 8.664950765503909216e-04
1.939879759519038016e+00 7.836950541956332755e-04
1.947895791583166281e+00 7.061713622008338994e-04
1.955911823647294323e+00 6.331850653114073002e-04
1.963927855711422588e+00 5.650829824475940436e-04
1.971943887775550852e+00 5.022119325296414173e-04
1.979959919839679117e+00 4.449592532834189033e-04
1.987975951903807381e+00 3.957698163564525693e-04
1.995991983967935646e+00 3.531918203549354990e-04
2.004008016032063910e+00 3.174285903163234085e-04
2.012024048096192175e+00 2.883921586960098375e-04
2.020040080160320439e+00 2.657032653673270712e-04
2.028056112224448704e+00 2.503843255905093402e-04
2.036072144288576968e+00 2.398920485839651248e-04
2.044088176352705233e+00 2.336666453957659054e-04
2.052104208416833497e+00 2.311853620164543469e-04
2.060120240480961762e+00 2.319254444365728978e-04
2.068136272545090026e+00 2.358828940933913401e-04
2.076152304609218291e+00 2.415527945259644371e-04
2.084168336673346555e+00 2.483633962846820242e-04
2.092184368737474820e+00 2.557919453600868208e-04
2.100200400801603084e+00 2.633156877427214647e-04
2.108216432865731349e+00 2.699870235632406213e-04
2.116232464929859614e+00 2.751737856486454544e-04
2.124248496993987878e+00 2.783750765679945428e-04
2.132264529058116143e+00 2.791400163730251558e-04
2.140280561122244407e+00 2.771099528931141791e-04
2.148296593186372672e+00 2.717136217962955831e-04
2.156312625250500936e+00 2.639571626921554228e-04
2.164328657314629201e+00 2.542108111894404829e-04
2.172344689378757465e+00 2.427227102890301864e-04
2.180360721442885730e+00 2.297410029918043088e-04
2.188376753507013994e+00 2.153049537855821545e-04
2.196392785571142259e+00 2.000462842624931578e-04
2.204408817635270523e+00 1.842816666233172359e-04
2.212424849699398788e+00 1.682592438689340015e-04
2.220440881763527052e+00 1.522271590002231216e-04
2.228456913827655317e+00 1.366133481481097349e-04
2.236472945891783581e+00 1.217537344519017869e-04
2.244488977955911846e+00 1.078721169220948765e-04
2.252505010020040110e+00 9.521663855956867051e-05
2.260521042084167931e+00 8.402741534146029466e-05
2.268537074148296195e+00 7.497430663400085540e-05
2.276553106212424460e+00 6.768579077663267897e-05
2.284569138276552724e+00 6.187930100815909400e-05
2.292585170340680989e+00 5.742879753036929358e-05
2.300601202404809253e+00 5.420824054505230140e-05
2.308617234468937518e+00 5.229172274069687792e-05
2.316633266533065783e+00 5.133526077833436735e-05
2.324649298597194047e+00 5.110708195318958619e-05
2.332665330661322312e+00 5.148114646705161910e-05
2.340681362725450576e+00 5.233141452170961174e-05
2.348697394789578841e+00 5.355814747912348862e-05
2.356713426853707105e+00 5.492043256972533558e-05
2.364729458917835370e+00 5.625725784586796857e-05
2.372745490981963634e+00 5.744258350934051293e-05
2.380761523046091899e+00 5.835036976193208721e-05
2.388777555110220163e+00 5.872701333978058968e-05
2.396793587174348428e+00 5.844362539101610304e-05
2.404809619238476692e+00 5.759749193663382791e-05
2.412825651302604957e+00 5.622855739351728530e-05
2.420841683366733221e+00 5.438556290932381040e-05
2.428857715430861486e+00 5.205306574420155062e-05
2.436873747494989750e+00 4.933433922090977013e-05
2.444889779559118015e+00 4.633555217592985381e-05
2.452905811623246279e+00 4.310544575691919105e-05
2.460921843687374544e+00 3.969276111153516447e-05
2.468937875751502808e+00 3.613771370814194641e-05
2.476953907815631073e+00 3.252684723465926696e-05
2.484969939879759337e+00 2.892740195419200321e-05
2.492985971943887602e+00 2.538811901439754455e-05
2.501002004008015867e+00 2.195773956293328377e-05
2.509018036072144131e+00 1.872441590645349522e-05
2.517034068136272396e+00 1.577340483789020718e-05
2.525050100200400660e+00 1.311904068952451307e-05
2.533066132264528925e+00 1.078985677630578539e-05
2.541082164328657189e+00 8.808180076356662646e-06
2.549098196392785454e+00 7.252181512440612621e-06
2.557114228456913718e+00 6.165714595080526368e-06
2.565130260521041983e+00 5.500996834969314529e-06
2.573146292585170247e+00 5.276681058828146149e-06
2.581162324649298512e+00 5.511420093378153004e-06
2.589178356713426776e+00 6.293238243077002147e-06
2.597194388777555041e+00 7.682479819785492073e-06
2.605210420841683305e+00 9.605018151164431786e-06
2.613226452905811570e+00 1.207950606393502252e-05
2.621242484969939834e+00 1.512459638481838249e-05
2.629258517034068099e+00 1.883521189672339880e-05
2.637274549098196363e+00 2.329409751933466980e-05
2.645290581162324628e+00 2.839782749403797866e-05
2.653306613226452892e+00 3.414826161537678806e-05
2.661322645290581157e+00 4.051662511616413741e-05
2.669338677354708977e+00 4.746204597160739438e-05
2.677354709418837242e+00 5.485131722947971883e-05
2.685370741482965506e+00 6.246570996433321930e-05
2.693386773547093771e+00 7.020052454834703145e-05
2.701402805611222036e+00 7.795106135370029094e-05
2.709418837675350300e+00 8.558756886142685535e-05
2.717434869739478565e+00 9.290358493415722368e-05
2.725450901803606829e+00 9.981859797690041669e-05
2.733466933867735094e+00 1.062279083618355768e-04
2.741482965931863358e+00 1.120268164611418600e-04
2.749498997995991623e+00 1.170371946901932047e-04
2.757515030060119887e+00 1.209461535671686559e-04
2.765531062124248152e+00 1.238279849071886212e-04
2.773547094188376416e+00 1.255779890824321480e-04
2.781563126252504681e+00 1.261135702679009251e-04
2.789579158316632945e+00 1.252939561223059026e-04
2.797595190380761210e+00 1.232198194948014866e-04
2.805611222444889474e+00 1.204803007802848189e-04
2.813627254509017739e+00 1.173141594409455218e-04
2.821643286573146003e+00 1.139601549389733130e-04
2.829659318637274268e+00 1.106811497520060629e-04
2.837675350701402532e+00 1.079451713248401356e-04
2.845691382765530797e+00 1.059716396736577987e-04
2.853707414829659061e+00 1.049993142606487018e-04
2.861723446893787326e+00 1.052669545480025895e-04
2.869739478957915590e+00 1.070932145474555794e-04
2.877755511022043855e+00 1.112978738295596840e-04
2.885771543086172120e+00 1.176928087506432620e-04
2.893787575150300384e+00 1.265167787728958544e-04
2.901803607214428649e+00 1.380085433585073143e-04
2.909819639278556913e+00 1.525047247721731606e-04
2.917835671342685178e+00 1.710344707552152212e-04
2.925851703406813442e+00 1.922003474783370478e-04
2.933867735470941707e+00 2.155702941677483720e-04
2.941883767535069971e+00 2.407072314444025135e-04
2.949899799599198236e+00 2.671851729668227467e-04
2.957915831663326500e+00 2.945394644572796230e-04
2.965931863727454765e+00 3.219210840560010069e-04
2.973947895791583029e+00 3.488929523839400014e-04
2.981963927855711294e+00 3.750179900620497636e-04
2.989979959919839558e+00 3.998526812815888349e-04
2.997995991983967823e+00 4.221192370528904347e-04
3.006012024048096087e+00 4.417992996953844925e-04
3.014028056112224352e+00 4.584557898300243282e-04
3.022044088176352616e+00 4.716516280777629361e-04
3.030060120240480881e+00 4.809497350595537987e-04
3.038076152304609145e+00 4.842565296805842446e-04
3.046092184368737410e+00 4.826378843451540799e-04
3.054108216432865675e+00 4.767782838247725170e-04
3.062124248496993939e+00 4.674159318723166128e-04
3.070140280561122204e+00 4.553901318649158664e-04
3.078156312625250024e+00 4.414817343033297539e-04
3.086172344689378289e+00 4.273776466773736489e-04
3.094188376753506553e+00 4.139507046361348198e-04
3.102204408817634818e+00 4.020402115567423321e-04
3.110220440881763082e+00 3.924854708163255223e-04
3.118236472945891347e+00 3.875324228042063075e-04
3.126252505010019611e+00 3.875665423807711507e-04
3.134268537074147876e+00 3.932970079359740610e-04
3.142284569138276140e+00 4.055631228469436700e-04
3.150300601202404405e+00 4.252041904908095311e-04
3.158316633266532669e+00 4.557982821946249155e-04
3.166332665330660934e+00 4.966953580910095497e-04
3.174348697394789198e+00 5.478989147998179331e-04
3.182364729458917463e+00 6.089777018385883521e-04
3.190380761523045727e+00 6.788312600896162594e-04
3.198396793587173992e+00 7.572375615973676909e-04
3.206412825651302256e+00 8.405374771087284263e-04
3.214428857715430521e+00 9.268590604116778682e-04
3.222444889779558785e+00 1.014756880049779699e-03
3.230460921843687050e+00 1.102785504566597061e-03
3.238476953907815314e+00 1.188486433045625934e-03
3.246492985971943579e+00 1.269868486458053261e-03
3.254509018036071843e+00 1.345628241328527663e-03
3.262525050100200108e+00 1.414320266200612712e-03
3.270541082164328373e+00 1.474499129617871333e-03
3.278557114228456637e+00 1.521698836943453275e-03
3.286573146292584902e+00 1.555138200891599543e-03
3.294589178356713166e+00 1.574311299964250600e-03
3.302605210420841431e+00 1.578083699206198672e-03
3.310621242484969695e+00 1.565789850694854126e-03
3.318637274549097960e+00 1.535390874922556905e-03
3.326653306613226224e+00 1.491091954843608855e-03
3.334669338677354489e+00 1.435868130256788295e-03
3.342685370741482753e+00 1.371173414009413611e-03
3.350701402805611018e+00 1.298461818948803406e-03
3.358717434869739282e+00 1.218350559937110989e-03
3.366733466933867547e+00 1.133846111503299852e-03
3.374749498997995811e+00 1.047112043311915685e-03
3.382765531062124076e+00 9.596023682102765512e-04
3.390781563126252340e+00 8.727710990457004025e-04
3.398797595190380605e+00 7.890152905710290506e-04
3.406813627254508869e+00 7.106033862276550823e-04
3.414829659318637134e+00 6.386571468770066992e-04
3.422845691382765398e+00 5.746305853664023964e-04
3.430861723446893663e+00 5.198954376478831388e-04
3.438877755511021928e+00 4.777974470189634234e-04
3.446893787575150192e+00 4.470615017703734686e-04
3.454909819639278457e+00 4.252181548944500159e-04
3.462925851703406721e+00 4.114023588414200141e-04
3.470941883767534986e+00 4.047490660615092194e-04
3.478957915831663250e+00 4.052200054612181473e-04
3.486973947895791515e+00 4.112239872990686206e-04
3.494989979959919335e+00 4.209474118653935360e-04
3.503006012024047600e+00 4.335252316104203844e-04
3.511022044088175864e+00 4.480923989843748679e-04
3.519038076152304129e+00 4.637248212911667419e-04
3.527054108216432393e+00 4.789242458583042937e-04
3.535070140280560658e+00 4.926699575097255287e-04
3.543086172344688922e+00 5.040969086956562572e-04
3.551102204408817187e+00 5.123400518663231030e-04
3.559118236472945451e+00 5.157265099586522258e-04
3.567134268537073716e+00 5.131855097743471790e-04
3.575150300601201980e+00 5.067290634065602008e-04
3.583166332665330245e+00 4.974889337315359155e-04
3.591182364729458509e+00 4.866721059360885741e-04
3.599198396793586774e+00 4.757072026111409902e-04
3.607214428857715038e+00 4.667370359231673275e-04
3.615230460921843303e+00 4.609942111652592131e-04
3.623246492985971567e+00 4.596857135242307353e-04
3.631262525050099832e+00 4.640185281868964163e-04
3.639278557114228096e+00 4.762595390874378113e-04
3.647294589178356361e+00 4.992173039891332782e-04
3.655310621242484626e+00 5.326204212450115624e-04
3.663326653306612890e+00 5.776758760418861018e-04
3.671342685370741155e+00 6.355906535665720690e-04
3.679358717434869419e+00 7.092786935223607770e-04
3.687374749498997684e+00 8.025967104176328542e-04
3.695390781563125948e+00 9.127523795793141253e-04
3.703406813627254213e+00 1.038245337973075447e-03
3.711422845691382477e+00 1.176964380959138329e-03
3.719438877755510742e+00 1.327011940672170702e-03
3.727454909819639006e+00 1.485240160158284506e-03
3.735470941883767271e+00 1.646690967077671982e-03
3.743486973947895535e+00 1.808851044979929929e-03
3.751503006012023800e+00 1.969207077414656011e-03
3.759519038076152064e+00 2.124579085010963250e-03
3.767535070140280329e+00 2.269506706853017218e-03
3.775551102204408593e+00 2.402626786068510784e-03
3.783567134268536858e+00 2.521426006207043349e-03
3.791583166332665122e+00 2.623391050818209540e-03
3.799599198396793387e+00 2.704457678166226255e-03
3.807615230460921651e+00 2.756056725091997079e-03
3.815631262525049916e+00 2.780818099331373860e-03
3.823647294589178181e+00 2.776958555463393107e-03
3.831663326653306445e+00 2.744106853574566993e-03
3.839679358717434710e+00 2.682470134534058540e-03
3.847695390781562974e+00 2.590428926996951511e-03
3.855711422845691239e+00 2.477868477255710036e-03
3.863727454909819503e+00 2.347137260550462724e-03
3.871743486973947768e+00 2.200583752121339914e-03
3.879759519038076032e+00 2.040164340465359591e-03
3.887775551102204297e+00 1.867067457448770302e-03
3.895791583166332561e+00 1.687495679208625117e-03
3.903807615230460382e+00 1.503797480985063486e-03
3.911823647294588646e+00 1.318321338018194067e-03
3.919839679358716911e+00 1.133526370067688450e-03
3.927855711422845175e+00 9.541529835741690462e-04
3.935871743486973440e+00 7.823490488376712119e-04
3.943887775551101704e+00 6.204630410983252896e-04
3.951903807615229969e+00 4.708109197842693110e-04
3.959919839679358233e+00 3.359106231781174273e-04
3.967935871743486498e+00 2.240897589566658943e-04
3.975951903807614762e+00 1.326546225946639553e-04
3.983967935871743027e+00 6.353885602557683959e-05
3.991983967935871291e+00 1.867610118286661217e-05
4.000000000000000000e+00 0.000000000000000000e+00
