0.000000000000000000e+00 0.000000000000000000e+00
8.016032064128255849e-03 2.278090257832289999e-04
1.603206412825651170e-02 8.245072090303634787e-04
2.404809619238476581e-02 1.816304123890985283e-03
3.206412825651302340e-02 3.229409344514677128e-03
4.008016032064128098e-02 5.090032445051019885e-03
4.809619238476953162e-02 7.590114949634161473e-03
5.611222444889778921e-02 1.061055035390381408e-02
6.412825651302604679e-02 1.413161701932060324e-02
7.214428857715429744e-02 1.813655156299329510e-02
8.016032064128256196e-02 2.260493578473535270e-02
8.817635270541081260e-02 2.763831205456164161e-02
9.619238476953906325e-02 3.308581817265431740e-02
1.042084168336673278e-01 3.891550548886592298e-02
1.122244488977955784e-01 4.510695580300991964e-02
1.202404809619238429e-01 5.163975091489976521e-02
1.282565130260520936e-01 5.857489638113334146e-02
1.362725450901803581e-01 6.580298019074097560e-02
1.442885771543085949e-01 7.329114031814400188e-02
1.523046092184368594e-01 8.101895856315589894e-02
1.603206412825651239e-01 8.896601672559011076e-02
1.683366733466933607e-01 9.715601811499376128e-02
1.763527054108216252e-01 1.055145317765129875e-01
1.843687374749498897e-01 1.140047658633335792e-01
1.923847695390781265e-01 1.225868609539314119e-01
2.004008016032063910e-01 1.312108642493328980e-01
2.084168336673346555e-01 1.397908830937351077e-01
2.164328657314629201e-01 1.482460730757425293e-01
2.244488977955911568e-01 1.565235776325553940e-01
2.324649298597194214e-01 1.645682252302685944e-01
2.404809619238476859e-01 1.723248443349771619e-01
2.484969939879759226e-01 1.796271598690800664e-01
2.565130260521041872e-01 1.864480267138337588e-01
2.645290581162324517e-01 1.927612714355845525e-01
2.725450901803607162e-01 1.985117225004275066e-01
2.805611222444889807e-01 2.036442083744575970e-01
2.885771543086171897e-01 2.079208116032505715e-01
2.965931863727454543e-01 2.113506062707648514e-01
3.046092184368737188e-01 2.139428421174680850e-01
3.126252505010019833e-01 2.156533390315735488e-01
3.206412825651302478e-01 2.164546137944363402e-01
3.286573146292585124e-01 2.161924268826914131e-01
3.366733466933867214e-01 2.150446118193669875e-01
3.446893787575149859e-01 2.131501636293763879e-01
3.527054108216432504e-01 2.105556024094061285e-01
3.607214428857715149e-01 2.073074482561427512e-01
3.687374749498997795e-01 2.033427049664563169e-01
3.767535070140280440e-01 1.987921363904500971e-01
3.847695390781562530e-01 1.937731340778634792e-01
3.927855711422845175e-01 1.883322181253829497e-01
4.008016032064127820e-01 1.825159086296950783e-01
4.088176352705410466e-01 1.763225130155017251e-01
4.168336673346693111e-01 1.698504645005154412e-01
4.248496993987975756e-01 1.631881816390345352e-01
4.328657314629258401e-01 1.563821845277455214e-01
4.408817635270540491e-01 1.494780860952877877e-01
4.488977955911823137e-01 1.425216952277750804e-01
4.569138276553105782e-01 1.355585152321354403e-01
4.649298597194388427e-01 1.286156337907505276e-01
4.729458917835671072e-01 1.217145826440985817e-01
4.809619238476953718e-01 1.148768935326577451e-01
4.889779559118235808e-01 1.081448395126889395e-01
4.969939879759518453e-01 1.015547211634680175e-01
5.050100200400801098e-01 9.511366544027245740e-02
5.130260521042083743e-01 8.884320408358047094e-02
5.210420841683366389e-01 8.276486883387028370e-02
5.290581162324649034e-01 7.693934541917060721e-02
5.370741482965931679e-01 7.140789344288230034e-02
5.450901803607214324e-01 6.615426816438998991e-02
5.531062124248496970e-01 6.120000132417190847e-02
5.611222444889779615e-01 5.656662466270626771e-02
5.691382765531061150e-01 5.232982561100107954e-02
5.771543086172343795e-01 4.853546001047867597e-02
5.851703406813626440e-01 4.511566586474479584e-02
5.931863727454909085e-01 4.206844846614714306e-02
6.012024048096191731e-01 3.939094772014749973e-02
6.092184368737474376e-01 3.712721269820250941e-02
6.172344689378757021e-01 3.529768816149185529e-02
6.252505010020039666e-01 3.382649653476180185e-02
6.332665330661322312e-01 3.271077772347413815e-02
6.412825651302604957e-01 3.194767163309066710e-02
6.492985971943887602e-01 3.157443389481639356e-02
6.573146292585170247e-01 3.161954586786409199e-02
6.653306613226452892e-01 3.200588681919856737e-02
6.733466933867734427e-01 3.273059665428160181e-02
6.813627254509017073e-01 3.379081527857501904e-02
6.893787575150299718e-01 3.521745796731543671e-02
6.973947895791582363e-01 3.704613650918218981e-02
7.054108216432865008e-01 3.920018726857281421e-02
7.134268537074147654e-01 4.168084271926313089e-02
7.214428857715430299e-01 4.449024068874175147e-02
7.294589178356712944e-01 4.766125249997019142e-02
7.374749498997995589e-01 5.124854620566137581e-02
7.454909819639278235e-01 5.517548147482238124e-02
7.535070140280560880e-01 5.944479662464934033e-02
7.615230460921843525e-01 6.405922997233834404e-02
7.695390781563125060e-01 6.904843584621508934e-02
7.775551102204407705e-01 7.447883025034764126e-02
7.855711422845690350e-01 8.026524189702374801e-02
7.935871743486972996e-01 8.641040910343954218e-02
8.016032064128255641e-01 9.291707018679112862e-02
8.096192384769538286e-01 9.981122868794536918e-02
8.176352705410820931e-01 1.071719161479714882e-01
8.256513026052103577e-01 1.149049965296149306e-01
8.336673346693386222e-01 1.230112107600509624e-01
8.416833667334668867e-01 1.314874250481084250e-01
8.496993987975951512e-01 1.403427335823805577e-01
8.577154308617234157e-01 1.496399193849626275e-01
8.657314629258516803e-01 1.592677202689409544e-01
8.737474949899798338e-01 1.692156459356357057e-01
8.817635270541080983e-01 1.794732060863677148e-01
8.897795591182363628e-01 1.900402504717122187e-01
8.977955911823646273e-01 2.009729565988890576e-01
9.058116232464928919e-01 2.121735437440715744e-01
9.138276553106211564e-01 2.236315216085802415e-01
9.218436873747494209e-01 2.353363998937355595e-01
9.298597194388776854e-01 2.472828142313949762e-01
9.378757515030059499e-01 2.595170129549153049e-01
9.458917835671342145e-01 2.719563586330508431e-01
9.539078156312624790e-01 2.845903609671220913e-01
9.619238476953907435e-01 2.974100121680973152e-01
9.699398797595190080e-01 3.104096076828464779e-01
9.779559118236471615e-01 3.236542331686266816e-01
9.859719438877754261e-01 3.370967730005701157e-01
9.939879759519036906e-01 3.507454535643003135e-01
1.002004008016031955e+00 3.646085012454408081e-01
1.010020040080160220e+00 3.786941424296152436e-01
1.018036072144288484e+00 3.930910445840976597e-01
1.026052104208416749e+00 4.077358366024418923e-01
1.034068136272545013e+00 4.226359647675891895e-01
1.042084168336673278e+00 4.377996554651629180e-01
1.050100200400801542e+00 4.532351350807867774e-01
1.058116232464929807e+00 4.690431002524503845e-01
1.066132264529058071e+00 4.851520856073479049e-01
1.074148296593186336e+00 5.015656025240646798e-01
1.082164328657314600e+00 5.182918773882242425e-01
1.090180360721442865e+00 5.353388162417190843e-01
1.098196392785571129e+00 5.528042448917627194e-01
1.106212424849699394e+00 5.705589228631580134e-01
1.114228456913827658e+00 5.885579838179021417e-01
1.122244488977955923e+00 6.067665145191885046e-01
1.130260521042083965e+00 6.251496017302099473e-01
1.138276553106212230e+00 6.436931193690224040e-01
1.146292585170340494e+00 6.623125342941917904e-01
1.154308617234468759e+00 6.809675441330939050e-01
1.162324649298597024e+00 6.996232356489220372e-01
1.170340681362725288e+00 7.182446956048698095e-01
1.178356713426853553e+00 7.367601402742205430e-01
1.186372745490981817e+00 7.551325993851417673e-01
1.194388777555110082e+00 7.733318653401797249e-01
1.202404809619238346e+00 7.913230249025277052e-01
1.210420841683366611e+00 8.090711648353788865e-01
1.218436873747494875e+00 8.264523745770370189e-01
1.226452905811623140e+00 8.434758234055967918e-01
1.234468937875751404e+00 8.601596755821683260e-01
1.242484969939879669e+00 8.765029614478840880e-01
1.250501002004007933e+00 8.925070460873326672e-01
1.258517034068136198e+00 9.080908615475626888e-01
1.266533066132264462e+00 9.233115260586322037e-01
1.274549098196392727e+00 9.381984226504106461e-01
1.282565130260520991e+00 9.527529164074866053e-01
1.290581162324649256e+00 9.669763724144485595e-01
1.298597194388777520e+00 9.807940707546719539e-01
1.306613226452905785e+00 9.942530826606045258e-01
1.314629258517034049e+00 1.007386490123399536e+00
1.322645290581162314e+00 1.020195658227645019e+00
1.330661322645290578e+00 1.032681952057930008e+00
1.338677354709418621e+00 1.044776783482932014e+00
1.346693386773546885e+00 1.056517609239537636e+00
1.354709418837675150e+00 1.067933778524921662e+00
1.362725450901803415e+00 1.079003751035753522e+00
1.370741482965931679e+00 1.089696744482425261e+00
1.378757515030059944e+00 1.099878606719534968e+00
1.386773547094188208e+00 1.109524555506107069e+00
1.394789579158316473e+00 1.118650841120856665e+00
1.402805611222444737e+00 1.127221615069072591e+00
1.410821643286573002e+00 1.135201028856043459e+00
1.418837675350701266e+00 1.142420099978801229e+00
1.426853707414829531e+00 1.148854139535628649e+00
1.434869739478957795e+00 1.154554134823548850e+00
1.442885771543086060e+00 1.159484237347850444e+00
1.450901803607214324e+00 1.163608598613823153e+00
1.458917835671342589e+00 1.166729084730389943e+00
1.466933867735470853e+00 1.168809742196174284e+00
1.474949899799599118e+00 1.169941974295967135e+00
1.482965931863727382e+00 1.170096150974772486e+00
1.490981963927855647e+00 1.169253146298735890e+00
1.498997995991983911e+00 1.167256899674052217e+00
1.507014028056112176e+00 1.164136817579443095e+00
1.515030060120240440e+00 1.160068969389755456e+00
1.523046092184368705e+00 1.155068430589569761e+00
1.531062124248496970e+00 1.149150276663466475e+00
1.539078156312625012e+00 1.142195611130260691e+00
1.547094188376753277e+00 1.134209943947472210e+00
1.555110220440881541e+00 1.125366665052639936e+00
1.563126252505009806e+00 1.115680849930344110e+00
1.571142284569138070e+00 1.105167574065164304e+00
1.579158316633266335e+00 1.093732128738849285e+00
1.587174348697394599e+00 1.081360903778872506e+00
1.595190380761522864e+00 1.068222221489885992e+00
1.603206412825651128e+00 1.054331157356469761e+00
1.611222444889779393e+00 1.039704171452895620e+00
1.619238476953907657e+00 1.024274664725548067e+00
1.627254509018035922e+00 1.008056289048314458e+00
1.635270541082164186e+00 9.912374211056718121e-01
1.643286573146292451e+00 9.738606465904882104e-01
1.651302605210420715e+00 9.559685511956319548e-01
1.659318637274548980e+00 9.375582995057640812e-01
1.667334669338677244e+00 9.186591029451968149e-01
1.675350701402805509e+00 8.994140849953827788e-01
1.683366733466933773e+00 8.798658313491901639e-01
1.691382765531062038e+00 8.600569276994871615e-01
1.699398797595190302e+00 8.400151807221309941e-01
1.707414829659318567e+00 8.197911592016371429e-01
1.715430861723446831e+00 7.994759871680587882e-01
1.723446893787575096e+00 7.791122503142641209e-01
1.731462925851703361e+00 7.587425343331212213e-01
1.739478957915831625e+00 7.384185417433078991e-01
1.747494989979959668e+00 7.182199038236438682e-01
1.755511022044087932e+00 6.981588514547493185e-01
1.763527054108216197e+00 6.782596178907118745e-01
1.771543086172344461e+00 6.585460340555945313e-01
1.779559118236472726e+00 6.390600268993847921e-01
1.787575150300600990e+00 6.198849423704209105e-01
1.795591182364729255e+00 6.009903593671435118e-01
1.803607214428857519e+00 5.824001088136162574e-01
1.811623246492985784e+00 5.641380216339023645e-01
1.819639278557114048e+00 5.462512287822127721e-01
1.827655310621242313e+00 5.288589143481056132e-01
1.835671342685370577e+00 5.118896150845784199e-01
1.843687374749498842e+00 4.953671619156941874e-01
1.851703406813627106e+00 4.793153857655164107e-01
1.859719438877755371e+00 4.637828463965883996e-01
1.867735470941883635e+00 4.489321164314709067e-01
1.875751503006011900e+00 4.346395372520518441e-01
1.883767535070140164e+00 4.209044149029348980e-01
1.891783567134268429e+00 4.077223278527055128e-01
1.899799599198396693e+00 3.951037047465708607e-01
1.907815631262524958e+00 3.831775311322300759e-01
1.915831663326653223e+00 3.717752320155217616e-01
1.923847695390781487e+00 3.608894809264789894e-01
1.931863727454909752e+00 3.505129513951347198e-01
1.939879759519038016e+00 3.406480995489470920e-01
1.947895791583166281e+00 3.314256382670188184e-01
1.955911823647294323e+00 3.226832377415342346e-01
1.963927855711422588e+00 3.144135715025258571e-01
1.971943887775550852e+00 3.066093130800268685e-01
1.979959919839679117e+00 2.992661067126523577e-01
1.987975951903807381e+00 2.925140713530967607e-01
1.995991983967935646e+00 2.861982830087956842e-01
2.004008016032063910e+00 2.803072860190150006e-01
2.012024048096192175e+00 2.748212424657635600e-01
2.020040080160320439e+00 2.697119321737929676e-01
2.028056112224448704e+00 2.650374465260676438e-01
2.036072144288576968e+00 2.606454716715461695e-01
2.044088176352705233e+00 2.565014731957497851e-01
2.052104208416833497e+00 2.525731017326631744e-01
2.060120240480961762e+00 2.488280079162711877e-01
2.068136272545090026e+00 2.452609795341274268e-01
2.076152304609218291e+00 2.417835329384966925e-01
2.084168336673346555e+00 2.383606071070046017e-01
2.092184368737474820e+00 2.349598526736358661e-01
2.100200400801603084e+00 2.315489202723751971e-01
2.108216432865731349e+00 2.280644187474080153e-01
2.116232464929859614e+00 2.244714453502210105e-01
2.124248496993987878e+00 2.207395371025861475e-01
2.132264529058116143e+00 2.168407600598226681e-01
2.140280561122244407e+00 2.127528460833870982e-01
2.148296593186372672e+00 2.084353496774270509e-01
2.156312625250500936e+00 2.039539047932902027e-01
2.164328657314629201e+00 1.993318472132320218e-01
2.172344689378757465e+00 1.945841858956391668e-01
2.180360721442885730e+00 1.897259297988983240e-01
2.188376753507013994e+00 1.847540034761316063e-01
2.196392785571142259e+00 1.797108558536193446e-01
2.204408817635270523e+00 1.746168520784089906e-01
2.212424849699398788e+00 1.694870011088872586e-01
2.220440881763527052e+00 1.643363119034409736e-01
2.228456913827655317e+00 1.591854870186931725e-01
2.236472945891783581e+00 1.540585456694050781e-01
2.244488977955911846e+00 1.489705047106422986e-01
2.252505010020040110e+00 1.439363731007914926e-01
2.260521042084167931e+00 1.389710654707728699e-01
2.268537074148296195e+00 1.341154221870733410e-01
2.276553106212424460e+00 1.293740268350525024e-01
2.284569138276552724e+00 1.247497732098773182e-01
2.292585170340680989e+00 1.202532731587918902e-01
2.300601202404809253e+00 1.158951385290403480e-01
2.308617234468937518e+00 1.117245878852377722e-01
2.316633266533065783e+00 1.077392375812867564e-01
2.324649298597194047e+00 1.039344899520572435e-01
2.332665330661322312e+00 1.003209568447933214e-01
2.340681362725450576e+00 9.690925010673914763e-02
2.348697394789578841e+00 9.376000904522208135e-02
2.356713426853707105e+00 9.086860181644139389e-02
2.364729458917835370e+00 8.822125821025803005e-02
2.372745490981963634e+00 8.582859007391611950e-02
2.380761523046091899e+00 8.370120925465981965e-02
2.388777555110220163e+00 8.190949471781679148e-02
2.396793587174348428e+00 8.043866579161298991e-02
2.404809619238476692e+00 7.922549281540855470e-02
2.412825651302604957e+00 7.824234727524484456e-02
2.420841683366733221e+00 7.745957401769029693e-02
2.428857715430861486e+00 7.686989369873448164e-02
2.436873747494989750e+00 7.641486079436572709e-02
2.444889779559118015e+00 7.604216678964080545e-02
2.452905811623246279e+00 7.572215653112819578e-02
2.460921843687374544e+00 7.542517486539632166e-02
2.468937875751502808e+00 7.511124898586052367e-02
2.476953907815631073e+00 7.472977167907744744e-02
2.484969939879759337e+00 7.425328958210980490e-02
2.492985971943887602e+00 7.365214754152604737e-02
2.501002004008015867e+00 7.289669040389452903e-02
2.509018036072144131e+00 7.191894974614464198e-02
2.517034068136272396e+00 7.066676097322500960e-02
2.525050100200400660e+00 6.915302370406729848e-02
2.533066132264528925e+00 6.738296844711615108e-02
2.541082164328657189e+00 6.537253998043418557e-02
2.549098196392785454e+00 6.311712912322323121e-02
2.557114228456913718e+00 6.064953234826787887e-02
2.565130260521041983e+00 5.803027152716527803e-02
2.573146292585170247e+00 5.528163428559193515e-02
2.581162324649298512e+00 5.242590824922431503e-02
2.589178356713426776e+00 4.947896996852101104e-02
2.597194388777555041e+00 4.647589568773912577e-02
2.605210420841683305e+00 4.345444177574654676e-02
2.613226452905811570e+00 4.043689585821975963e-02
2.621242484969939834e+00 3.744554556083524305e-02
2.629258517034068099e+00 3.451322245232989194e-02
2.637274549098196363e+00 3.168434397439022498e-02
2.645290581162324628e+00 2.897037028017641208e-02
2.653306613226452892e+00 2.639103816346030987e-02
2.661322645290581157e+00 2.396143108223620227e-02
2.669338677354708977e+00 2.170657889717697922e-02
2.677354709418837242e+00 1.965019866383328068e-02
2.685370741482965506e+00 1.776130858344179483e-02
2.693386773547093771e+00 1.604345926187042762e-02
2.701402805611222036e+00 1.450020130498707108e-02
2.709418837675350300e+00 1.315280735019927656e-02
2.717434869739478565e+00 1.203213317821152754e-02
2.725450901803606829e+00 1.110018248535630560e-02
2.733466933867735094e+00 1.036050587750152879e-02
2.741482965931863358e+00 9.816653960515082239e-03
2.749498997995991623e+00 9.489212679338304701e-03
2.757515030060119887e+00 9.417301484262648528e-03
2.765531062124248152e+00 9.555347094499842472e-03
2.773547094188376416e+00 9.906900115917808072e-03
2.781563126252504681e+00 1.047380233052534575e-02
2.789579158316632945e+00 1.127004496702172648e-02
2.797595190380761210e+00 1.230137167724548036e-02
2.805611222444889474e+00 1.348751723726062703e-02
2.813627254509017739e+00 1.480547975912482016e-02
2.821643286573146003e+00 1.623225735489569610e-02
2.829659318637274268e+00 1.774764959504320644e-02
2.837675350701402532e+00 1.932615704530327855e-02
2.845691382765530797e+00 2.092192750063015874e-02
2.853707414829659061e+00 2.251195907308149377e-02
2.861723446893787326e+00 2.407324987471491998e-02
2.869739478957915590e+00 2.557901903123094983e-02
2.877755511022043855e+00 2.697229067080834236e-02
2.885771543086172120e+00 2.824526947072793226e-02
2.893787575150300384e+00 2.937495354304738363e-02
2.901803607214428649e+00 3.033834099982432933e-02
2.909819639278556913e+00 3.110571438542630157e-02
2.917835671342685178e+00 3.159255527721139406e-02
2.925851703406813442e+00 3.187208779552506976e-02
2.933867735470941707e+00 3.195583588662482405e-02
2.941883767535069971e+00 3.185558179477958329e-02
2.949899799599198236e+00 3.158054345215785541e-02
2.957915831663326500e+00 3.110292445360089350e-02
2.965931863727454765e+00 3.048819893740701767e-02
2.973947895791583029e+00 2.974814914784517511e-02
2.981963927855711294e+00 2.889455732918430955e-02
2.989979959919839558e+00 2.793892617504097758e-02
2.997995991983967823e+00 2.687175431059508554e-02
3.006012024048096087e+00 2.573793608235824815e-02
3.014028056112224352e+00 2.454925373459940913e-02
3.022044088176352616e+00 2.331748951158750527e-02
3.030060120240480881e+00 2.205442565759148030e-02
3.038076152304609145e+00 2.077300496637532468e-02
3.046092184368737410e+00 1.949319492764822054e-02
3.054108216432865675e+00 1.821997624518856274e-02
3.062124248496993939e+00 1.695755256544397710e-02
3.070140280561122204e+00 1.570947561246885740e-02
3.078156312625250024e+00 1.448687977116799169e-02
3.086172344689378289e+00 1.328966935967030964e-02
3.094188376753506553e+00 1.212094223999028199e-02
3.102204408817634818e+00 1.098425013618230250e-02
3.110220440881763082e+00 9.883144772300770167e-03
3.118236472945891347e+00 8.834619995250531446e-03
3.126252505010019611e+00 7.833753653760997318e-03
3.134268537074147876e+00 6.882610617246093590e-03
3.142284569138276140e+00 5.984742609760214035e-03
3.150300601202404405e+00 5.143701355357755030e-03
3.158316633266532669e+00 4.381777513588553524e-03
3.166332665330660934e+00 3.690347762492656759e-03
3.174348697394789198e+00 3.068575875171302651e-03
3.182364729458917463e+00 2.515958846477665736e-03
3.190380761523045727e+00 2.029858020127794666e-03
3.198396793587173992e+00 1.621344002579126623e-03
3.206412825651302256e+00 1.272070688481619950e-03
3.214428857715430521e+00 9.744293499857728568e-04
3.222444889779558785e+00 7.246804176862269757e-04
3.230460921843687050e+00 5.190843221776307711e-04
3.238476953907815314e+00 3.623432942964202380e-04
3.246492985971943579e+00 2.415909937617905455e-04
3.254509018036071843e+00 1.501073032760042087e-04
3.262525050100200108e+00 8.415265343370427042e-05
3.270541082164328373e+00 3.998747482953756148e-05
3.278557114228456637e+00 1.653802971345132074e-05
3.286573146292584902e+00 5.232928804853122475e-06
3.294589178356713166e+00 8.330723922820389189e-07
3.302605210420841431e+00 2.245149539507716967e-09
3.310621242484969695e+00 1.236559284836589454e-08
3.318637274549097960e+00 6.072265985315502447e-08
3.326653306613226224e+00 1.778849250533224449e-07
3.334669338677354489e+00 3.815717994299122698e-07
3.342685370741482753e+00 6.927149848435705819e-07
3.350701402805611018e+00 1.132246183154932558e-06
3.358717434869739282e+00 1.760888054217165929e-06
3.366733466933867547e+00 2.598432454740077425e-06
3.374749498997995811e+00 3.647677186457509461e-06
3.382765531062124076e+00 4.929553951230119925e-06
3.390781563126252340e+00 6.464994450918536000e-06
3.398797595190380605e+00 8.337103759246723711e-06
3.406813627254508869e+00 1.056152884146692810e-05
3.414829659318637134e+00 1.312282997689975086e-05
3.422845691382765398e+00 1.604193886740586531e-05
3.430861723446893663e+00 1.933705661075565572e-05
3.438877755511021928e+00 2.309041502127711127e-05
3.446893787575150192e+00 2.721174936695701382e-05
3.454909819639278457e+00 3.158710155764470046e-05
3.462925851703406721e+00 3.616043836130881971e-05
3.470941883767534986e+00 4.087572654591798283e-05
3.478957915831663250e+00 4.567485956325095673e-05
3.486973947895791515e+00 5.046011731069766315e-05
3.494989979959919335e+00 5.516430307991484594e-05
3.503006012024047600e+00 5.973138363887164827e-05
3.511022044088175864e+00 6.410532575553646120e-05
3.519038076152304129e+00 6.817492305789516242e-05
3.527054108216432393e+00 7.183991733371398254e-05
3.535070140280560658e+00 7.508874980806650324e-05
3.543086172344688922e+00 7.786538724892128494e-05
3.551102204408817187e+00 8.011379642424703716e-05
3.559118236472945451e+00 8.167854768984567808e-05
3.567134268537073716e+00 8.246812842002062703e-05
3.575150300601201980e+00 8.263581809800525776e-05
3.583166332665330245e+00 8.222085029422418619e-05
3.591182364729458509e+00 8.126604739700280357e-05
3.599198396793586774e+00 7.975779014339567463e-05
3.607214428857715038e+00 7.774155802835101229e-05
3.615230460921843303e+00 7.535593240508198958e-05
3.623246492985971567e+00 7.264373566191409263e-05
3.631262525050099832e+00 6.964779018717263135e-05
3.639278557114228096e+00 6.639064773412276031e-05
3.647294589178356361e+00 6.292854663768542532e-05
3.655310621242484626e+00 5.935313839489050382e-05
3.663326653306612890e+00 5.570724539406344124e-05
3.671342685370741155e+00 5.203369002352964238e-05
3.679358717434869419e+00 4.838441130807951052e-05
3.687374749498997684e+00 4.483997391197716944e-05
3.695390781563125948e+00 4.142844176034736855e-05
3.703406813627254213e+00 3.816026236250302746e-05
3.711422845691382477e+00 3.503857869156263839e-05
3.719438877755510742e+00 3.207494543930934525e-05
3.727454909819639006e+00 2.928695241805613468e-05
3.735470941883767271e+00 2.663882594207907486e-05
3.743486973947895535e+00 2.412890047072042580e-05
3.751503006012023800e+00 2.175551046332247461e-05
3.759519038076152064e+00 1.952753046295898062e-05
3.767535070140280329e+00 1.746467844105556693e-05
3.775551102204408593e+00 1.553173270148504307e-05
3.783567134268536858e+00 1.372702770358966394e-05
3.791583166332665122e+00 1.204889790671170650e-05
3.799599198396793387e+00 1.050380155324054734e-05
3.807615230460921651e+00 9.113057077664508447e-06
3.815631262525049916e+00 7.842258621478079796e-06
3.823647294589178181e+00 6.689166838351290432e-06
3.831663326653306445e+00 5.650432603950731736e-06
3.839679358717434710e+00 4.726622512801582974e-06
3.847695390781562974e+00 3.931596348003362365e-06
3.855711422845691239e+00 3.229776852906165451e-06
3.863727454909819503e+00 2.615677319408580102e-06
3.871743486973947768e+00 2.083811039409175127e-06
3.879759519038076032e+00 1.631412030282880603e-06
3.887775551102204297e+00 1.266983144891782283e-06
3.895791583166332561e+00 9.629493282783521005e-07
3.903807615230460382e+00 7.138238723411834274e-07
3.911823647294588646e+00 5.141200689788233684e-07
3.919839679358716911e+00 3.592958455926880746e-07
3.927855711422845175e+00 2.507587618446015480e-07
3.935871743486973440e+00 1.698051459508261948e-07
3.943887775551101704e+00 1.109482898099414123e-07
3.951903807615229969e+00 6.901566910677692479e-08
3.959919839679358233e+00 3.925281427812172085e-08
3.967935871743486498e+00 2.108283536305354258e-08
3.975951903807614762e+00 9.550948906081268958e-09
3.983967935871743027e+00 3.178770478831189496e-09
3.991983967935871291e+00 4.879156529287817121e-10
4.000000000000000000e+00 0.000000000000000000e+00
