5.000000000000000104e-03 2.574237963653953562e-03
1.499999999999999944e-02 1.139761969358638570e-02
2.500000000000000139e-02 2.149850673689344960e-02
3.500000000000000333e-02 2.958568641985573691e-02
4.499999999999999833e-02 3.470307529863791984e-02
5.500000000000000028e-02 4.244351055409657097e-02
6.500000000000000222e-02 5.417377238851465299e-02
7.500000000000001110e-02 5.527278879215743318e-02
8.499999999999999223e-02 5.273626579445587353e-02
9.500000000000000111e-02 5.085558747422459086e-02
1.050000000000000100e-01 5.001512640962273160e-02
1.149999999999999911e-01 4.901704364547678633e-02
1.250000000000000000e-01 4.767655631047716669e-02
1.350000000000000089e-01 4.651623014019633934e-02
1.450000000000000178e-01 5.098694846085357474e-02
1.549999999999999989e-01 6.676403149053371233e-02
1.650000000000000078e-01 9.245831727319948901e-02
1.749999999999999889e-01 1.104093409591863917e-01
1.849999999999999978e-01 1.150293237795228518e-01
1.950000000000000067e-01 1.140157172665299812e-01
2.050000000000000155e-01 1.106511160296517610e-01
2.149999999999999967e-01 1.043272789500669373e-01
2.250000000000000056e-01 1.005267183024190630e-01
2.349999999999999867e-01 9.980815413704081929e-02
2.449999999999999956e-01 1.012090004977693192e-01
2.550000000000000044e-01 1.092599549958131189e-01
2.650000000000000133e-01 1.226866686200682871e-01
2.750000000000000222e-01 1.286864653838389605e-01
2.850000000000000311e-01 1.284912089061075458e-01
2.949999999999999845e-01 1.293861336964843012e-01
3.049999999999999933e-01 1.404824698350472245e-01
3.150000000000000022e-01 1.634838863807318854e-01
3.250000000000000111e-01 1.767465798420532475e-01
3.350000000000000200e-01 1.778581077355866624e-01
3.450000000000000289e-01 1.765264540841591234e-01
3.549999999999999822e-01 1.872654647557759622e-01
3.649999999999999911e-01 2.171616926768033529e-01
3.750000000000000000e-01 2.340798450293148647e-01
3.850000000000000089e-01 2.371527630343895354e-01
3.950000000000000178e-01 2.379948045642050203e-01
4.050000000000000266e-01 2.543883401233921204e-01
4.150000000000000355e-01 3.086378123380436600e-01
4.249999999999999889e-01 3.286485356720293960e-01
4.349999999999999978e-01 3.292291561855469895e-01
4.450000000000000067e-01 3.293970678005154751e-01
4.550000000000000155e-01 3.379926306339312014e-01
4.650000000000000244e-01 3.653969728255346827e-01
4.749999999999999778e-01 3.726939794705854125e-01
4.849999999999999867e-01 3.721876723023763711e-01
4.949999999999999956e-01 3.747117510626924997e-01
5.050000000000000044e-01 4.027598971609787637e-01
5.150000000000000133e-01 4.784200073963157940e-01
5.250000000000000222e-01 5.031764876544685405e-01
5.350000000000000311e-01 5.025512783979365627e-01
5.450000000000000400e-01 5.017137329019918379e-01
5.550000000000000488e-01 5.237890840156828043e-01
5.650000000000000577e-01 5.891667806874578694e-01
5.749999999999999556e-01 6.142748588222011197e-01
5.849999999999999645e-01 6.155090463301824411e-01
5.949999999999999734e-01 6.141093761568887643e-01
6.049999999999999822e-01 6.290613973953926852e-01
6.149999999999999911e-01 6.915138369402601404e-01
6.250000000000000000e-01 7.118089340886861738e-01
6.350000000000000089e-01 7.113872353279357963e-01
6.450000000000000178e-01 7.099046081231321637e-01
6.550000000000000266e-01 6.974688864021175716e-01
6.650000000000000355e-01 6.500749735011637220e-01
6.750000000000000444e-01 6.391333725678370881e-01
6.850000000000000533e-01 6.388142857264469399e-01
6.950000000000000622e-01 6.385252485662045174e-01
7.050000000000000711e-01 6.634248058473293241e-01
7.149999999999999689e-01 7.769430161019253989e-01
7.249999999999999778e-01 8.027888750423334274e-01
7.349999999999999867e-01 8.019600812977648596e-01
7.449999999999999956e-01 8.022900361077013320e-01
7.550000000000000044e-01 8.250870403223278249e-01
7.650000000000000133e-01 9.339484607502612779e-01
7.750000000000000222e-01 9.585152161769004975e-01
7.850000000000000311e-01 9.581934570619555780e-01
7.950000000000000400e-01 9.582792169685681039e-01
8.050000000000000488e-01 1.026169556624622947e+00
8.150000000000000577e-01 1.339799832064614282e+00
8.250000000000000666e-01 1.409791076530439335e+00
8.349999999999999645e-01 1.408356746860762287e+00
8.449999999999999734e-01 1.405413636054602344e+00
8.549999999999999822e-01 1.416651149777435670e+00
8.649999999999999911e-01 1.470541612509231655e+00
8.750000000000000000e-01 1.483518744231089981e+00
8.850000000000000089e-01 1.481262459777663132e+00
8.950000000000000178e-01 1.480093044957358606e+00
9.050000000000000266e-01 1.578520745843872142e+00
9.150000000000000355e-01 1.963115321604677499e+00
9.250000000000000444e-01 2.063335890013083151e+00
9.350000000000000533e-01 2.062821583780755752e+00
9.450000000000000622e-01 2.061696389578858923e+00
9.550000000000000711e-01 2.064273691682825707e+00
9.649999999999999689e-01 2.093759072895312379e+00
9.749999999999999778e-01 2.098449158187119856e+00
9.849999999999999867e-01 2.099877392822560029e+00
9.949999999999999956e-01 2.096676360215240287e+00
1.004999999999999893e+00 1.949079333055595775e+00
1.015000000000000124e+00 1.293564447919136162e+00
1.024999999999999911e+00 1.146366666044359439e+00
1.035000000000000142e+00 1.144840112727333992e+00
1.044999999999999929e+00 1.143975936914315872e+00
1.055000000000000160e+00 1.118646368340417752e+00
1.064999999999999947e+00 1.000863667920229627e+00
1.075000000000000178e+00 9.702369179505107022e-01
1.084999999999999964e+00 9.692366731056267781e-01
1.095000000000000195e+00 9.690676542645005886e-01
1.104999999999999982e+00 1.003234353004146984e+00
1.115000000000000213e+00 1.172472055388610102e+00
1.125000000000000000e+00 1.212254234379732454e+00
1.135000000000000231e+00 1.211984500330424375e+00
1.145000000000000018e+00 1.210908513553710319e+00
1.155000000000000027e+00 1.175028088809523474e+00
1.165000000000000036e+00 9.983267828009028122e-01
1.174999999999999822e+00 9.579822596498726028e-01
1.185000000000000053e+00 9.578198834712139398e-01
1.194999999999999840e+00 9.563584923710418684e-01
1.205000000000000071e+00 9.521600635930931311e-01
1.214999999999999858e+00 9.172509049230780365e-01
1.225000000000000089e+00 9.115541246103013862e-01
1.234999999999999876e+00 9.111549985804444640e-01
1.245000000000000107e+00 9.082618521164292913e-01
1.254999999999999893e+00 8.334966717069434150e-01
1.265000000000000124e+00 5.388103253604636933e-01
1.274999999999999911e+00 4.665852783713489993e-01
1.285000000000000142e+00 4.657557038615662837e-01
1.294999999999999929e+00 4.632788367880906755e-01
1.305000000000000160e+00 4.394380660932115656e-01
1.314999999999999947e+00 3.525466234440082225e-01
1.325000000000000178e+00 3.272960403903742987e-01
1.334999999999999964e+00 3.264779667126040952e-01
1.345000000000000195e+00 3.247378299208615315e-01
1.354999999999999982e+00 3.167889145881954693e-01
1.365000000000000213e+00 2.874481678543953644e-01
1.375000000000000000e+00 2.733278105896568833e-01
1.385000000000000231e+00 2.724815252057055659e-01
1.395000000000000018e+00 2.716661174563918535e-01
1.405000000000000027e+00 2.670659562769586715e-01
1.415000000000000036e+00 2.503255818899335350e-01
1.424999999999999822e+00 2.447547374081735505e-01
1.435000000000000053e+00 2.440982304170055961e-01
1.444999999999999840e+00 2.415512697110060447e-01
1.455000000000000071e+00 2.261684511098396577e-01
1.464999999999999858e+00 1.790124662834766678e-01
1.475000000000000089e+00 1.592353965984496245e-01
1.484999999999999876e+00 1.577943591633241271e-01
1.495000000000000107e+00 1.542151631718277904e-01
1.504999999999999893e+00 1.393022136414024115e-01
1.515000000000000124e+00 8.724837211124553127e-02
1.524999999999999911e+00 6.506868246455919935e-02
1.535000000000000142e+00 6.447385949045861264e-02
1.544999999999999929e+00 6.492119220536066160e-02
1.555000000000000160e+00 6.530706732965504968e-02
1.564999999999999947e+00 6.761678553305622286e-02
1.575000000000000178e+00 6.924280291984546976e-02
1.584999999999999964e+00 6.941413649711632161e-02
1.595000000000000195e+00 6.932128554854542768e-02
1.604999999999999982e+00 6.988762712240741137e-02
1.615000000000000213e+00 7.146011333227128559e-02
1.625000000000000000e+00 7.163770551093233407e-02
1.635000000000000231e+00 7.109473362364075733e-02
1.645000000000000018e+00 6.864470096606585525e-02
1.655000000000000249e+00 6.095460099457495479e-02
1.665000000000000036e+00 3.597638087194138939e-02
1.674999999999999822e+00 2.388805696655848382e-02
1.685000000000000053e+00 2.341471073258762081e-02
1.694999999999999840e+00 2.354910795499344511e-02
1.705000000000000071e+00 2.447755630864266105e-02
1.714999999999999858e+00 2.709659478151520487e-02
1.725000000000000089e+00 2.793935688720065522e-02
1.734999999999999876e+00 2.793247695676807918e-02
1.745000000000000107e+00 2.811021450224699542e-02
1.754999999999999893e+00 2.854707172669346607e-02
1.765000000000000124e+00 3.012439375202210362e-02
1.774999999999999911e+00 3.015952261362905840e-02
1.785000000000000142e+00 3.000720869885978304e-02
1.794999999999999929e+00 2.970053650853360025e-02
1.805000000000000160e+00 2.872966013194023366e-02
1.814999999999999947e+00 2.675214914118774490e-02
1.825000000000000178e+00 2.611953230052381503e-02
1.834999999999999964e+00 2.556521615312423723e-02
1.845000000000000195e+00 2.499695537893791356e-02
1.854999999999999982e+00 2.245769244134050366e-02
1.865000000000000213e+00 1.578515319623340074e-02
1.875000000000000000e+00 1.121143796598674663e-02
1.885000000000000231e+00 1.087303527077953906e-02
1.895000000000000018e+00 1.055276878706880479e-02
1.905000000000000249e+00 1.059737140834329447e-02
1.915000000000000036e+00 1.152735008835813722e-02
1.924999999999999822e+00 1.182995232812224240e-02
1.935000000000000053e+00 1.194503653617439050e-02
1.944999999999999840e+00 1.225576303956820053e-02
1.955000000000000071e+00 1.289349094285767265e-02
1.964999999999999858e+00 1.461663350599613602e-02
1.975000000000000089e+00 1.598874603198066624e-02
1.984999999999999876e+00 1.597204903919946864e-02
1.995000000000000107e+00 1.579064502787752913e-02
2.004999999999999893e+00 1.509449627626550765e-02
2.015000000000000124e+00 1.321333261804005614e-02
2.025000000000000355e+00 1.168750875634583068e-02
2.035000000000000142e+00 1.143435469083247530e-02
2.044999999999999929e+00 1.108614300525640264e-02
2.054999999999999716e+00 1.014981490177281793e-02
2.064999999999999947e+00 8.157692780600264357e-03
2.075000000000000178e+00 7.196150142668813511e-03
2.084999999999999964e+00 7.057973406203880799e-03
2.094999999999999751e+00 7.038762280426643335e-03
2.104999999999999982e+00 7.206335500236474116e-03
2.115000000000000213e+00 8.379165705725517138e-03
2.125000000000000000e+00 8.956640821825317955e-03
2.134999999999999787e+00 8.964285815190832160e-03
2.145000000000000018e+00 9.256398991728531644e-03
2.155000000000000249e+00 9.490571332897608514e-03
2.165000000000000036e+00 9.481686035251256361e-03
2.174999999999999822e+00 9.268960012004780549e-03
2.185000000000000053e+00 9.131497129482579744e-03
2.195000000000000284e+00 8.962290827243833691e-03
2.205000000000000071e+00 8.360360826520052760e-03
2.214999999999999858e+00 6.983193575727676856e-03
2.225000000000000089e+00 6.114127171012252553e-03
2.235000000000000320e+00 6.043025239806541424e-03
2.245000000000000107e+00 5.937616165552611278e-03
2.254999999999999893e+00 5.790944780851268320e-03
2.265000000000000124e+00 5.218143294102156431e-03
2.275000000000000355e+00 4.949337446599991197e-03
2.285000000000000142e+00 4.982363042021638842e-03
2.294999999999999929e+00 5.007337024533216330e-03
2.305000000000000160e+00 5.363188399447707186e-03
2.314999999999999947e+00 6.224184185832913954e-03
2.325000000000000178e+00 6.733885121057175786e-03
2.334999999999999964e+00 6.781417822322194366e-03
2.344999999999999751e+00 6.766238114791077625e-03
2.354999999999999982e+00 6.617978790919304931e-03
2.365000000000000213e+00 6.436771213957511416e-03
2.375000000000000000e+00 6.445596395028734167e-03
2.384999999999999787e+00 6.319123020753882394e-03
2.395000000000000018e+00 6.215001355117628391e-03
2.405000000000000249e+00 5.470744131695100612e-03
2.415000000000000036e+00 3.931574273499002271e-03
2.424999999999999822e+00 2.936009170721343587e-03
2.435000000000000053e+00 2.831756040419696613e-03
2.445000000000000284e+00 2.931359207835126414e-03
2.455000000000000071e+00 3.349609300857246588e-03
2.464999999999999858e+00 4.332651215732749236e-03
2.475000000000000089e+00 4.935631569889448352e-03
2.485000000000000320e+00 5.089323473083189574e-03
2.495000000000000107e+00 5.132505422736952094e-03
2.504999999999999893e+00 5.719832271034478929e-03
2.515000000000000124e+00 6.912217306224156289e-03
2.525000000000000355e+00 7.922959327029157478e-03
2.535000000000000142e+00 7.988325094532266676e-03
2.544999999999999929e+00 7.778500748304116412e-03
2.555000000000000160e+00 6.859422146841936616e-03
2.564999999999999947e+00 5.184733761155327532e-03
2.575000000000000178e+00 4.083146047850523194e-03
2.584999999999999964e+00 3.892168562699724159e-03
2.594999999999999751e+00 3.730435276247810478e-03
2.604999999999999982e+00 3.398615397309989825e-03
2.615000000000000213e+00 2.825185262706864098e-03
2.625000000000000000e+00 2.467524249265447712e-03
2.634999999999999787e+00 2.445111466547016978e-03
2.645000000000000018e+00 2.417827136888186981e-03
2.655000000000000249e+00 2.288110753885035879e-03
2.665000000000000036e+00 2.648509376506879773e-03
2.674999999999999822e+00 2.690469068682204042e-03
2.685000000000000053e+00 2.566946277295384642e-03
2.695000000000000284e+00 2.715643137010408451e-03
2.705000000000000071e+00 3.256163145698416292e-03
2.714999999999999858e+00 3.903408090606283031e-03
2.725000000000000089e+00 4.232548971002943888e-03
2.735000000000000320e+00 4.307191907693713739e-03
2.745000000000000107e+00 4.283439837768470912e-03
2.754999999999999893e+00 4.906218886195310228e-03
2.765000000000000124e+00 5.996331412565878739e-03
2.775000000000000355e+00 6.741323610443889468e-03
2.785000000000000142e+00 7.046433116045400236e-03
2.794999999999999929e+00 6.689455271230388377e-03
2.805000000000000160e+00 6.297030509070459733e-03
2.814999999999999947e+00 6.095982415388531521e-03
2.825000000000000178e+00 6.066457272706385177e-03
2.834999999999999964e+00 5.877981000427093261e-03
2.844999999999999751e+00 5.550644256134639951e-03
2.854999999999999982e+00 4.663225050848922304e-03
2.865000000000000213e+00 3.274410357046671043e-03
2.875000000000000000e+00 2.750889300821091846e-03
2.884999999999999787e+00 2.495228534377422897e-03
2.895000000000000018e+00 2.309715618479799438e-03
2.905000000000000249e+00 2.550700730203580690e-03
2.915000000000000036e+00 2.687260516186021353e-03
2.924999999999999822e+00 2.452869960844208334e-03
2.935000000000000053e+00 2.258154980819031526e-03
2.945000000000000284e+00 2.061305750135334312e-03
2.955000000000000071e+00 2.130013985388366868e-03
2.964999999999999858e+00 2.422228374799148976e-03
2.975000000000000089e+00 2.353799506177720567e-03
2.985000000000000320e+00 2.382460098349312074e-03
2.995000000000000107e+00 1.747640999610771406e-01
