0.000000000000000000e+00 3.686035216983806762e-01
3.003003003003002977e-03 3.683986157460455435e-01
6.006006006006005954e-03 3.681942320488997278e-01
9.009009009009008931e-03 3.679903674143693570e-01
1.201201201201201191e-02 3.677870186786126872e-01
1.501501501501501488e-02 3.675841827061805955e-01
1.801801801801801786e-02 3.673818563896786848e-01
2.102102102102101910e-02 3.671800366494369361e-01
2.402402402402402382e-02 3.669787204331829145e-01
2.702702702702702853e-02 3.667779047157192496e-01
3.003003003003002977e-02 3.665775864986080546e-01
3.303303303303303101e-02 3.663777628098571215e-01
3.603603603603603572e-02 3.661784307036130004e-01
3.903903903903904044e-02 3.659795872598565758e-01
4.204204204204203821e-02 3.657812295841048056e-01
4.504504504504504292e-02 3.655833548071157901e-01
4.804804804804804763e-02 3.653859600845976163e-01
5.105105105105105234e-02 3.651890425969226972e-01
5.405405405405405705e-02 3.649925995488454422e-01
5.705705705705705483e-02 3.647966281692229251e-01
6.006006006006005954e-02 3.646011257107419357e-01
6.306306306306305731e-02 3.644060894496475855e-01
6.606606606606606202e-02 3.642115166854767994e-01
6.906906906906906674e-02 3.640174047407960800e-01
7.207207207207207145e-02 3.638237509609409948e-01
7.507507507507507616e-02 3.636305527137617122e-01
7.807807807807808087e-02 3.634378073893704264e-01
8.108108108108108558e-02 3.632455123998931668e-01
8.408408408408407642e-02 3.630536651792242164e-01
8.708708708708708113e-02 3.628622631827848610e-01
9.009009009009008584e-02 3.626713038872849126e-01
9.309309309309309055e-02 3.624807847904875646e-01
9.609609609609609526e-02 3.622907034109774105e-01
9.909909909909909997e-02 3.621010572879321820e-01
1.021021021021021047e-01 3.619118439808969301e-01
1.051051051051051094e-01 3.617230610695612025e-01
1.081081081081081141e-01 3.615347061535402196e-01
1.111111111111111049e-01 3.613467768521578805e-01
1.141141141141141097e-01 3.611592708042337119e-01
1.171171171171171144e-01 3.609721856678710927e-01
1.201201201201201191e-01 3.607855191202506973e-01
1.231231231231231238e-01 3.605992688574245486e-01
1.261261261261261146e-01 3.604134325941142913e-01
1.291291291291291332e-01 3.602280080635103521e-01
1.321321321321321240e-01 3.600429930170767623e-01
1.351351351351351426e-01 3.598583852243549264e-01
1.381381381381381335e-01 3.596741824727732184e-01
1.411411411411411521e-01 3.594903825674567455e-01
1.441441441441441429e-01 3.593069833310409966e-01
1.471471471471471337e-01 3.591239826034875460e-01
1.501501501501501523e-01 3.589413782419016430e-01
1.531531531531531432e-01 3.587591681203531890e-01
1.561561561561561617e-01 3.585773501296994348e-01
1.591591591591591526e-01 3.583959221774092874e-01
1.621621621621621712e-01 3.582148821873921696e-01
1.651651651651651620e-01 3.580342280998256577e-01
1.681681681681681528e-01 3.578539578709889479e-01
1.711711711711711714e-01 3.576740694730961012e-01
1.741741741741741623e-01 3.574945608941313968e-01
1.771771771771771808e-01 3.573154301376890718e-01
1.801801801801801717e-01 3.571366752228117836e-01
1.831831831831831903e-01 3.569582941838342904e-01
1.861861861861861811e-01 3.567802850702265771e-01
1.891891891891891997e-01 3.566026459464411436e-01
1.921921921921921905e-01 3.564253748917602382e-01
1.951951951951951814e-01 3.562484700001462001e-01
1.981981981981981999e-01 3.560719293800939655e-01
2.012012012012011908e-01 3.558957511544837971e-01
2.042042042042042094e-01 3.557199334604381757e-01
2.072072072072072002e-01 3.555444744491779718e-01
2.102102102102102188e-01 3.553693722858830006e-01
2.132132132132132096e-01 3.551946251495515794e-01
2.162162162162162282e-01 3.550202312328640253e-01
2.192192192192192191e-01 3.548461887420474858e-01
2.222222222222222099e-01 3.546724958967407693e-01
2.252252252252252285e-01 3.544991509298627830e-01
2.282282282282282193e-01 3.543261520874817494e-01
2.312312312312312379e-01 3.541534976286860315e-01
2.342342342342342287e-01 3.539811858254570121e-01
2.372372372372372473e-01 3.538092149625424176e-01
2.402402402402402382e-01 3.536375833373324729e-01
2.432432432432432290e-01 3.534662892597363881e-01
2.462462462462462476e-01 3.532953310520617896e-01
2.492492492492492384e-01 3.531247070488940931e-01
2.522522522522522292e-01 3.529544155969779884e-01
2.552552552552552756e-01 3.527844550551004765e-01
2.582582582582582664e-01 3.526148237939751851e-01
2.612612612612612573e-01 3.524455201961282924e-01
2.642642642642642481e-01 3.522765426557847301e-01
2.672672672672672389e-01 3.521078895787574936e-01
2.702702702702702853e-01 3.519395593823370083e-01
2.732732732732732761e-01 3.517715504951814953e-01
2.762762762762762669e-01 3.516038613572105564e-01
2.792792792792792578e-01 3.514364904194975936e-01
2.822822822822823041e-01 3.512694361441653923e-01
2.852852852852852950e-01 3.511026970042813722e-01
2.882882882882882858e-01 3.509362714837555020e-01
2.912912912912912766e-01 3.507701580772384919e-01
2.942942942942942675e-01 3.506043552900218740e-01
2.972972972972973138e-01 3.504388616379379151e-01
3.003003003003003046e-01 3.502736756472620838e-01
3.033033033033032955e-01 3.501087958546166279e-01
3.063063063063062863e-01 3.499442208068738180e-01
3.093093093093093326e-01 3.497799490610616902e-01
3.123123123123123235e-01 3.496159791842707310e-01
3.153153153153153143e-01 3.494523097535611744e-01
3.183183183183183051e-01 3.492889393558707978e-01
3.213213213213212960e-01 3.491258665879259371e-01
3.243243243243243423e-01 3.489630900561507820e-01
3.273273273273273332e-01 3.488006083765796683e-01
3.303303303303303240e-01 3.486384201747690925e-01
3.333333333333333148e-01 3.484765240857123358e-01
3.363363363363363057e-01 3.483149187537531999e-01
3.393393393393393520e-01 3.481536028325012966e-01
3.423423423423423428e-01 3.479925749847497807e-01
3.453453453453453337e-01 3.478318338823913614e-01
3.483483483483483245e-01 3.476713782063375890e-01
3.513513513513513709e-01 3.475112066464377536e-01
3.543543543543543617e-01 3.473513179013987817e-01
3.573573573573573525e-01 3.471917106787070217e-01
3.603603603603603434e-01 3.470323836945496399e-01
3.633633633633633342e-01 3.468733356737370710e-01
3.663663663663663805e-01 3.467145653496272462e-01
3.693693693693693714e-01 3.465560714640499307e-01
3.723723723723723622e-01 3.463978527672321728e-01
3.753753753753753530e-01 3.462399080177236965e-01
3.783783783783783994e-01 3.460822359823246264e-01
3.813813813813813902e-01 3.459248354360126565e-01
3.843843843843843811e-01 3.457677051618722741e-01
3.873873873873873719e-01 3.456108439510232055e-01
3.903903903903903627e-01 3.454542506025509163e-01
3.933933933933934091e-01 3.452979239234375552e-01
3.963963963963963999e-01 3.451418627284929541e-01
3.993993993993993907e-01 3.449860658402877367e-01
4.024024024024023816e-01 3.448305320890855952e-01
4.054054054054054279e-01 3.446752603127772319e-01
4.084084084084084187e-01 3.445202493568150781e-01
4.114114114114114096e-01 3.443654980741485128e-01
4.144144144144144004e-01 3.442110053251590807e-01
4.174174174174173912e-01 3.440567699775974320e-01
4.204204204204204376e-01 3.439027909065206501e-01
4.234234234234234284e-01 3.437490669942298016e-01
4.264264264264264193e-01 3.435955971302089296e-01
4.294294294294294101e-01 3.434423802110636026e-01
4.324324324324324564e-01 3.432894151404610183e-01
4.354354354354354473e-01 3.431367008290706067e-01
4.384384384384384381e-01 3.429842361945049656e-01
4.414414414414414289e-01 3.428320201612614637e-01
4.444444444444444198e-01 3.426800516606644531e-01
4.474474474474474661e-01 3.425283296308085923e-01
4.504504504504504570e-01 3.423768530165017254e-01
4.534534534534534478e-01 3.422256207692096486e-01
4.564564564564564386e-01 3.420746318470002101e-01
4.594594594594594295e-01 3.419238852144884655e-01
4.624624624624624758e-01 3.417733798427831649e-01
4.654654654654654666e-01 3.416231147094323517e-01
4.684684684684684575e-01 3.414730887983709051e-01
4.714714714714714483e-01 3.413233010998670269e-01
4.744744744744744946e-01 3.411737506104716711e-01
4.774774774774774855e-01 3.410244363329654194e-01
4.804804804804804763e-01 3.408753572763088546e-01
4.834834834834834671e-01 3.407265124555912128e-01
4.864864864864864580e-01 3.405779008919814776e-01
4.894894894894895043e-01 3.404295216126774770e-01
4.924924924924924952e-01 3.402813736508583653e-01
4.954954954954954860e-01 3.401334560456353850e-01
4.984984984984984768e-01 3.399857678420040719e-01
5.015015015015015232e-01 3.398383080907969589e-01
5.045045045045044585e-01 3.396910758486365034e-01
5.075075075075075048e-01 3.395440701778885129e-01
5.105105105105105512e-01 3.393972901466162928e-01
5.135135135135134865e-01 3.392507348285343505e-01
5.165165165165165329e-01 3.391044033029645410e-01
5.195195195195194682e-01 3.389582946547902154e-01
5.225225225225225145e-01 3.388124079744124773e-01
5.255255255255255609e-01 3.386667423577060521e-01
5.285285285285284962e-01 3.385212969059763766e-01
5.315315315315315425e-01 3.383760707259164668e-01
5.345345345345344779e-01 3.382310629295641191e-01
5.375375375375375242e-01 3.380862726342601654e-01
5.405405405405405705e-01 3.379416989626064516e-01
5.435435435435435059e-01 3.377973410424249257e-01
5.465465465465465522e-01 3.376531980067163374e-01
5.495495495495495986e-01 3.375092689936198820e-01
5.525525525525525339e-01 3.373655531463733981e-01
5.555555555555555802e-01 3.372220496132735668e-01
5.585585585585585155e-01 3.370787575476358322e-01
5.615615615615615619e-01 3.369356761077564322e-01
5.645645645645646082e-01 3.367928044568735402e-01
5.675675675675675436e-01 3.366501417631292403e-01
5.705705705705705899e-01 3.365076871995306140e-01
5.735735735735735252e-01 3.363654399439138798e-01
5.765765765765765716e-01 3.362233991789064236e-01
5.795795795795796179e-01 3.360815640918898284e-01
5.825825825825825532e-01 3.359399338749638475e-01
5.855855855855855996e-01 3.357985077249105998e-01
5.885885885885885349e-01 3.356572848431583211e-01
5.915915915915915813e-01 3.355162644357461144e-01
5.945945945945946276e-01 3.353754457132890887e-01
5.975975975975975629e-01 3.352348278909437762e-01
6.006006006006006093e-01 3.350944101883732151e-01
6.036036036036035446e-01 3.349541918297133103e-01
6.066066066066065909e-01 3.348141720435394708e-01
6.096096096096096373e-01 3.346743500628317491e-01
6.126126126126125726e-01 3.345347251249436438e-01
6.156156156156156189e-01 3.343952964715680154e-01
6.186186186186186653e-01 3.342560633487045019e-01
6.216216216216216006e-01 3.341170250066287650e-01
6.246246246246246470e-01 3.339781806998585734e-01
6.276276276276275823e-01 3.338395296871238815e-01
6.306306306306306286e-01 3.337010712313346894e-01
6.336336336336336750e-01 3.335628045995501223e-01
6.366366366366366103e-01 3.334247290629479554e-01
6.396396396396396566e-01 3.332868438967939162e-01
6.426426426426425920e-01 3.331491483804117637e-01
6.456456456456456383e-01 3.330116417971529796e-01
6.486486486486486847e-01 3.328743234343676249e-01
6.516516516516516200e-01 3.327371925833749189e-01
6.546546546546546663e-01 3.326002485394337627e-01
6.576576576576576016e-01 3.324634906017142622e-01
6.606606606606606480e-01 3.323269180732695283e-01
6.636636636636636943e-01 3.321905302610063115e-01
6.666666666666666297e-01 3.320543264756583013e-01
6.696696696696696760e-01 3.319183060317572043e-01
6.726726726726726113e-01 3.317824682476059328e-01
6.756756756756756577e-01 3.316468124452510713e-01
6.786786786786787040e-01 3.315113379504558977e-01
6.816816816816816393e-01 3.313760440926733497e-01
6.846846846846846857e-01 3.312409302050199900e-01
6.876876876876877320e-01 3.311059956242490276e-01
6.906906906906906674e-01 3.309712396907250054e-01
6.936936936936937137e-01 3.308366617483971539e-01
6.966966966966966490e-01 3.307022611447744675e-01
6.996996996996996954e-01 3.305680372308997250e-01
7.027027027027027417e-01 3.304339893613246204e-01
7.057057057057056770e-01 3.303001168940851162e-01
7.087087087087087234e-01 3.301664191906761858e-01
7.117117117117116587e-01 3.300328956160276106e-01
7.147147147147147050e-01 3.298995455384793885e-01
7.177177177177177514e-01 3.297663683297584747e-01
7.207207207207206867e-01 3.296333633649533579e-01
7.237237237237237331e-01 3.295005300224925215e-01
7.267267267267266684e-01 3.293678676841191311e-01
7.297297297297297147e-01 3.292353757348685517e-01
7.327327327327327611e-01 3.291030535630457554e-01
7.357357357357356964e-01 3.289709005602013958e-01
7.387387387387387427e-01 3.288389161211102696e-01
7.417417417417417891e-01 3.287070996437482795e-01
7.447447447447447244e-01 3.285754505292700633e-01
7.477477477477477708e-01 3.284439681819873447e-01
7.507507507507507061e-01 3.283126520093470058e-01
7.537537537537537524e-01 3.281815014219091609e-01
7.567567567567567988e-01 3.280505158333258398e-01
7.597597597597597341e-01 3.279196946603192830e-01
7.627627627627627804e-01 3.277890373226619025e-01
7.657657657657657158e-01 3.276585432431538547e-01
7.687687687687687621e-01 3.275282118476036675e-01
7.717717717717718084e-01 3.273980425648065351e-01
7.747747747747747438e-01 3.272680348265247230e-01
7.777777777777777901e-01 3.271381880674667508e-01
7.807807807807807254e-01 3.270085017252677417e-01
7.837837837837837718e-01 3.268789752404691051e-01
7.867867867867868181e-01 3.267496080564994410e-01
7.897897897897897534e-01 3.266203996196541670e-01
7.927927927927927998e-01 3.264913493790768673e-01
7.957957957957957351e-01 3.263624567867396964e-01
7.987987987987987815e-01 3.262337212974240619e-01
8.018018018018018278e-01 3.261051423687024164e-01
8.048048048048047631e-01 3.259767194609186625e-01
8.078078078078078095e-01 3.258484520371702775e-01
8.108108108108108558e-01 3.257203395632896625e-01
8.138138138138137911e-01 3.255923815078251571e-01
8.168168168168168375e-01 3.254645773420242194e-01
8.198198198198197728e-01 3.253369265398143306e-01
8.228228228228228192e-01 3.252094285777857308e-01
8.258258258258258655e-01 3.250820829351734331e-01
8.288288288288288008e-01 3.249548890938397383e-01
8.318318318318318472e-01 3.248278465382571922e-01
8.348348348348347825e-01 3.247009547554907116e-01
8.378378378378378288e-01 3.245742132351810416e-01
8.408408408408408752e-01 3.244476214695271588e-01
8.438438438438438105e-01 3.243211789532705613e-01
8.468468468468468568e-01 3.241948851836770062e-01
8.498498498498497922e-01 3.240687396605212434e-01
8.528528528528528385e-01 3.239427418860700847e-01
8.558558558558558849e-01 3.238168913650659175e-01
8.588588588588588202e-01 3.236911876047110503e-01
8.618618618618618665e-01 3.235656301146512814e-01
8.648648648648649129e-01 3.234402184069602448e-01
8.678678678678678482e-01 3.233149519961233120e-01
8.708708708708708945e-01 3.231898303990224375e-01
8.738738738738738299e-01 3.230648531349202268e-01
8.768768768768768762e-01 3.229400197254447824e-01
8.798798798798799226e-01 3.228153296945740491e-01
8.828828828828828579e-01 3.226907825686217146e-01
8.858858858858859042e-01 3.225663778762205558e-01
8.888888888888888395e-01 3.224421151483090608e-01
8.918918918918918859e-01 3.223179939181157749e-01
8.948948948948949322e-01 3.221940137211448674e-01
8.978978978978978676e-01 3.220701740951617542e-01
9.009009009009009139e-01 3.219464745801781658e-01
9.039039039039038492e-01 3.218229147184387129e-01
9.069069069069068956e-01 3.216994940544056214e-01
9.099099099099099419e-01 3.215762121347452984e-01
9.129129129129128772e-01 3.214530685083144546e-01
9.159159159159159236e-01 3.213300627261456710e-01
9.189189189189188589e-01 3.212071943414342434e-01
9.219219219219219053e-01 3.210844629095239711e-01
9.249249249249249516e-01 3.209618679878941117e-01
9.279279279279278869e-01 3.208394091361457257e-01
9.309309309309309333e-01 3.207170859159879650e-01
9.339339339339339796e-01 3.205948978912256941e-01
9.369369369369369149e-01 3.204728446277456122e-01
9.399399399399399613e-01 3.203509256935035965e-01
9.429429429429428966e-01 3.202291406585116018e-01
9.459459459459459429e-01 3.201074890948250040e-01
9.489489489489489893e-01 3.199859705765296658e-01
9.519519519519519246e-01 3.198645846797296688e-01
9.549549549549549710e-01 3.197433309825343239e-01
9.579579579579579063e-01 3.196222090650460146e-01
9.609609609609609526e-01 3.195012185093480395e-01
9.639639639639639990e-01 3.193803588994919562e-01
9.669669669669669343e-01 3.192596298214854800e-01
9.699699699699699806e-01 3.191390308632810480e-01
9.729729729729729160e-01 3.190185616147629410e-01
9.759759759759759623e-01 3.188982216677362369e-01
9.789789789789790087e-01 3.187780106159145421e-01
9.819819819819819440e-01 3.186579280549082238e-01
9.849849849849849903e-01 3.185379735822132519e-01
9.879879879879879256e-01 3.184181467971996526e-01
9.909909909909909720e-01 3.182984473010992965e-01
9.939939939939940183e-01 3.181788746969956838e-01
9.969969969969969537e-01 3.180594285898121765e-01
1.000000000000000000e+00 3.179401085863003962e-01
1.003003003003003046e+00 3.178209142950301214e-01
1.006006006006006093e+00 3.177018453263771858e-01
1.009009009009008917e+00 3.175829012925135975e-01
1.012012012012011963e+00 3.174640818073960480e-01
1.015015015015015010e+00 3.173453864867550323e-01
1.018018018018018056e+00 3.172268149480853006e-01
1.021021021021021102e+00 3.171083668106334796e-01
1.024024024024023927e+00 3.169900416953891908e-01
1.027027027027026973e+00 3.168718392250738369e-01
1.030030030030030019e+00 3.167537590241304990e-01
1.033033033033033066e+00 3.166358007187128898e-01
1.036036036036036112e+00 3.165179639366765829e-01
1.039039039039038936e+00 3.164002483075676886e-01
1.042042042042041983e+00 3.162826534626134167e-01
1.045045045045045029e+00 3.161651790347117519e-01
1.048048048048048075e+00 3.160478246584217943e-01
1.051051051051051122e+00 3.159305899699536013e-01
1.054054054054053946e+00 3.158134746071589727e-01
1.057057057057056992e+00 3.156964782095212363e-01
1.060060060060060039e+00 3.155796004181461445e-01
1.063063063063063085e+00 3.154628408757515490e-01
1.066066066066066131e+00 3.153461992266587965e-01
1.069069069069068956e+00 3.152296751167828481e-01
1.072072072072072002e+00 3.151132681936228974e-01
1.075075075075075048e+00 3.149969781062535445e-01
1.078078078078078095e+00 3.148808045053149707e-01
1.081081081081081141e+00 3.147647470430042227e-01
1.084084084084083965e+00 3.146488053730660539e-01
1.087087087087087012e+00 3.145329791507842088e-01
1.090090090090090058e+00 3.144172680329714864e-01
1.093093093093093104e+00 3.143016716779621356e-01
1.096096096096096151e+00 3.141861897456025288e-01
1.099099099099099197e+00 3.140708218972418919e-01
1.102102102102102021e+00 3.139555677957246993e-01
1.105105105105105068e+00 3.138404271053808481e-01
1.108108108108108114e+00 3.137253994920181643e-01
1.111111111111111160e+00 3.136104846229133547e-01
1.114114114114114207e+00 3.134956821668033466e-01
1.117117117117117031e+00 3.133809917938777390e-01
1.120120120120120077e+00 3.132664131757696424e-01
1.123123123123123124e+00 3.131519459855477971e-01
1.126126126126126170e+00 3.130375898977085236e-01
1.129129129129129216e+00 3.129233445881671183e-01
1.132132132132132041e+00 3.128092097342504152e-01
1.135135135135135087e+00 3.126951850146879597e-01
1.138138138138138133e+00 3.125812701096047919e-01
1.141141141141141180e+00 3.124674647005131756e-01
1.144144144144144226e+00 3.123537684703048267e-01
1.147147147147147050e+00 3.122401811032428642e-01
1.150150150150150097e+00 3.121267022849544825e-01
1.153153153153153143e+00 3.120133317024229025e-01
1.156156156156156189e+00 3.119000690439801549e-01
1.159159159159159236e+00 3.117869139992990313e-01
1.162162162162162060e+00 3.116738662593857012e-01
1.165165165165165106e+00 3.115609255165724401e-01
1.168168168168168153e+00 3.114480914645099685e-01
1.171171171171171199e+00 3.113353637981602362e-01
1.174174174174174246e+00 3.112227422137888166e-01
1.177177177177177070e+00 3.111102264089581348e-01
1.180180180180180116e+00 3.109978160825198623e-01
1.183183183183183163e+00 3.108855109346075896e-01
1.186186186186186209e+00 3.107733106666304423e-01
1.189189189189189255e+00 3.106612149812650325e-01
1.192192192192192080e+00 3.105492235824490743e-01
1.195195195195195126e+00 3.104373361753745564e-01
1.198198198198198172e+00 3.103255524664801923e-01
1.201201201201201219e+00 3.102138721634448704e-01
1.204204204204204265e+00 3.101022949751808810e-01
1.207207207207207089e+00 3.099908206118273668e-01
1.210210210210210136e+00 3.098794487847428281e-01
1.213213213213213182e+00 3.097681792064990725e-01
1.216216216216216228e+00 3.096570115908744425e-01
1.219219219219219275e+00 3.095459456528469877e-01
1.222222222222222321e+00 3.094349811085884139e-01
1.225225225225225145e+00 3.093241176754568666e-01
1.228228228228228192e+00 3.092133550719909363e-01
1.231231231231231238e+00 3.091026930179032739e-01
1.234234234234234284e+00 3.089921312340739856e-01
1.237237237237237331e+00 3.088816694425442488e-01
1.240240240240240155e+00 3.087713073665103169e-01
1.243243243243243201e+00 3.086610447303170801e-01
1.246246246246246248e+00 3.085508812594516814e-01
1.249249249249249294e+00 3.084408166805377993e-01
1.252252252252252340e+00 3.083308507213290417e-01
1.255255255255255165e+00 3.082209831107033393e-01
1.258258258258258211e+00 3.081112135786562845e-01
1.261261261261261257e+00 3.080015418562958018e-01
1.264264264264264304e+00 3.078919676758355983e-01
1.267267267267267350e+00 3.077824907705897228e-01
1.270270270270270174e+00 3.076731108749663490e-01
1.273273273273273221e+00 3.075638277244622798e-01
1.276276276276276267e+00 3.074546410556563969e-01
1.279279279279279313e+00 3.073455506062048870e-01
1.282282282282282360e+00 3.072365561148348023e-01
1.285285285285285184e+00 3.071276573213386762e-01
1.288288288288288230e+00 3.070188539665686944e-01
1.291291291291291277e+00 3.069101457924313103e-01
1.294294294294294323e+00 3.068015325418812500e-01
1.297297297297297369e+00 3.066930139589165716e-01
1.300300300300300194e+00 3.065845897885726146e-01
1.303303303303303240e+00 3.064762597769169483e-01
1.306306306306306286e+00 3.063680236710434324e-01
1.309309309309309333e+00 3.062598812190673314e-01
1.312312312312312379e+00 3.061518321701196532e-01
1.315315315315315203e+00 3.060438762743420971e-01
1.318318318318318250e+00 3.059360132828812806e-01
1.321321321321321296e+00 3.058282429478838549e-01
1.324324324324324342e+00 3.057205650224913418e-01
1.327327327327327389e+00 3.056129792608345830e-01
1.330330330330330213e+00 3.055054854180291324e-01
1.333333333333333259e+00 3.053980832501692610e-01
1.336336336336336306e+00 3.052907725143239603e-01
1.339339339339339352e+00 3.051835529685308357e-01
1.342342342342342398e+00 3.050764243717918323e-01
1.345345345345345223e+00 3.049693864840681834e-01
1.348348348348348269e+00 3.048624390662747485e-01
1.351351351351351315e+00 3.047555818802757943e-01
1.354354354354354362e+00 3.046488146888800541e-01
1.357357357357357408e+00 3.045421372558356210e-01
1.360360360360360454e+00 3.044355493458250073e-01
1.363363363363363279e+00 3.043290507244605925e-01
1.366366366366366325e+00 3.042226411582800716e-01
1.369369369369369371e+00 3.041163204147409038e-01
1.372372372372372418e+00 3.040100882622164824e-01
1.375375375375375464e+00 3.039039444699910275e-01
1.378378378378378288e+00 3.037978888082550344e-01
1.381381381381381335e+00 3.036919210481002218e-01
1.384384384384384381e+00 3.035860409615159239e-01
1.387387387387387427e+00 3.034802483213837054e-01
1.390390390390390474e+00 3.033745429014727546e-01
1.393393393393393298e+00 3.032689244764360526e-01
1.396396396396396344e+00 3.031633928218053220e-01
1.399399399399399391e+00 3.030579477139868638e-01
1.402402402402402437e+00 3.029525889302570052e-01
1.405405405405405483e+00 3.028473162487577142e-01
1.408408408408408308e+00 3.027421294484923808e-01
1.411411411411411354e+00 3.026370283093212099e-01
1.414414414414414400e+00 3.025320126119570574e-01
1.417417417417417447e+00 3.024270821379613783e-01
1.420420420420420493e+00 3.023222366697394525e-01
1.423423423423423317e+00 3.022174759905367214e-01
1.426426426426426364e+00 3.021127998844340135e-01
1.429429429429429410e+00 3.020082081363439364e-01
1.432432432432432456e+00 3.019037005320062139e-01
1.435435435435435503e+00 3.017992768579839669e-01
1.438438438438438327e+00 3.016949369016592164e-01
1.441441441441441373e+00 3.015906804512293315e-01
1.444444444444444420e+00 3.014865072957023662e-01
1.447447447447447466e+00 3.013824172248935618e-01
1.450450450450450512e+00 3.012784100294210732e-01
1.453453453453453337e+00 3.011744855007018606e-01
1.456456456456456383e+00 3.010706434309483037e-01
1.459459459459459429e+00 3.009668836131635938e-01
1.462462462462462476e+00 3.008632058411381260e-01
1.465465465465465522e+00 3.007596099094458353e-01
1.468468468468468346e+00 3.006560956134400331e-01
1.471471471471471393e+00 3.005526627492495217e-01
1.474474474474474439e+00 3.004493111137751526e-01
1.477477477477477485e+00 3.003460405046858295e-01
1.480480480480480532e+00 3.002428507204145669e-01
1.483483483483483578e+00 3.001397415601551044e-01
1.486486486486486402e+00 3.000367128238578540e-01
1.489489489489489449e+00 2.999337643122266805e-01
1.492492492492492495e+00 2.998308958267145163e-01
1.495495495495495542e+00 2.997281071695203081e-01
1.498498498498498588e+00 2.996253981435852420e-01
1.501501501501501412e+00 2.995227685525891914e-01
1.504504504504504458e+00 2.994202182009467195e-01
1.507507507507507505e+00 2.993177468938040819e-01
1.510510510510510551e+00 2.992153544370354523e-01
1.513513513513513598e+00 2.991130406372393136e-01
1.516516516516516422e+00 2.990108053017349610e-01
1.519519519519519468e+00 2.989086482385592825e-01
1.522522522522522515e+00 2.988065692564630949e-01
1.525525525525525561e+00 2.987045681649075357e-01
1.528528528528528607e+00 2.986026447740611767e-01
1.531531531531531432e+00 2.985007988947961377e-01
1.534534534534534478e+00 2.983990303386848675e-01
1.537537537537537524e+00 2.982973389179969792e-01
1.540540540540540571e+00 2.981957244456952538e-01
1.543543543543543617e+00 2.980941867354335861e-01
1.546546546546546441e+00 2.979927256015522108e-01
1.549549549549549488e+00 2.978913408590756484e-01
1.552552552552552534e+00 2.977900323237087088e-01
1.555555555555555580e+00 2.976887998118333267e-01
1.558558558558558627e+00 2.975876431405060085e-01
1.561561561561561451e+00 2.974865621274536687e-01
1.564564564564564497e+00 2.973855565910710208e-01
1.567567567567567544e+00 2.972846263504175801e-01
1.570570570570570590e+00 2.971837712252139441e-01
1.573573573573573636e+00 2.970829910358391834e-01
1.576576576576576461e+00 2.969822856033274006e-01
1.579579579579579507e+00 2.968816547493648428e-01
1.582582582582582553e+00 2.967810982962867383e-01
1.585585585585585600e+00 2.966806160670744097e-01
1.588588588588588646e+00 2.965802078853520540e-01
1.591591591591591470e+00 2.964798735753835790e-01
1.594594594594594517e+00 2.963796129620701603e-01
1.597597597597597563e+00 2.962794258709467998e-01
1.600600600600600609e+00 2.961793121281791619e-01
1.603603603603603656e+00 2.960792715605615189e-01
1.606606606606606702e+00 2.959793039955129212e-01
1.609609609609609526e+00 2.958794092610745885e-01
1.612612612612612573e+00 2.957795871859070225e-01
1.615615615615615619e+00 2.956798375992875094e-01
1.618618618618618665e+00 2.955801603311064008e-01
1.621621621621621712e+00 2.954805552118652812e-01
1.624624624624624536e+00 2.953810220726729163e-01
1.627627627627627582e+00 2.952815607452441427e-01
1.630630630630630629e+00 2.951821710618952044e-01
1.633633633633633675e+00 2.950828528555424213e-01
1.636636636636636721e+00 2.949836059596985249e-01
1.639639639639639546e+00 2.948844302084703828e-01
1.642642642642642592e+00 2.947853254365562781e-01
1.645645645645645638e+00 2.946862914792428012e-01
1.648648648648648685e+00 2.945873281724023518e-01
1.651651651651651731e+00 2.944884353524909182e-01
1.654654654654654555e+00 2.943896128565445802e-01
1.657657657657657602e+00 2.942908605221775664e-01
1.660660660660660648e+00 2.941921781875789232e-01
1.663663663663663694e+00 2.940935656915106833e-01
1.666666666666666741e+00 2.939950228733045345e-01
1.669669669669669565e+00 2.938965495728598776e-01
1.672672672672672611e+00 2.937981456306407169e-01
1.675675675675675658e+00 2.936998108876731628e-01
1.678678678678678704e+00 2.936015451855433223e-01
1.681681681681681750e+00 2.935033483663941345e-01
1.684684684684684575e+00 2.934052202729234837e-01
1.687687687687687621e+00 2.933071607483810905e-01
1.690690690690690667e+00 2.932091696365665134e-01
1.693693693693693714e+00 2.931112467818263179e-01
1.696696696696696760e+00 2.930133920290518001e-01
1.699699699699699584e+00 2.929156052236764896e-01
1.702702702702702631e+00 2.928178862116737058e-01
1.705705705705705677e+00 2.927202348395541720e-01
1.708708708708708723e+00 2.926226509543635168e-01
1.711711711711711770e+00 2.925251344036798873e-01
1.714714714714714594e+00 2.924276850356117841e-01
1.717717717717717640e+00 2.923303026987952302e-01
1.720720720720720687e+00 2.922329872423919395e-01
1.723723723723723733e+00 2.921357385160865405e-01
1.726726726726726779e+00 2.920385563700846898e-01
1.729729729729729826e+00 2.919414406551102403e-01
1.732732732732732650e+00 2.918443912224033543e-01
1.735735735735735696e+00 2.917474079237179496e-01
1.738738738738738743e+00 2.916504906113194795e-01
1.741741741741741789e+00 2.915536391379828229e-01
1.744744744744744835e+00 2.914568533569899533e-01
1.747747747747747660e+00 2.913601331221273849e-01
1.750750750750750706e+00 2.912634782876845629e-01
1.753753753753753752e+00 2.911668887084510327e-01
1.756756756756756799e+00 2.910703642397145519e-01
1.759759759759759845e+00 2.909739047372588150e-01
1.762762762762762669e+00 2.908775100573614547e-01
1.765765765765765716e+00 2.907811800567915994e-01
1.768768768768768762e+00 2.906849145928077083e-01
1.771771771771771808e+00 2.905887135231557949e-01
1.774774774774774855e+00 2.904925767060668185e-01
1.777777777777777679e+00 2.903965040002550180e-01
1.780780780780780725e+00 2.903004952649152481e-01
1.783783783783783772e+00 2.902045503597214804e-01
1.786786786786786818e+00 2.901086691448244159e-01
1.789789789789789864e+00 2.900128514808490987e-01
1.792792792792792689e+00 2.899170972288936388e-01
1.795795795795795735e+00 2.898214062505263811e-01
1.798798798798798781e+00 2.897257784077844067e-01
1.801801801801801828e+00 2.896302135631710351e-01
1.804804804804804874e+00 2.895347115796542692e-01
1.807807807807807698e+00 2.894392723206641871e-01
1.810810810810810745e+00 2.893438956500918868e-01
1.813813813813813791e+00 2.892485814322863780e-01
1.816816816816816837e+00 2.891533295320533603e-01
1.819819819819819884e+00 2.890581398146532255e-01
1.822822822822822708e+00 2.889630121457985035e-01
1.825825825825825754e+00 2.888679463916526968e-01
1.828828828828828801e+00 2.887729424188278382e-01
1.831831831831831847e+00 2.886780000943827140e-01
1.834834834834834894e+00 2.885831192858208660e-01
1.837837837837837718e+00 2.884882998610889260e-01
1.840840840840840764e+00 2.883935416885743397e-01
1.843843843843843811e+00 2.882988446371038682e-01
1.846846846846846857e+00 2.882042085759414229e-01
1.849849849849849903e+00 2.881096333747864557e-01
1.852852852852852727e+00 2.880151189037717940e-01
1.855855855855855774e+00 2.879206650334621420e-01
1.858858858858858820e+00 2.878262716348518602e-01
1.861861861861861867e+00 2.877319385793636886e-01
1.864864864864864913e+00 2.876376657388461378e-01
1.867867867867867959e+00 2.875434529855726007e-01
1.870870870870870784e+00 2.874493001922386881e-01
1.873873873873873830e+00 2.873552072319610629e-01
1.876876876876876876e+00 2.872611739782753304e-01
1.879879879879879923e+00 2.871672003051346511e-01
1.882882882882882969e+00 2.870732860869072978e-01
1.885885885885885793e+00 2.869794311983756563e-01
1.888888888888888840e+00 2.868856355147340609e-01
1.891891891891891886e+00 2.867918989115869621e-01
1.894894894894894932e+00 2.866982212649477058e-01
1.897897897897897979e+00 2.866046024512362012e-01
1.900900900900900803e+00 2.865110423472777557e-01
1.903903903903903849e+00 2.864175408303009096e-01
1.906906906906906896e+00 2.863240977779362706e-01
1.909909909909909942e+00 2.862307130682144041e-01
1.912912912912912988e+00 2.861373865795641125e-01
1.915915915915915813e+00 2.860441181908112696e-01
1.918918918918918859e+00 2.859509077811767663e-01
1.921921921921921905e+00 2.858577552302747904e-01
1.924924924924924952e+00 2.857646604181117156e-01
1.927927927927927998e+00 2.856716232250837706e-01
1.930930930930930822e+00 2.855786435319760397e-01
1.933933933933933869e+00 2.854857212199604088e-01
1.936936936936936915e+00 2.853928561705941780e-01
1.939939939939939961e+00 2.853000482658186177e-01
1.942942942942943008e+00 2.852072973879569151e-01
1.945945945945945832e+00 2.851146034197130086e-01
1.948948948948948878e+00 2.850219662441699220e-01
1.951951951951951925e+00 2.849293857447882106e-01
1.954954954954954971e+00 2.848368618054041290e-01
1.957957957957958017e+00 2.847443943102287989e-01
1.960960960960960842e+00 2.846519831438455439e-01
1.963963963963963888e+00 2.845596281912097236e-01
1.966966966966966934e+00 2.844673293376458467e-01
1.969969969969969981e+00 2.843750864688472380e-01
1.972972972972973027e+00 2.842828994708736512e-01
1.975975975975975851e+00 2.841907682301503257e-01
1.978978978978978898e+00 2.840986926334661544e-01
1.981981981981981944e+00 2.840066725679725179e-01
1.984984984984984990e+00 2.839147079211816194e-01
1.987987987987988037e+00 2.838227985809646525e-01
1.990990990990991083e+00 2.837309444355513022e-01
1.993993993993993907e+00 2.836391453735273571e-01
1.996996996996996954e+00 2.835474012838336000e-01
2.000000000000000000e+00 2.834557120557645304e-01
2.003003003003002824e+00 2.833640775789667554e-01
2.006006006006006093e+00 2.832724977434374902e-01
2.009009009009008917e+00 2.831809724395233374e-01
2.012012012012012185e+00 2.830895015579187324e-01
2.015015015015015010e+00 2.829980849896646666e-01
2.018018018018017834e+00 2.829067226261471890e-01
2.021021021021021102e+00 2.828154143590960179e-01
2.024024024024023927e+00 2.827241600805832089e-01
2.027027027027027195e+00 2.826329596830217672e-01
2.030030030030030019e+00 2.825418130591643151e-01
2.033033033033032844e+00 2.824507201021014824e-01
2.036036036036036112e+00 2.823596807052609625e-01
2.039039039039038936e+00 2.822686947624060694e-01
2.042042042042042205e+00 2.821777621676337944e-01
2.045045045045045029e+00 2.820868828153745844e-01
2.048048048048047853e+00 2.819960566003899549e-01
2.051051051051051122e+00 2.819052834177718236e-01
2.054054054054053946e+00 2.818145631629406789e-01
2.057057057057057214e+00 2.817238957316450798e-01
2.060060060060060039e+00 2.816332810199593251e-01
2.063063063063062863e+00 2.815427189242831196e-01
2.066066066066066131e+00 2.814522093413394099e-01
2.069069069069068956e+00 2.813617521681738842e-01
2.072072072072072224e+00 2.812713473021531407e-01
2.075075075075075048e+00 2.811809946409638550e-01
2.078078078078077873e+00 2.810906940826109479e-01
2.081081081081081141e+00 2.810004455254170308e-01
2.084084084084083965e+00 2.809102488680204068e-01
2.087087087087087234e+00 2.808201040093746825e-01
2.090090090090090058e+00 2.807300108487464918e-01
2.093093093093092882e+00 2.806399692857152184e-01
2.096096096096096151e+00 2.805499792201713860e-01
2.099099099099098975e+00 2.804600405523151041e-01
2.102102102102102243e+00 2.803701531826556792e-01
2.105105105105105068e+00 2.802803170120093945e-01
2.108108108108107892e+00 2.801905319414990658e-01
2.111111111111111160e+00 2.801007978725525982e-01
2.114114114114113985e+00 2.800111147069017092e-01
2.117117117117117253e+00 2.799214823465809299e-01
2.120120120120120077e+00 2.798319006939260500e-01
2.123123123123122902e+00 2.797423696515737301e-01
2.126126126126126170e+00 2.796528891224592805e-01
2.129129129129128994e+00 2.795634590098162731e-01
2.132132132132132263e+00 2.794740792171751531e-01
2.135135135135135087e+00 2.793847496483621851e-01
2.138138138138137911e+00 2.792954702074977869e-01
2.141141141141141180e+00 2.792062407989962525e-01
2.144144144144144004e+00 2.791170613275640311e-01
2.147147147147147273e+00 2.790279316981985058e-01
2.150150150150150097e+00 2.789388518161874386e-01
2.153153153153152921e+00 2.788498215871071939e-01
2.156156156156156189e+00 2.787608409168222945e-01
2.159159159159159014e+00 2.786719097114835897e-01
2.162162162162162282e+00 2.785830278775277558e-01
2.165165165165165106e+00 2.784941953216759081e-01
2.168168168168167931e+00 2.784054119509325464e-01
2.171171171171171199e+00 2.783166776725844449e-01
2.174174174174174023e+00 2.782279923941998745e-01
2.177177177177177292e+00 2.781393560236266604e-01
2.180180180180180116e+00 2.780507684689924042e-01
2.183183183183183385e+00 2.779622296387023739e-01
2.186186186186186209e+00 2.778737394414388384e-01
2.189189189189189033e+00 2.777852977861599015e-01
2.192192192192192302e+00 2.776969045820986692e-01
2.195195195195195126e+00 2.776085597387618620e-01
2.198198198198198394e+00 2.775202631659292041e-01
2.201201201201201219e+00 2.774320147736518694e-01
2.204204204204204043e+00 2.773438144722520371e-01
2.207207207207207311e+00 2.772556621723211712e-01
2.210210210210210136e+00 2.771675577847196870e-01
2.213213213213213404e+00 2.770795012205754526e-01
2.216216216216216228e+00 2.769914923912832339e-01
2.219219219219219053e+00 2.769035312085029177e-01
2.222222222222222321e+00 2.768156175841594568e-01
2.225225225225225145e+00 2.767277514304411490e-01
2.228228228228228414e+00 2.766399326597989150e-01
2.231231231231231238e+00 2.765521611849455219e-01
2.234234234234234062e+00 2.764644369188540840e-01
2.237237237237237331e+00 2.763767597747575633e-01
2.240240240240240155e+00 2.762891296661474927e-01
2.243243243243243423e+00 2.762015465067731990e-01
2.246246246246246248e+00 2.761140102106406924e-01
2.249249249249249072e+00 2.760265206920118342e-01
2.252252252252252340e+00 2.759390778654032816e-01
2.255255255255255165e+00 2.758516816455857112e-01
2.258258258258258433e+00 2.757643319475823751e-01
2.261261261261261257e+00 2.756770286866687680e-01
2.264264264264264082e+00 2.755897717783714618e-01
2.267267267267267350e+00 2.755025611384669948e-01
2.270270270270270174e+00 2.754153966829812061e-01
2.273273273273273443e+00 2.753282783281881252e-01
2.276276276276276267e+00 2.752412059906091391e-01
2.279279279279279091e+00 2.751541795870119378e-01
2.282282282282282360e+00 2.750671990344099038e-01
2.285285285285285184e+00 2.749802642500608352e-01
2.288288288288288452e+00 2.748933751514663348e-01
2.291291291291291277e+00 2.748065316563707006e-01
2.294294294294294101e+00 2.747197336827603142e-01
2.297297297297297369e+00 2.746329811488620876e-01
2.300300300300300194e+00 2.745462739731436841e-01
2.303303303303303462e+00 2.744596120743113543e-01
2.306306306306306286e+00 2.743729953713102687e-01
2.309309309309309111e+00 2.742864237833226859e-01
2.312312312312312379e+00 2.741998972297673975e-01
2.315315315315315203e+00 2.741134156302991731e-01
2.318318318318318472e+00 2.740269789048074833e-01
2.321321321321321296e+00 2.739405869734160559e-01
2.324324324324324120e+00 2.738542397564812658e-01
2.327327327327327389e+00 2.737679371745921353e-01
2.330330330330330213e+00 2.736816791485692790e-01
2.333333333333333481e+00 2.735954655994633500e-01
2.336336336336336306e+00 2.735092964485552613e-01
2.339339339339339130e+00 2.734231716173545768e-01
2.342342342342342398e+00 2.733370910275991772e-01
2.345345345345345223e+00 2.732510546012538177e-01
2.348348348348348491e+00 2.731650622605100165e-01
2.351351351351351315e+00 2.730791139277848334e-01
2.354354354354354140e+00 2.729932095257198710e-01
2.357357357357357408e+00 2.729073489771809968e-01
2.360360360360360232e+00 2.728215322052571778e-01
2.363363363363363501e+00 2.727357591332595921e-01
2.366366366366366325e+00 2.726500296847211291e-01
2.369369369369369149e+00 2.725643437833952243e-01
2.372372372372372418e+00 2.724787013532553592e-01
2.375375375375375242e+00 2.723931023184942846e-01
2.378378378378378510e+00 2.723075466035230208e-01
2.381381381381381335e+00 2.722220341329700810e-01
2.384384384384384159e+00 2.721365648316808605e-01
2.387387387387387427e+00 2.720511386247168595e-01
2.390390390390390252e+00 2.719657554373546282e-01
2.393393393393393520e+00 2.718804151950852677e-01
2.396396396396396344e+00 2.717951178236137633e-01
2.399399399399399169e+00 2.717098632488576526e-01
2.402402402402402437e+00 2.716246513969469145e-01
2.405405405405405261e+00 2.715394821942229142e-01
2.408408408408408530e+00 2.714543555672376818e-01
2.411411411411411354e+00 2.713692714427530239e-01
2.414414414414414178e+00 2.712842297477400799e-01
2.417417417417417447e+00 2.711992304093781558e-01
2.420420420420420271e+00 2.711142733550546136e-01
2.423423423423423539e+00 2.710293585123633164e-01
2.426426426426426364e+00 2.709444858091046848e-01
2.429429429429429188e+00 2.708596551732843638e-01
2.432432432432432456e+00 2.707748665331128346e-01
2.435435435435435281e+00 2.706901198170044709e-01
2.438438438438438549e+00 2.706054149535772058e-01
2.441441441441441373e+00 2.705207518716512549e-01
2.444444444444444642e+00 2.704361305002487836e-01
2.447447447447447466e+00 2.703515507685931851e-01
2.450450450450450290e+00 2.702670126061080258e-01
2.453453453453453559e+00 2.701825159424169343e-01
2.456456456456456383e+00 2.700980607073423800e-01
2.459459459459459651e+00 2.700136468309050075e-01
2.462462462462462476e+00 2.699292742433234138e-01
2.465465465465465300e+00 2.698449428750128165e-01
2.468468468468468568e+00 2.697606526565847207e-01
2.471471471471471393e+00 2.696764035188463637e-01
2.474474474474474661e+00 2.695921953927997161e-01
2.477477477477477485e+00 2.695080282096408708e-01
2.480480480480480310e+00 2.694239019007594327e-01
2.483483483483483578e+00 2.693398163977379633e-01
2.486486486486486402e+00 2.692557716323509820e-01
2.489489489489489671e+00 2.691717675365645213e-01
2.492492492492492495e+00 2.690878040425357387e-01
2.495495495495495319e+00 2.690038810826112514e-01
2.498498498498498588e+00 2.689199985893278022e-01
2.501501501501501412e+00 2.688361564954107608e-01
2.504504504504504681e+00 2.687523547337735130e-01
2.507507507507507505e+00 2.686685932375171282e-01
2.510510510510510329e+00 2.685848719399294704e-01
2.513513513513513598e+00 2.685011907744844772e-01
2.516516516516516422e+00 2.684175496748419376e-01
2.519519519519519690e+00 2.683339485748463815e-01
2.522522522522522515e+00 2.682503874085266360e-01
2.525525525525525339e+00 2.681668661100952700e-01
2.528528528528528607e+00 2.680833846139475951e-01
2.531531531531531432e+00 2.679999428546617213e-01
2.534534534534534700e+00 2.679165407669972243e-01
2.537537537537537524e+00 2.678331782858948684e-01
2.540540540540540349e+00 2.677498553464758291e-01
2.543543543543543617e+00 2.676665718840413599e-01
2.546546546546546441e+00 2.675833278340719046e-01
2.549549549549549710e+00 2.675001231322264306e-01
2.552552552552552534e+00 2.674169577143420962e-01
2.555555555555555358e+00 2.673338315164335288e-01
2.558558558558558627e+00 2.672507444746918814e-01
2.561561561561561451e+00 2.671676965254848879e-01
2.564564564564564719e+00 2.670846876053555863e-01
2.567567567567567544e+00 2.670017176510223189e-01
2.570570570570570368e+00 2.669187865993774555e-01
2.573573573573573636e+00 2.668358943874876155e-01
2.576576576576576461e+00 2.667530409525923352e-01
2.579579579579579729e+00 2.666702262321039019e-01
2.582582582582582553e+00 2.665874501636066318e-01
2.585585585585585378e+00 2.665047126848563708e-01
2.588588588588588646e+00 2.664220137337797167e-01
2.591591591591591470e+00 2.663393532484736870e-01
2.594594594594594739e+00 2.662567311672049408e-01
2.597597597597597563e+00 2.661741474284093356e-01
2.600600600600600387e+00 2.660916019706913160e-01
2.603603603603603656e+00 2.660090947328232480e-01
2.606606606606606480e+00 2.659266256537449746e-01
2.609609609609609748e+00 2.658441946725632610e-01
2.612612612612612573e+00 2.657618017285512946e-01
2.615615615615615397e+00 2.656794467611475197e-01
2.618618618618618665e+00 2.655971297099561923e-01
2.621621621621621490e+00 2.655148505147457705e-01
2.624624624624624758e+00 2.654326091154490808e-01
2.627627627627627582e+00 2.653504054521622635e-01
2.630630630630630407e+00 2.652682394651445508e-01
2.633633633633633675e+00 2.651861110948174338e-01
2.636636636636636499e+00 2.651040202817646074e-01
2.639639639639639768e+00 2.650219669667308042e-01
2.642642642642642592e+00 2.649399510906217392e-01
2.645645645645645416e+00 2.648579725945033325e-01
2.648648648648648685e+00 2.647760314196012654e-01
2.651651651651651509e+00 2.646941275073003141e-01
2.654654654654654777e+00 2.646122607991440168e-01
2.657657657657657602e+00 2.645304312368341737e-01
2.660660660660660426e+00 2.644486387622299040e-01
2.663663663663663694e+00 2.643668833173475341e-01
2.666666666666666519e+00 2.642851648443600987e-01
2.669669669669669787e+00 2.642034832855964521e-01
2.672672672672672611e+00 2.641218385835411575e-01
2.675675675675675436e+00 2.640402306808336541e-01
2.678678678678678704e+00 2.639586595202678687e-01
2.681681681681681528e+00 2.638771250447919936e-01
2.684684684684684797e+00 2.637956271975072098e-01
2.687687687687687621e+00 2.637141659216678535e-01
2.690690690690690445e+00 2.636327411606810278e-01
2.693693693693693714e+00 2.635513528581055476e-01
2.696696696696696538e+00 2.634700009576514401e-01
2.699699699699699806e+00 2.633886854031801672e-01
2.702702702702702631e+00 2.633074061387031817e-01
2.705705705705705899e+00 2.632261631083822606e-01
2.708708708708708723e+00 2.631449562565285061e-01
2.711711711711711548e+00 2.630637855276020121e-01
2.714714714714714816e+00 2.629826508662111428e-01
2.717717717717717640e+00 2.629015522171128105e-01
2.720720720720720909e+00 2.628204895252108098e-01
2.723723723723723733e+00 2.627394627355563728e-01
2.726726726726726557e+00 2.626584717933471147e-01
2.729729729729729826e+00 2.625775166439268116e-01
2.732732732732732650e+00 2.624965972327847896e-01
2.735735735735735918e+00 2.624157135055553702e-01
2.738738738738738743e+00 2.623348654080177034e-01
2.741741741741741567e+00 2.622540528860951570e-01
2.744744744744744835e+00 2.621732758858544288e-01
2.747747747747747660e+00 2.620925343535059349e-01
2.750750750750750928e+00 2.620118282354025330e-01
2.753753753753753752e+00 2.619311574780394114e-01
2.756756756756756577e+00 2.618505220280537560e-01
2.759759759759759845e+00 2.617699218322239729e-01
2.762762762762762669e+00 2.616893568374694667e-01
2.765765765765765938e+00 2.616088269908501407e-01
2.768768768768768762e+00 2.615283322395658416e-01
2.771771771771771586e+00 2.614478725309558604e-01
2.774774774774774855e+00 2.613674478124989320e-01
2.777777777777777679e+00 2.612870580318120695e-01
2.780780780780780947e+00 2.612067031366506753e-01
2.783783783783783772e+00 2.611263830749080417e-01
2.786786786786786596e+00 2.610460977946144068e-01
2.789789789789789864e+00 2.609658472439371768e-01
2.792792792792792689e+00 2.608856313711802044e-01
2.795795795795795957e+00 2.608054501247830670e-01
2.798798798798798781e+00 2.607253034533213998e-01
2.801801801801801606e+00 2.606451913055052305e-01
2.804804804804804874e+00 2.605651136301799786e-01
2.807807807807807698e+00 2.604850703763249564e-01
2.810810810810810967e+00 2.604050614930532581e-01
2.813813813813813791e+00 2.603250869296116488e-01
2.816816816816816615e+00 2.602451466353796206e-01
2.819819819819819884e+00 2.601652405598693374e-01
2.822822822822822708e+00 2.600853686527249131e-01
2.825825825825825977e+00 2.600055308637223006e-01
2.828828828828828801e+00 2.599257271427689031e-01
2.831831831831831625e+00 2.598459574399026861e-01
2.834834834834834894e+00 2.597662217052920663e-01
2.837837837837837718e+00 2.596865198892357451e-01
2.840840840840840986e+00 2.596068519421617093e-01
2.843843843843843811e+00 2.595272178146274533e-01
2.846846846846846635e+00 2.594476174573192018e-01
2.849849849849849903e+00 2.593680508210513547e-01
2.852852852852852727e+00 2.592885178567664317e-01
2.855855855855855996e+00 2.592090185155345172e-01
2.858858858858858820e+00 2.591295527485529826e-01
2.861861861861861644e+00 2.590501205071457091e-01
2.864864864864864913e+00 2.589707217427631436e-01
2.867867867867867737e+00 2.588913564069815210e-01
2.870870870870871006e+00 2.588120244515029200e-01
2.873873873873873830e+00 2.587327258281543751e-01
2.876876876876876654e+00 2.586534604888876543e-01
2.879879879879879923e+00 2.585742283857789814e-01
2.882882882882882747e+00 2.584950294710285923e-01
2.885885885885886015e+00 2.584158636969604572e-01
2.888888888888888840e+00 2.583367310160215591e-01
2.891891891891891664e+00 2.582576313807815604e-01
2.894894894894894932e+00 2.581785647439330256e-01
2.897897897897897757e+00 2.580995310582900881e-01
2.900900900900901025e+00 2.580205302767890618e-01
2.903903903903903849e+00 2.579415623524868861e-01
2.906906906906906674e+00 2.578626272385621809e-01
2.909909909909909942e+00 2.577837248883134702e-01
2.912912912912912766e+00 2.577048552551596816e-01
2.915915915915916035e+00 2.576260182926396469e-01
2.918918918918918859e+00 2.575472139544113803e-01
2.921921921921921683e+00 2.574684421942520784e-01
2.924924924924924952e+00 2.573897029660575653e-01
2.927927927927927776e+00 2.573109962238419035e-01
2.930930930930931044e+00 2.572323219217370616e-01
2.933933933933933869e+00 2.571536800139928025e-01
2.936936936936936693e+00 2.570750704549759069e-01
2.939939939939939961e+00 2.569964931991697843e-01
2.942942942942942786e+00 2.569179482011747506e-01
2.945945945945946054e+00 2.568394354157069182e-01
2.948948948948948878e+00 2.567609547975982509e-01
2.951951951951952147e+00 2.566825063017960651e-01
2.954954954954954971e+00 2.566040898833627515e-01
2.957957957957957795e+00 2.565257054974753315e-01
2.960960960960961064e+00 2.564473530994251793e-01
2.963963963963963888e+00 2.563690326446176337e-01
2.966966966966967156e+00 2.562907440885717203e-01
2.969969969969969981e+00 2.562124873869195962e-01
2.972972972972972805e+00 2.561342624954063285e-01
2.975975975975976073e+00 2.560560693698897827e-01
2.978978978978978898e+00 2.559779079663398460e-01
2.981981981981982166e+00 2.558997782408383714e-01
2.984984984984984990e+00 2.558216801495785675e-01
2.987987987987987815e+00 2.557436136488652756e-01
2.990990990990991083e+00 2.556655786951135267e-01
2.993993993993993907e+00 2.555875752448495408e-01
2.996996996996997176e+00 2.555096032547093388e-01
3.000000000000000000e+00 2.554316626814387980e-01
