0.000000000000000000e+00 1.23348e+12
4.646464646464645853e-02 1.23348e+12
9.292929292929291707e-02 1.21085e+12
1.393939393939393756e-01 1.18636e+12
1.858585858585858341e-01 1.16826e+12
2.323232323232322927e-01 1.15205e+12
2.787878787878787512e-01 1.13696e+12
3.252525252525252375e-01 1.12257e+12
3.717171717171716683e-01 1.11035e+12
4.181818181818180991e-01 1.10059e+12
4.646464646464645853e-01 1.08993e+12
5.111111111111110716e-01 1.07732e+12
5.575757575757575024e-01 1.065e+12
6.040404040404039332e-01 1.05413e+12
6.505050505050504750e-01 1.04329e+12
6.969696969696969058e-01 1.03481e+12
7.434343434343433366e-01 1.02634e+12
7.898989898989897673e-01 1.018e+12
8.363636363636361981e-01 1.00968e+12
8.828282828282827399e-01 1.00095e+12
9.292929292929291707e-01 9.92064e+11
9.757575757575756015e-01 9.85533e+11
1.022222222222222143e+00 9.80899e+11
1.068686868686868463e+00 9.75196e+11
1.115151515151515005e+00 9.67906e+11
1.161616161616161547e+00 9.60786e+11
1.208080808080807866e+00 9.54177e+11
1.254545454545454408e+00 9.4781e+11
1.301010101010100950e+00 9.43665e+11
1.347474747474747270e+00 9.39521e+11
1.393939393939393812e+00 9.3472e+11
1.440404040404040131e+00 9.29881e+11
1.486868686868686673e+00 9.25872e+11
1.533333333333333215e+00 9.2208e+11
1.579797979797979535e+00 9.17904e+11
1.626262626262626076e+00 9.13514e+11
1.672727272727272396e+00 9.09469e+11
1.719191919191918938e+00 9.05784e+11
1.765656565656565480e+00 9.02749e+11
1.812121212121211800e+00 9.0099e+11
1.858585858585858341e+00 8.99066e+11
1.905050505050504883e+00 8.96412e+11
1.951515151515151203e+00 8.9377e+11
1.997979797979797745e+00 8.91507e+11
2.044444444444444287e+00 8.89244e+11
2.090909090909090828e+00 8.88009e+11
2.137373737373736926e+00 8.86914e+11
2.183838383838383468e+00 8.85506e+11
2.230303030303030010e+00 8.83982e+11
2.276767676767676551e+00 8.82235e+11
2.323232323232323093e+00 8.80324e+11
2.369696969696969191e+00 8.79469e+11
2.416161616161615733e+00 8.80052e+11
2.462626262626262275e+00 8.8066e+11
2.509090909090908816e+00 8.81336e+11
2.555555555555555358e+00 8.81887e+11
2.602020202020201900e+00 8.81518e+11
2.648484848484847998e+00 8.81149e+11
2.694949494949494539e+00 8.80648e+11
2.741414141414141081e+00 8.80143e+11
2.787878787878787623e+00 8.81967e+11
2.834343434343434165e+00 8.8432e+11
2.880808080808080263e+00 8.86019e+11
2.927272727272726804e+00 8.87388e+11
2.973737373737373346e+00 8.89507e+11
3.020202020202019888e+00 8.92343e+11
3.066666666666666430e+00 8.95056e+11
3.113131313131312528e+00 8.97544e+11
3.159595959595959069e+00 8.99964e+11
3.206060606060605611e+00 9.02117e+11
3.252525252525252153e+00 9.04453e+11
3.298989898989898695e+00 9.09977e+11
3.345454545454544792e+00 9.15501e+11
3.391919191919191334e+00 9.23092e+11
3.438383838383837876e+00 9.30907e+11
3.484848484848484418e+00 9.38922e+11
3.531313131313130960e+00 9.47004e+11
3.577777777777777501e+00 9.57238e+11
3.624242424242423599e+00 9.6892e+11
3.670707070707070141e+00 9.8193e+11
3.717171717171716683e+00 9.96591e+11
3.763636363636363225e+00 1.01271e+12
3.810101010101009766e+00 1.03235e+12
3.856565656565655864e+00 1.05345e+12
3.903030303030302406e+00 1.08342e+12
3.949494949494948948e+00 1.11339e+12
3.995959595959595489e+00 1.15629e+12
4.042424242424242031e+00 1.19933e+12
4.088888888888888573e+00 1.25474e+12
4.135353535353535115e+00 1.31255e+12
4.181818181818181657e+00 1.38646e+12
4.228282828282827310e+00 1.46777e+12
4.274747474747473852e+00 1.56987e+12
4.321212121212120394e+00 1.6902e+12
4.367676767676766936e+00 1.8354e+12
4.414141414141413478e+00 2.02107e+12
4.460606060606060019e+00 2.23519e+12
4.507070707070706561e+00 2.5455e+12
4.553535353535353103e+00 2.83219e+12
4.599999999999999645e+00 2.83219e+12
