#CIB
#column 0 = ell, column 1 = D_ell^{ISW x y}
#D_ell = ell*(ell+1)/2pi * C_ell
2.000000000000000000e+00 5.965486552101008750e+14
3.000000000000000000e+00 1.596466762822022750e+15
5.000000000000000000e+00 5.420106362389656000e+15
7.000000000000000000e+00 1.184504303456737600e+16
1.000000000000000000e+01 2.655314673581682400e+16
1.400000000000000000e+01 5.610095147685041600e+16
1.900000000000000000e+01 1.090705272567885440e+17
2.700000000000000000e+01 2.280309055306103360e+17
3.700000000000000000e+01 4.271582607248526720e+17
5.200000000000000000e+01 7.981105813667072000e+17
7.200000000000000000e+01 1.352394055680070912e+18
1.000000000000000000e+02 2.115402006627502592e+18
1.380000000000000000e+02 3.038195119838786048e+18
1.910000000000000000e+02 4.209608044735748096e+18
2.650000000000000000e+02 5.654096383356295168e+18
3.680000000000000000e+02 6.866024519249544192e+18
5.100000000000000000e+02 7.928618049837081600e+18
7.070000000000000000e+02 8.708283025156771840e+18
9.790000000000000000e+02 9.136195464991462400e+18
1.357000000000000000e+03 9.176442162321423360e+18
1.880000000000000000e+03 8.889845294333523968e+18
2.605000000000000000e+03 8.340714927567632384e+18
3.609000000000000000e+03 7.602559249814424576e+18
4.999000000000000000e+03 6.749370090722123776e+18
