#CIB
#column 0 = ell, column 1 = D_ell^{ISW x y}
#D_ell = ell*(ell+1)/2pi * C_ell
2.000000000000000000e+00 3.673660132010473600e+17
3.000000000000000000e+00 7.347314857806696960e+17
5.000000000000000000e+00 1.836824389505418752e+18
7.000000000000000000e+00 3.428726750694696448e+18
1.000000000000000000e+01 6.734948428378727424e+18
1.400000000000000000e+01 1.285744718324574208e+19
1.900000000000000000e+01 2.326529194346159309e+19
2.700000000000000000e+01 4.628318007081286861e+19
3.700000000000000000e+01 8.606881634799591424e+19
5.200000000000000000e+01 1.686764575167027937e+20
7.200000000000000000e+01 3.215676618488055071e+20
1.000000000000000000e+02 6.174922831926971597e+20
1.380000000000000000e+02 1.171195591424820249e+21
1.910000000000000000e+02 2.233408630469221417e+21
2.650000000000000000e+02 4.272189859197918118e+21
3.680000000000000000e+02 8.154539484809662562e+21
5.100000000000000000e+02 1.538700397783921407e+22
7.070000000000000000e+02 2.866964747508866718e+22
9.790000000000000000e+02 5.221454166583518901e+22
1.357000000000000000e+03 9.270900997905639381e+22
1.880000000000000000e+03 1.600547354123279165e+23
2.605000000000000000e+03 2.707528028765960746e+23
3.609000000000000000e+03 4.489581950590562798e+23
4.999000000000000000e+03 7.269765996237611294e+23
