#CIB
#column 0 = ell, column 1 = D_ell^{ISW x y}
#D_ell = ell*(ell+1)/2pi * C_ell
2.000000000000000000e+00 1.088419648463492267e+32
3.000000000000000000e+00 2.176836659042634235e+32
5.000000000000000000e+00 5.442070544665397973e+32
7.000000000000000000e+00 1.015847259585269168e+33
1.000000000000000000e+01 1.995389596692279895e+33
1.400000000000000000e+01 3.809291513787890041e+33
1.900000000000000000e+01 6.892728077909845725e+33
2.700000000000000000e+01 1.371167838629494495e+34
3.700000000000000000e+01 2.549686621881602207e+34
5.200000000000000000e+01 4.996205404158938655e+34
7.200000000000000000e+01 9.522604896390186442e+34
1.000000000000000000e+02 1.827747747879507074e+35
1.380000000000000000e+02 3.463712272936960998e+35
1.910000000000000000e+02 6.594250454953862023e+35
2.650000000000000000e+02 1.257401947785191210e+36
3.680000000000000000e+02 2.385650737133971789e+36
5.100000000000000000e+02 4.451391559020979992e+36
7.070000000000000000e+02 8.126347951827615226e+36
9.790000000000000000e+02 1.428748121516225588e+37
1.357000000000000000e+03 2.398718674578379332e+37
1.880000000000000000e+03 3.836341398118785906e+37
2.605000000000000000e+03 5.940583257306429738e+37
3.609000000000000000e+03 8.953261190235078121e+37
4.999000000000000000e+03 1.310940811809979650e+38
