#CIB
#column 0 = ell, column 1 = D_ell^{ISW x y}
#D_ell = ell*(ell+1)/2pi * C_ell
2.000000000000000000e+00 1.347423549170656044e-04
3.000000000000000000e+00 2.694846332914100457e-04
5.000000000000000000e+00 6.737109709125208446e-04
7.000000000000000000e+00 1.257592098022620704e-03
1.000000000000000000e+01 2.470263037749689545e-03
1.400000000000000000e+01 4.715931004652061317e-03
1.900000000000000000e+01 8.533509536938018239e-03
2.700000000000000000e+01 1.697683850865141716e-02
3.700000000000000000e+01 3.157218348360807392e-02
5.200000000000000000e+01 6.188221310470233549e-02
7.200000000000000000e+01 1.179999256857612450e-01
1.000000000000000000e+02 2.266900158157164058e-01
1.380000000000000000e+02 4.303223270712281945e-01
1.910000000000000000e+02 8.219527737578508075e-01
2.650000000000000000e+02 1.577435719686991700e+00
3.680000000000000000e+02 3.030748301402661049e+00
5.100000000000000000e+02 5.793097351947119833e+00
7.070000000000000000e+02 1.106309829347258678e+01
9.790000000000000000e+02 2.104257191036034769e+01
1.357000000000000000e+03 4.001180722547410795e+01
1.880000000000000000e+03 7.576623993494726506e+01
2.605000000000000000e+03 1.428435765165961868e+02
3.609000000000000000e+03 2.672825175562189770e+02
4.999000000000000000e+03 4.944423059908650089e+02
