#CIB
#column 0 = ell, column 1 = D_ell^{ISW x y}
#D_ell = ell*(ell+1)/2pi * C_ell
2.000000000000000000e+00 3.337094471936426915e-02
3.000000000000000000e+00 9.549974065021363256e-02
5.000000000000000000e+00 3.673428327885127631e-01
7.000000000000000000e+00 8.964774437251048500e-01
1.000000000000000000e+01 2.302510435411635026e+00
1.400000000000000000e+01 5.560794549529996189e+00
1.900000000000000000e+01 1.220220334692298358e+01
2.700000000000000000e+01 2.929716765631857456e+01
3.700000000000000000e+01 6.185987231082184934e+01
5.200000000000000000e+01 1.308239035179422558e+02
7.200000000000000000e+01 2.474120428652193766e+02
1.000000000000000000e+02 4.244073355973361572e+02
1.380000000000000000e+02 6.450509329346436971e+02
1.910000000000000000e+02 9.207568575853790662e+02
2.650000000000000000e+02 1.315644126169981519e+03
3.680000000000000000e+02 1.707772320354982639e+03
5.100000000000000000e+02 1.998737525146635789e+03
7.070000000000000000e+02 2.297139913166552105e+03
9.790000000000000000e+02 2.473453322828825549e+03
1.357000000000000000e+03 2.539217463901242809e+03
1.880000000000000000e+03 2.508697780853796303e+03
2.605000000000000000e+03 2.397442421660127366e+03
3.609000000000000000e+03 2.223637657079773817e+03
4.999000000000000000e+03 2.008744077429840445e+03
