#CIB
#column 0 = ell, column 1 = D_ell^{ISW x y}
#D_ell = ell*(ell+1)/2pi * C_ell
2.000000000000000000e+00 5.024040043812424119e+04
3.000000000000000000e+00 1.395249220782315824e+05
5.000000000000000000e+00 5.080645558579770732e+05
7.000000000000000000e+00 1.182623656331472564e+06
1.000000000000000000e+01 2.867601182347535156e+06
1.400000000000000000e+01 6.541028340620771982e+06
1.900000000000000000e+01 1.361356378688474931e+07
2.700000000000000000e+01 3.069683186850488558e+07
3.700000000000000000e+01 6.115074502096381783e+07
5.200000000000000000e+01 1.210759209000657499e+08
7.200000000000000000e+01 2.145342516688143909e+08
1.000000000000000000e+02 3.462030021314069033e+08
1.380000000000000000e+02 5.059866696487393975e+08
1.910000000000000000e+02 7.132377509937361479e+08
2.650000000000000000e+02 9.825938909325436354e+08
3.680000000000000000e+02 1.205590130134798527e+09
5.100000000000000000e+02 1.408885970957901955e+09
7.070000000000000000e+02 1.558823337429192543e+09
9.790000000000000000e+02 1.648449130848839045e+09
1.357000000000000000e+03 1.665807685454357862e+09
1.880000000000000000e+03 1.622409032852244139e+09
2.605000000000000000e+03 1.529565965206529379e+09
3.609000000000000000e+03 1.400746956020099163e+09
4.999000000000000000e+03 1.249494048971313953e+09
