#CIB
#column 0 = ell, column 1 = D_ell^{ISW x y}
#D_ell = ell*(ell+1)/2pi * C_ell
2.000000000000000000e+00 4.953096874160554000e+15
3.000000000000000000e+00 1.320935456285915600e+16
5.000000000000000000e+00 4.453377473839050400e+16
7.000000000000000000e+00 9.666201439701681600e+16
1.000000000000000000e+01 2.146932634042408960e+17
1.400000000000000000e+01 4.491129337431335040e+17
1.900000000000000000e+01 8.647322742983075840e+17
2.700000000000000000e+01 1.786458267890414080e+18
3.700000000000000000e+01 3.310266785477928448e+18
5.200000000000000000e+01 6.113230560702348288e+18
7.200000000000000000e+01 1.025053673171538739e+19
1.000000000000000000e+02 1.589288791653752218e+19
1.380000000000000000e+02 2.269830719886797210e+19
1.910000000000000000e+02 3.132410936299603968e+19
2.650000000000000000e+02 4.176811829849226445e+19
3.680000000000000000e+02 5.040785633779344998e+19
5.100000000000000000e+02 5.806373916478363238e+19
7.070000000000000000e+02 6.348562876393475277e+19
9.790000000000000000e+02 6.639497001254276301e+19
1.357000000000000000e+03 6.651257453403874099e+19
1.880000000000000000e+03 6.428134526592149914e+19
2.605000000000000000e+03 6.017470756767621120e+19
3.609000000000000000e+03 5.472959816191719834e+19
4.999000000000000000e+03 4.847957381639474381e+19
