#CIB
#column 0 = ell, column 1 = D_ell^{ISW x y}
#D_ell = ell*(ell+1)/2pi * C_ell
2.000000000000000000e+00 3.019329911778593500e+15
3.000000000000000000e+00 6.038655982046518000e+15
5.000000000000000000e+00 1.509660922320677600e+16
7.000000000000000000e+00 2.818025116824390400e+16
1.000000000000000000e+01 5.535370562682740800e+16
1.400000000000000000e+01 1.056739655486147200e+17
1.900000000000000000e+01 1.912155429233711360e+17
2.700000000000000000e+01 3.804004835676872320e+17
3.700000000000000000e+01 7.074068116995900160e+17
5.200000000000000000e+01 1.386402798284077824e+18
7.200000000000000000e+01 2.643192302956894208e+18
1.000000000000000000e+02 5.076092281665333248e+18
1.380000000000000000e+02 9.629534817345708032e+18
1.910000000000000000e+02 1.836934227063996006e+19
2.650000000000000000e+02 3.516113449616959078e+19
3.680000000000000000e+02 6.719811101519040512e+19
5.100000000000000000e+02 1.270931021156477174e+20
7.070000000000000000e+02 2.378042557992295793e+20
9.790000000000000000e+02 4.362293261633298760e+20
1.357000000000000000e+03 7.833433943704485233e+20
1.880000000000000000e+03 1.373372454993676730e+21
2.605000000000000000e+03 2.366025522543183004e+21
3.609000000000000000e+03 4.004411290716776432e+21
4.999000000000000000e+03 6.632147127694141686e+21
