#CIB
#column 0 = ell, column 1 = D_ell^{ISW x y}
#D_ell = ell*(ell+1)/2pi * C_ell
2.000000000000000000e+00 2.504322175656918947e-01
3.000000000000000000e+00 5.008642473136347695e-01
5.000000000000000000e+00 1.252159115772074838e+00
7.000000000000000000e+00 2.337359475900796291e+00
1.000000000000000000e+01 4.591224268971784817e+00
1.400000000000000000e+01 8.765001423693544069e+00
1.900000000000000000e+01 1.586028259854395017e+01
2.700000000000000000e+01 3.155274487105685566e+01
3.700000000000000000e+01 5.867861643650683590e+01
5.200000000000000000e+01 1.150086315976746363e+02
7.200000000000000000e+01 2.192938138053329169e+02
1.000000000000000000e+02 4.212478365130193652e+02
1.380000000000000000e+02 7.995088257265148286e+02
1.910000000000000000e+02 1.526594332392599881e+03
2.650000000000000000e+02 2.927631775102209758e+03
3.680000000000000000e+02 5.616727592979841575e+03
5.100000000000000000e+02 1.070669507492526827e+04
7.070000000000000000e+02 2.035359822500566588e+04
9.790000000000000000e+02 3.846564361026533879e+04
1.357000000000000000e+03 7.255332283298979746e+04
1.880000000000000000e+03 1.360573029298486945e+05
2.605000000000000000e+03 2.535303644058660138e+05
3.609000000000000000e+03 4.677313509337889845e+05
4.999000000000000000e+03 8.504301548249304760e+05
