#CIB
#column 0 = ell, column 1 = D_ell^{ISW x y}
#D_ell = ell*(ell+1)/2pi * C_ell
2.000000000000000000e+00 2.508127680281008187e-01
3.000000000000000000e+00 7.150676288807605863e-01
5.000000000000000000e+00 2.732389447059446752e+00
7.000000000000000000e+00 6.631974427497827840e+00
1.000000000000000000e+01 1.692607154822587390e+01
1.400000000000000000e+01 4.063272971167759806e+01
1.900000000000000000e+01 8.867560698760638616e+01
2.700000000000000000e+01 2.115361567188577396e+02
3.700000000000000000e+01 4.439545571797896741e+02
5.200000000000000000e+01 9.323193472898310574e+02
7.200000000000000000e+01 1.750476678078063060e+03
1.000000000000000000e+02 2.981186735730221699e+03
1.380000000000000000e+02 4.508355322646306377e+03
1.910000000000000000e+02 6.427448406219963545e+03
2.650000000000000000e+02 9.156064923201101919e+03
3.680000000000000000e+02 1.179504116882175367e+04
5.100000000000000000e+02 1.381301266673717328e+04
7.070000000000000000e+02 1.579412697218078029e+04
9.790000000000000000e+02 1.697718780866756060e+04
1.357000000000000000e+03 1.739738534560296466e+04
1.880000000000000000e+03 1.716120996686059880e+04
2.605000000000000000e+03 1.637522087651102265e+04
3.609000000000000000e+03 1.516687061479032673e+04
4.999000000000000000e+03 1.368258242410504135e+04
