#CIB
#column 0 = ell, column 1 = D_ell^{ISW x y}
#D_ell = ell*(ell+1)/2pi * C_ell
2.000000000000000000e+00 4.505656955607911414e+02
3.000000000000000000e+00 1.264182659532722710e+03
5.000000000000000000e+00 4.692344603614022162e+03
7.000000000000000000e+00 1.110912512582332602e+04
1.000000000000000000e+01 2.751234258397612939e+04
1.400000000000000000e+01 6.411315054468472954e+04
1.900000000000000000e+01 1.361344477641850826e+05
2.700000000000000000e+01 3.143595133840388153e+05
3.700000000000000000e+01 6.400961098377309972e+05
5.200000000000000000e+01 1.298660355822924990e+06
7.200000000000000000e+01 2.355690414077627938e+06
1.000000000000000000e+02 3.882322374025371391e+06
1.380000000000000000e+02 5.746662020979381166e+06
1.910000000000000000e+02 8.142508375938700512e+06
2.650000000000000000e+02 1.138929631790650636e+07
3.680000000000000000e+02 1.421751954988319054e+07
5.100000000000000000e+02 1.665582443351150304e+07
7.070000000000000000e+02 1.864594417007157207e+07
9.790000000000000000e+02 1.985677770711597428e+07
1.357000000000000000e+03 2.017960295095063001e+07
1.880000000000000000e+03 1.975621650695069879e+07
2.605000000000000000e+03 1.871661242346854135e+07
3.609000000000000000e+03 1.721990817374577373e+07
4.999000000000000000e+03 1.543248965025203675e+07
