#CIB
#column 0 = ell, column 1 = D_ell^{ISW x y}
#D_ell = ell*(ell+1)/2pi * C_ell
2.000000000000000000e+00 2.771996025942321086e-04
3.000000000000000000e+00 7.997618318540870939e-04
5.000000000000000000e+00 3.120644779922668657e-03
7.000000000000000000e+00 7.706226348280020323e-03
1.000000000000000000e+01 2.006821658183729692e-02
1.400000000000000000e+01 4.911967584663520098e-02
1.900000000000000000e+01 1.091234488463251051e-01
2.700000000000000000e+01 2.659212581908069750e-01
3.700000000000000000e+01 5.695152026052517913e-01
5.200000000000000000e+01 1.224894780815040107e+00
7.200000000000000000e+01 2.358057343621468682e+00
1.000000000000000000e+02 4.119580770384150270e+00
1.380000000000000000e+02 6.345509539803866339e+00
1.910000000000000000e+02 9.086168622916922288e+00
2.650000000000000000e+02 1.306213357763993343e+01
3.680000000000000000e+02 1.730411094194385413e+01
5.100000000000000000e+02 2.020992687939795118e+01
7.070000000000000000e+02 2.354921029142839117e+01
9.790000000000000000e+02 2.545165230314645299e+01
1.357000000000000000e+03 2.624865972844891715e+01
1.880000000000000000e+03 2.603500160866407143e+01
2.605000000000000000e+03 2.497526072554627774e+01
3.609000000000000000e+03 2.324511421587174098e+01
4.999000000000000000e+03 2.106861962753454520e+01
