#CIB
#column 0 = ell, column 1 = D_ell^{ISW x y}
#D_ell = ell*(ell+1)/2pi * C_ell
2.000000000000000000e+00 2.385247141728822129e+01
3.000000000000000000e+00 4.770492495815562961e+01
5.000000000000000000e+00 1.192621693857239364e+02
7.000000000000000000e+00 2.226223157686968648e+02
1.000000000000000000e+01 4.372921632290871230e+02
1.400000000000000000e+01 8.348244879228824402e+02
1.900000000000000000e+01 1.510616112566391166e+03
2.700000000000000000e+01 3.005248164060122690e+03
3.700000000000000000e+01 5.588857771552043232e+03
5.200000000000000000e+01 1.095402155042718005e+04
7.200000000000000000e+01 2.088667692505932064e+04
1.000000000000000000e+02 4.012174955619611137e+04
1.380000000000000000e+02 7.614869632402992283e+04
1.910000000000000000e+02 1.453958177805216692e+05
2.650000000000000000e+02 2.788083552975763450e+05
3.680000000000000000e+02 5.347394896027786890e+05
5.100000000000000000e+02 1.018413229115854250e+06
7.070000000000000000e+02 1.931592895947057987e+06
9.790000000000000000e+02 3.633865055916976649e+06
1.357000000000000000e+03 6.806738448350842111e+06
1.880000000000000000e+03 1.265489522104430944e+07
2.605000000000000000e+03 2.333957332174994051e+07
3.609000000000000000e+03 4.253693179615617543e+07
4.999000000000000000e+03 7.623525817346727848e+07
