#CIB
#column 0 = ell, column 1 = D_ell^{ISW x y}
#D_ell = ell*(ell+1)/2pi * C_ell
2.000000000000000000e+00 3.292580516227466170e+00
3.000000000000000000e+00 9.328051931511001982e+00
5.000000000000000000e+00 3.523955099777030853e+01
7.000000000000000000e+00 8.470528923899361473e+01
1.000000000000000000e+01 2.136686954727231580e+02
1.400000000000000000e+01 5.070231519307817507e+02
1.900000000000000000e+01 1.094648996505691002e+03
2.700000000000000000e+01 2.577845579124852520e+03
3.700000000000000000e+01 5.344948485525496835e+03
5.200000000000000000e+01 1.106832181794631651e+04
7.200000000000000000e+01 2.048718977636970158e+04
1.000000000000000000e+02 3.440993735817678680e+04
1.380000000000000000e+02 5.155363057879642292e+04
1.910000000000000000e+02 7.332134989335645514e+04
2.650000000000000000e+02 1.037310026736898290e+05
3.680000000000000000e+02 1.317752655813039746e+05
5.100000000000000000e+02 1.544269083020685066e+05
7.070000000000000000e+02 1.749260231278938300e+05
9.790000000000000000e+02 1.873392018167541828e+05
1.357000000000000000e+03 1.913106859737956547e+05
1.880000000000000000e+03 1.881269070303842891e+05
2.605000000000000000e+03 1.789759811709777860e+05
3.609000000000000000e+03 1.653118858667323657e+05
4.999000000000000000e+03 1.487312551548125339e+05
