#CIB
#column 0 = ell, column 1 = D_ell^{ISW x y}
#D_ell = ell*(ell+1)/2pi * C_ell
2.000000000000000000e+00 9.671451750784224467e-04
3.000000000000000000e+00 1.934289694038526363e-03
5.000000000000000000e+00 4.835718986372629542e-03
7.000000000000000000e+00 9.026660745990958828e-03
1.000000000000000000e+01 1.773087942085474836e-02
1.400000000000000000e+01 3.384964038285369348e-02
1.900000000000000000e+01 6.125104532625344489e-02
2.700000000000000000e+01 1.218543071278619661e-01
3.700000000000000000e+01 2.266134232705008522e-01
5.200000000000000000e+01 4.441610856163843435e-01
7.200000000000000000e+01 8.469245220093515325e-01
1.000000000000000000e+02 1.626945429543598554e+00
1.380000000000000000e+02 3.088115797485970315e+00
1.910000000000000000e+02 5.897549297832936688e+00
2.650000000000000000e+02 1.131472106056983762e+01
3.680000000000000000e+02 2.172814170014908086e+01
5.100000000000000000e+02 4.150045750740713402e+01
7.070000000000000000e+02 7.917004682487822720e+01
9.790000000000000000e+02 1.503822558423183011e+02
1.357000000000000000e+03 2.854717417192568973e+02
1.880000000000000000e+03 5.394832080936508873e+02
2.605000000000000000e+03 1.014618029676581727e+03
3.609000000000000000e+03 1.892812326242841891e+03
4.999000000000000000e+03 3.488410824271616093e+03
