#CIB
#column 0 = ell, column 1 = D_ell^{ISW x y}
#D_ell = ell*(ell+1)/2pi * C_ell
2.000000000000000000e+00 2.438422790734391128e+03
3.000000000000000000e+00 4.876843067821107070e+03
5.000000000000000000e+00 1.219208756061648091e+04
7.000000000000000000e+00 2.275850714276984945e+04
1.000000000000000000e+01 4.470397545150788937e+04
1.400000000000000000e+01 8.534310868780800956e+04
1.900000000000000000e+01 1.544277612168437336e+05
2.700000000000000000e+01 3.072183190541293006e+05
3.700000000000000000e+01 5.713234012624730822e+05
5.200000000000000000e+01 1.119737612887870986e+06
7.200000000000000000e+01 2.134921167871376034e+06
1.000000000000000000e+02 4.100473137127849273e+06
1.380000000000000000e+02 7.780504061368652619e+06
1.910000000000000000e+02 1.484876046402475238e+07
2.650000000000000000e+02 2.844814829299840331e+07
3.680000000000000000e+02 5.447204461383111775e+07
5.100000000000000000e+02 1.034441409472459853e+08
7.070000000000000000e+02 1.952802808132735193e+08
9.790000000000000000e+02 3.648669739578279257e+08
1.357000000000000000e+03 6.773849733087960482e+08
1.880000000000000000e+03 1.246162740508741856e+09
2.605000000000000000e+03 2.270440404319546223e+09
3.609000000000000000e+03 4.080337608365025520e+09
4.999000000000000000e+03 7.196109732118602753e+09
