#CIB
#column 0 = ell, column 1 = D_ell^{ISW x y}
#D_ell = ell*(ell+1)/2pi * C_ell
2.000000000000000000e+00 2.029515615751428109e-03
3.000000000000000000e+00 5.836679228555942400e-03
5.000000000000000000e+00 2.264796621717640041e-02
7.000000000000000000e+00 5.567485375752684318e-02
1.000000000000000000e+01 1.442315047720559018e-01
1.400000000000000000e+01 3.512743821484706208e-01
1.900000000000000000e+01 7.768295976045451745e-01
2.700000000000000000e+01 1.882671649226121513e+00
3.700000000000000000e+01 4.010863537990968730e+00
5.200000000000000000e+01 8.572384409620479317e+00
7.200000000000000000e+01 1.639272922677686495e+01
1.000000000000000000e+02 2.843980300184251675e+01
1.380000000000000000e+02 4.357984733408351730e+01
1.910000000000000000e+02 6.232612649485250245e+01
2.650000000000000000e+02 8.941647346696136367e+01
3.680000000000000000e+02 1.175214090682961796e+02
5.100000000000000000e+02 1.373749681174957402e+02
7.070000000000000000e+02 1.592184490157470407e+02
9.790000000000000000e+02 1.718554125934587375e+02
1.357000000000000000e+03 1.769251843643360473e+02
1.880000000000000000e+03 1.752257108156486822e+02
2.605000000000000000e+03 1.678516621265928848e+02
3.609000000000000000e+03 1.560199656998696867e+02
4.999000000000000000e+03 1.412353560492639986e+02
