#CIB
#column 0 = ell, column 1 = D_ell^{ISW x y}
#D_ell = ell*(ell+1)/2pi * C_ell
2.000000000000000000e+00 2.540240740344825454e+01
3.000000000000000000e+00 7.167148884815324550e+01
5.000000000000000000e+00 2.687788399391014309e+02
7.000000000000000000e+00 6.420799664644110862e+02
1.000000000000000000e+01 1.607849924361807780e+03
1.400000000000000000e+01 3.788644660116134219e+03
1.900000000000000000e+01 8.127689832436221877e+03
2.700000000000000000e+01 1.899801942146855799e+04
3.700000000000000000e+01 3.912135596660458395e+04
5.200000000000000000e+01 8.038568584295068285e+04
7.200000000000000000e+01 1.476475928750044259e+05
1.000000000000000000e+02 2.461776917283259972e+05
1.380000000000000000e+02 3.670798012511141715e+05
1.910000000000000000e+02 5.213547106028223643e+05
2.650000000000000000e+02 7.345454730189281981e+05
3.680000000000000000e+02 9.266629269451800501e+05
5.100000000000000000e+02 1.086009669782623416e+06
7.070000000000000000e+02 1.224429024131073384e+06
9.790000000000000000e+02 1.308575098953786539e+06
1.357000000000000000e+03 1.333844948857451323e+06
1.880000000000000000e+03 1.309445982532554306e+06
2.605000000000000000e+03 1.243762739331165561e+06
3.609000000000000000e+03 1.147095216521166731e+06
4.999000000000000000e+03 1.030524367442640709e+06
