#CIB
#column 0 = ell, column 1 = D_ell^{ISW x y}
#D_ell = ell*(ell+1)/2pi * C_ell
2.000000000000000000e+00 1.536527062191955437e-02
3.000000000000000000e+00 3.073053215060425614e-02
5.000000000000000000e+00 7.682625763206255010e-02
7.000000000000000000e+00 1.434088105696920135e-01
1.000000000000000000e+01 2.816950277955745929e-01
1.400000000000000000e+01 5.377783621833476246e-01
1.900000000000000000e+01 9.731132530263618685e-01
2.700000000000000000e+01 1.935941087634280411e+00
3.700000000000000000e+01 3.600304591614104766e+00
5.200000000000000000e+01 7.056656068109909086e+00
7.200000000000000000e+01 1.345587074095581137e+01
1.000000000000000000e+02 2.584971314176833346e+01
1.380000000000000000e+02 4.906838711581775669e+01
1.910000000000000000e+02 9.371648248828874728e+01
2.650000000000000000e+02 1.798122128397764072e+02
3.680000000000000000e+02 3.452705493806231516e+02
5.100000000000000000e+02 6.590919597175725357e+02
7.070000000000000000e+02 1.255608413693919374e+03
9.790000000000000000e+02 2.379672698075637072e+03
1.357000000000000000e+03 4.504217291998582368e+03
1.880000000000000000e+03 8.481815942086142968e+03
2.605000000000000000e+03 1.588318632078306837e+04
3.609000000000000000e+03 2.947529607546466650e+04
4.999000000000000000e+03 5.397263203099852399e+04
