#CIB
#column 0 = ell, column 1 = D_ell^{ISW x y}
#D_ell = ell*(ell+1)/2pi * C_ell
2.000000000000000000e+00 1.608874232778068438e+14
3.000000000000000000e+00 3.217746602703788750e+14
5.000000000000000000e+00 8.044351604025146250e+14
7.000000000000000000e+00 1.501608126697465500e+15
1.000000000000000000e+01 2.949569974697042500e+15
1.400000000000000000e+01 5.630934637363462000e+15
1.900000000000000000e+01 1.018911565669128000e+16
2.700000000000000000e+01 2.027011394802563200e+16
3.700000000000000000e+01 3.769532976195457600e+16
5.200000000000000000e+01 7.387787012469153600e+16
7.200000000000000000e+01 1.408529704290199840e+17
1.000000000000000000e+02 2.705145509551248640e+17
1.380000000000000000e+02 5.132289554929921920e+17
1.910000000000000000e+02 9.792312596574976000e+17
2.650000000000000000e+02 1.875077080104849920e+18
3.680000000000000000e+02 3.586128249134748160e+18
5.100000000000000000e+02 6.791547737310833664e+18
7.070000000000000000e+02 1.273825509982350746e+19
9.790000000000000000e+02 2.346279901362077286e+19
1.357000000000000000e+03 4.240174977405297459e+19
1.880000000000000000e+03 7.498346424698150912e+19
2.605000000000000000e+03 1.305025623603354829e+20
3.609000000000000000e+03 2.234040371203763077e+20
4.999000000000000000e+03 3.746931449087150653e+20
