#CIB
#column 0 = ell, column 1 = D_ell^{ISW x y}
#D_ell = ell*(ell+1)/2pi * C_ell
2.000000000000000000e+00 2.012867927522536328e+13
3.000000000000000000e+00 4.025733674312373438e+13
5.000000000000000000e+00 1.006431674001757812e+14
7.000000000000000000e+00 1.878667573375271875e+14
1.000000000000000000e+01 3.690219487165717500e+14
1.400000000000000000e+01 7.044891208439880000e+14
1.900000000000000000e+01 1.274767052385082000e+15
2.700000000000000000e+01 2.536014417202550000e+15
3.700000000000000000e+01 4.716123224405177000e+15
5.200000000000000000e+01 9.243070755653566000e+15
7.200000000000000000e+01 1.762284129250242200e+16
1.000000000000000000e+02 3.384668052834016400e+16
1.380000000000000000e+02 6.421931886890964800e+16
1.910000000000000000e+02 1.225450106831003200e+17
2.650000000000000000e+02 2.347126567271667840e+17
3.680000000000000000e+02 4.491033423192155520e+17
5.100000000000000000e+02 8.512643842496281600e+17
7.070000000000000000e+02 1.599122749922556416e+18
9.790000000000000000e+02 2.953234901220563456e+18
1.357000000000000000e+03 5.358968645407584256e+18
1.880000000000000000e+03 9.529291119503708160e+18
2.605000000000000000e+03 1.669309715147744666e+19
3.609000000000000000e+03 2.878495420175873229e+19
4.999000000000000000e+03 4.866710859138155315e+19
