#CIB
#column 0 = ell, column 1 = D_ell^{ISW x y}
#D_ell = ell*(ell+1)/2pi * C_ell
2.000000000000000000e+00 2.111065272941291607e-03
3.000000000000000000e+00 4.222129481898080280e-03
5.000000000000000000e+00 1.055531519303488930e-02
7.000000000000000000e+00 1.970323119509321402e-02
1.000000000000000000e+01 3.870267609177938800e-02
1.400000000000000000e+01 7.388656967927492714e-02
1.900000000000000000e+01 1.336983957353199692e-01
2.700000000000000000e+01 2.659845113743568579e-01
3.700000000000000000e+01 4.946589719980352684e-01
5.200000000000000000e+01 9.695510221020489094e-01
7.200000000000000000e+01 1.848812681030590266e+00
1.000000000000000000e+02 3.551852634840984457e+00
1.380000000000000000e+02 6.742711245864374980e+00
1.910000000000000000e+02 1.287988329867095416e+01
2.650000000000000000e+02 2.471905714729795989e+01
3.680000000000000000e+02 4.748751948712722282e+01
5.100000000000000000e+02 9.072081368051853190e+01
7.070000000000000000e+02 1.730324003554882495e+02
9.790000000000000000e+02 3.284549544300701882e+02
1.357000000000000000e+03 6.229125281241546190e+02
1.880000000000000000e+03 1.175748159359809051e+03
2.605000000000000000e+03 2.207918267151518194e+03
3.609000000000000000e+03 4.111287314472336220e+03
4.999000000000000000e+03 7.559490161199725662e+03
