#CIB
#column 0 = ell, column 1 = D_ell^{ISW x y}
#D_ell = ell*(ell+1)/2pi * C_ell
2.000000000000000000e+00 1.501677559843145500e-02
3.000000000000000000e+00 4.303661158701754808e-02
5.000000000000000000e+00 1.659851059156050579e-01
7.000000000000000000e+00 4.060245985664552859e-01
1.000000000000000000e+01 1.045875915384572252e+00
1.400000000000000000e+01 2.533486540963374001e+00
1.900000000000000000e+01 5.575157992355769920e+00
2.700000000000000000e+01 1.343234049110546557e+01
3.700000000000000000e+01 2.845710063677638146e+01
5.200000000000000000e+01 6.042206922483185849e+01
7.200000000000000000e+01 1.147471525181877468e+02
1.000000000000000000e+02 1.976718746115776071e+02
1.380000000000000000e+02 3.013502934788603511e+02
1.910000000000000000e+02 4.304587195008134586e+02
2.650000000000000000e+02 6.160622047711198093e+02
3.680000000000000000e+02 8.033861825442909321e+02
5.100000000000000000e+02 9.398525727181869343e+02
7.070000000000000000e+02 1.083547264719645000e+03
9.790000000000000000e+02 1.167823397217805677e+03
1.357000000000000000e+03 1.200147735189693321e+03
1.880000000000000000e+03 1.186817931429977307e+03
2.605000000000000000e+03 1.135200189646207036e+03
3.609000000000000000e+03 1.053765175750335857e+03
4.999000000000000000e+03 9.526805915684137744e+02
