#CIB
#column 0 = ell, column 1 = D_ell^{ISW x y}
#D_ell = ell*(ell+1)/2pi * C_ell
2.000000000000000000e+00 1.894560518804654647e-01
3.000000000000000000e+00 3.789120019663761441e-01
5.000000000000000000e+00 9.472791905689422753e-01
7.000000000000000000e+00 1.768252208940763515e+00
1.000000000000000000e+01 3.473343036199997513e+00
1.400000000000000000e+01 6.630893416934768858e+00
1.900000000000000000e+01 1.199865317297885170e+01
2.700000000000000000e+01 2.387053301304443664e+01
3.700000000000000000e+01 4.439261454785620487e+01
5.200000000000000000e+01 8.701087401809165556e+01
7.200000000000000000e+01 1.659174418670631610e+02
1.000000000000000000e+02 3.187473407237850438e+02
1.380000000000000000e+02 6.050778034767143936e+02
1.910000000000000000e+02 1.155730634409141203e+03
2.650000000000000000e+02 2.217707575991197700e+03
3.680000000000000000e+02 4.258730561547731668e+03
5.100000000000000000e+02 8.128324850734467873e+03
7.070000000000000000e+02 1.547115725216098508e+04
9.790000000000000000e+02 2.925559385615696010e+04
1.357000000000000000e+03 5.516840735821803537e+04
1.880000000000000000e+03 1.033922539792478929e+05
2.605000000000000000e+03 1.924884950825402047e+05
3.609000000000000000e+03 3.546985670880897087e+05
4.999000000000000000e+03 6.439715049208931159e+05
