#CIB
#column 0 = ell, column 1 = D_ell^{ISW x y}
#D_ell = ell*(ell+1)/2pi * C_ell
2.000000000000000000e+00 9.676650180713955200e+16
3.000000000000000000e+00 2.572207880351340160e+17
5.000000000000000000e+00 8.610661230109914880e+17
7.000000000000000000e+00 1.855026671666249472e+18
1.000000000000000000e+01 4.074337861389419008e+18
1.400000000000000000e+01 8.410362074342764544e+18
1.900000000000000000e+01 1.597362712690517811e+19
2.700000000000000000e+01 3.243415200686389658e+19
3.700000000000000000e+01 5.912764651181314048e+19
5.200000000000000000e+01 1.072691437019819377e+20
7.200000000000000000e+01 1.769924335295761285e+20
1.000000000000000000e+02 2.707459373733274583e+20
1.380000000000000000e+02 3.833695185618134630e+20
1.910000000000000000e+02 5.255195607505936712e+20
2.650000000000000000e+02 6.925774644508030403e+20
3.680000000000000000e+02 8.282178776054239068e+20
5.100000000000000000e+02 9.497397529084742861e+20
7.070000000000000000e+02 1.031361841269157396e+21
9.790000000000000000e+02 1.073134665576524939e+21
1.357000000000000000e+03 1.070507996754402476e+21
1.880000000000000000e+03 1.030615364103819231e+21
2.605000000000000000e+03 9.612657468789450342e+20
3.609000000000000000e+03 8.711858075700061798e+20
4.999000000000000000e+03 7.688961046069689713e+20
