#CIB
#column 0 = ell, column 1 = D_ell^{ISW x y}
#D_ell = ell*(ell+1)/2pi * C_ell
2.000000000000000000e+00 1.895019094194401517e-05
3.000000000000000000e+00 3.790037277384433083e-05
5.000000000000000000e+00 9.475085905756144085e-05
7.000000000000000000e+00 1.768680662026414334e-04
1.000000000000000000e+01 3.474185642158267827e-04
1.400000000000000000e+01 6.632505634859178593e-04
1.900000000000000000e+01 1.200158177465652197e-03
2.700000000000000000e+01 2.387640967360116391e-03
3.700000000000000000e+01 4.440370863358966691e-03
5.200000000000000000e+01 8.703331057326287729e-03
7.200000000000000000e+01 1.659627883106757490e-02
1.000000000000000000e+02 3.188447945478357914e-02
1.380000000000000000e+02 6.053045814107083089e-02
1.910000000000000000e+02 1.156348419797173371e-01
2.650000000000000000e+02 2.219755209862989964e-01
3.680000000000000000e+02 4.266699541034596477e-01
5.100000000000000000e+02 8.160962003510079388e-01
7.070000000000000000e+02 1.559943569157995702e+00
9.790000000000000000e+02 2.970623642051518409e+00
1.357000000000000000e+03 5.656898077698258476e+00
1.880000000000000000e+03 1.073118109304228618e+01
2.605000000000000000e+03 2.027650767244418617e+01
3.609000000000000000e+03 3.804529406395603530e+01
4.999000000000000000e+03 7.062507089134781779e+01
