#CIB
#column 0 = ell, column 1 = D_ell^{ISW x y}
#D_ell = ell*(ell+1)/2pi * C_ell
2.000000000000000000e+00 4.286152374804596654e+00
3.000000000000000000e+00 1.215337833363694386e+01
5.000000000000000000e+00 4.598563390203487700e+01
7.000000000000000000e+00 1.106863861380094392e+02
1.000000000000000000e+01 2.796733146591327568e+02
1.400000000000000000e+01 6.647948209230745533e+02
1.900000000000000000e+01 1.437716325922773649e+03
2.700000000000000000e+01 3.392895652652779063e+03
3.700000000000000000e+01 7.049131895082485244e+03
5.200000000000000000e+01 1.463188391166180190e+04
7.200000000000000000e+01 2.714842277454985378e+04
1.000000000000000000e+02 4.570359222762829449e+04
1.380000000000000000e+02 6.857744150283465569e+04
1.910000000000000000e+02 9.757252308785846981e+04
2.650000000000000000e+02 1.382151680597441737e+05
3.680000000000000000e+02 1.759754985176661576e+05
5.100000000000000000e+02 2.062134542923847330e+05
7.070000000000000000e+02 2.339358519842339156e+05
9.790000000000000000e+02 2.506997323761060252e+05
1.357000000000000000e+03 2.561620918261071492e+05
1.880000000000000000e+03 2.520310431662649498e+05
2.605000000000000000e+03 2.398912123636412434e+05
3.609000000000000000e+03 2.216792892678655917e+05
4.999000000000000000e+03 1.995362025613141595e+05
