#CIB
#column 0 = ell, column 1 = D_ell^{ISW x y}
#D_ell = ell*(ell+1)/2pi * C_ell
2.000000000000000000e+00 4.800883347172605759e+33
3.000000000000000000e+00 1.234962139369918552e+34
5.000000000000000000e+00 3.858495040093160364e+34
7.000000000000000000e+00 7.737272161365148103e+34
1.000000000000000000e+01 1.530005789706200114e+35
1.400000000000000000e+01 2.794924264187273623e+35
1.900000000000000000e+01 4.676236085665190722e+35
2.700000000000000000e+01 8.057102840453558551e+35
3.700000000000000000e+01 1.259585955225335071e+36
5.200000000000000000e+01 1.940814647254450513e+36
7.200000000000000000e+01 2.781367293702388125e+36
1.000000000000000000e+02 3.793251970556704612e+36
1.380000000000000000e+02 4.921191181480820148e+36
1.910000000000000000e+02 6.154688223374896299e+36
2.650000000000000000e+02 7.300683265013371163e+36
3.680000000000000000e+02 8.172413842994028648e+36
5.100000000000000000e+02 8.813625236573824930e+36
7.070000000000000000e+02 9.075150591364099710e+36
9.790000000000000000e+02 9.002796970077769216e+36
1.357000000000000000e+03 8.616173523249216835e+36
1.880000000000000000e+03 7.981007105891789103e+36
2.605000000000000000e+03 7.172050631672591943e+36
3.609000000000000000e+03 6.264765933116771548e+36
4.999000000000000000e+03 5.325731069805302134e+36
