#CIB
#column 0 = ell, column 1 = D_ell^{ISW x y}
#D_ell = ell*(ell+1)/2pi * C_ell
2.000000000000000000e+00 1.253357139242074522e+19
3.000000000000000000e+00 3.313021037052138291e+19
5.000000000000000000e+00 1.095907341796753572e+20
7.000000000000000000e+00 2.331709278113983365e+20
1.000000000000000000e+01 5.027755088698684867e+20
1.400000000000000000e+01 1.015285765414456001e+21
1.900000000000000000e+01 1.884295481767335297e+21
2.700000000000000000e+01 3.713528835688573174e+21
3.700000000000000000e+01 6.579906046688321602e+21
5.200000000000000000e+01 1.157045555572978693e+22
7.200000000000000000e+01 1.856144068014531150e+22
1.000000000000000000e+02 2.774215518205382545e+22
1.380000000000000000e+02 3.869226984181686757e+22
1.910000000000000000e+02 5.232700175533049748e+22
2.650000000000000000e+02 6.748355547935682226e+22
3.680000000000000000e+02 7.951249385165470826e+22
5.100000000000000000e+02 9.029919322530216149e+22
7.070000000000000000e+02 9.694214426741175013e+22
9.790000000000000000e+02 9.992014467216320548e+22
1.357000000000000000e+03 9.889690241550134962e+22
1.880000000000000000e+03 9.452885130818821607e+22
2.605000000000000000e+03 8.756818232168554483e+22
3.609000000000000000e+03 7.883061218059751103e+22
4.999000000000000000e+03 6.909340071886900009e+22
