#CIB
#column 0 = ell, column 1 = D_ell^{ISW x y}
#D_ell = ell*(ell+1)/2pi * C_ell
2.000000000000000000e+00 1.412008304608047382e+00
3.000000000000000000e+00 2.824015740975505118e+00
5.000000000000000000e+00 7.060032406595425414e+00
7.000000000000000000e+00 1.317870771105077488e+01
1.000000000000000000e+01 2.588666611522813099e+01
1.400000000000000000e+01 4.941970726447071627e+01
1.900000000000000000e+01 8.942522991864760229e+01
2.700000000000000000e+01 1.779051181875180419e+02
3.700000000000000000e+01 3.308528617912419350e+02
5.200000000000000000e+01 6.484749637022913475e+02
7.200000000000000000e+01 1.236526429115584733e+03
1.000000000000000000e+02 2.375427788635839988e+03
1.380000000000000000e+02 4.508961001506036155e+03
1.910000000000000000e+02 8.611223201075696124e+03
2.650000000000000000e+02 1.651981099468914545e+04
3.680000000000000000e+02 3.170908809442702841e+04
5.100000000000000000e+02 6.047298449685618834e+04
7.070000000000000000e+02 1.149539863957084890e+05
9.790000000000000000e+02 2.169672416094629443e+05
1.357000000000000000e+03 4.081411990300698089e+05
1.880000000000000000e+03 7.626605931038560811e+05
2.605000000000000000e+03 1.414954471422402654e+06
3.609000000000000000e+03 2.596706914286266547e+06
4.999000000000000000e+03 4.691707902350563556e+06
