         1        92   0.32000000E+01   0.31562220E+00   0.68437780E+00   0.82883870E+00   0.96580000E+00   0.22242000E-01  ---------------   0.27255000E+01  ---------------      0.67238290E+00                                 
   0.32000000E+01   0.10000000E+08   0.51966186E+01   0.11709154E+16   0.12680274E-02   0.58246642E+01   0.19601247E+07   0.13896394E+17   0.24401009E-03   0.58785899E+01   0.95907432E+07   0.49043380E+01   0.13359774E+16   0.96798287E+07   0.49670085E+01   0.12979889E+16   0.13418187E+10
   0.32000000E+01   0.12589254E+08   0.51619437E+01   0.11709154E+16   0.13691844E-02   0.62893277E+01   0.24794858E+07   0.13685394E+17   0.26524591E-03   0.63414952E+01   0.12072272E+08   0.48713770E+01   0.13359774E+16   0.12184827E+08   0.49336828E+01   0.12979889E+16   0.13418187E+10
   0.32000000E+01   0.15848932E+08   0.51272489E+01   0.11709154E+16   0.14784114E-02   0.67910598E+01   0.31366080E+07   0.13476259E+17   0.28834398E-03   0.68408471E+01   0.15195852E+08   0.48383976E+01   0.13359774E+16   0.15338028E+08   0.49003348E+01   0.12979889E+16   0.13418187E+10
   0.32000000E+01   0.19952623E+08   0.50925886E+01   0.11709154E+16   0.15963519E-02   0.73328177E+01   0.39680452E+07   0.13269308E+17   0.31346570E-03   0.73795265E+01   0.19127629E+08   0.48054542E+01   0.13359774E+16   0.19307212E+08   0.48670218E+01   0.12979889E+16   0.13418187E+10
   0.32000000E+01   0.25118864E+08   0.50584378E+01   0.11709154E+16   0.17237011E-02   0.79177945E+01   0.50197439E+07   0.13067325E+17   0.34075759E-03   0.79607358E+01   0.24076682E+08   0.47729926E+01   0.13359774E+16   0.24303583E+08   0.48342008E+01   0.12979889E+16   0.13418187E+10
   0.32000000E+01   0.31622777E+08   0.50243697E+01   0.11709154E+16   0.18612096E-02   0.85494378E+01   0.63504016E+07   0.12867727E+17   0.37043644E-03   0.85877412E+01   0.30306276E+08   0.47406138E+01   0.13359774E+16   0.30592802E+08   0.48014548E+01   0.12979889E+16   0.13418187E+10
   0.32000000E+01   0.39810717E+08   0.49901623E+01   0.11709154E+16   0.20096879E-02   0.92314706E+01   0.80343308E+07   0.12669212E+17   0.40272998E-03   0.92640967E+01   0.38147529E+08   0.47080992E+01   0.13359774E+16   0.38509571E+08   0.47685799E+01   0.12979889E+16   0.13418187E+10
   0.32000000E+01   0.50118723E+08   0.49560944E+01   0.11709154E+16   0.21700111E-02   0.99679127E+01   0.10165060E+08   0.12473390E+17   0.43784701E-03   0.99937613E+01   0.48017594E+08   0.46757200E+01   0.13359774E+16   0.48474865E+08   0.47358355E+01   0.12979889E+16   0.13418187E+10
   0.32000000E+01   0.63095734E+08   0.49223754E+01   0.11709154E+16   0.23431241E-02   0.10763105E+02   0.12860814E+08   0.12281419E+17   0.47601491E-03   0.10781003E+02   0.60441366E+08   0.46436729E+01   0.13359774E+16   0.61019064E+08   0.47034307E+01   0.12979889E+16   0.13418187E+10
   0.32000000E+01   0.79432823E+08   0.48890634E+01   0.11709154E+16   0.25300472E-02   0.11621733E+02   0.16271262E+08   0.12093559E+17   0.51749118E-03   0.11630392E+02   0.76079478E+08   0.46120108E+01   0.13359774E+16   0.76809429E+08   0.46714175E+01   0.12979889E+16   0.13418187E+10
   0.32000000E+01   0.10000000E+09   0.48557214E+01   0.11709154E+16   0.27318821E-02   0.12548859E+02   0.20587162E+08   0.11907310E+17   0.56261098E-03   0.12546695E+02   0.95763818E+08   0.45803258E+01   0.13359774E+16   0.96685618E+08   0.46393722E+01   0.12979889E+16   0.13418187E+10
   0.32000000E+01   0.12589254E+09   0.48226081E+01   0.11709154E+16   0.29498185E-02   0.13549946E+02   0.26048185E+08   0.11724094E+17   0.61166456E-03   0.13535281E+02   0.12054064E+09   0.45488534E+01   0.13359774E+16   0.12170542E+09   0.46075507E+01   0.12979889E+16   0.13418187E+10
   0.32000000E+01   0.15848932E+09   0.47897674E+01   0.11709154E+16   0.31851407E-02   0.14630895E+02   0.32958027E+08   0.11544107E+17   0.66498861E-03   0.14601877E+02   0.15172835E+09   0.45176453E+01   0.13359774E+16   0.15319939E+09   0.45759886E+01   0.12979889E+16   0.13418187E+10
   0.32000000E+01   0.19952623E+09   0.47576110E+01   0.11709154E+16   0.34392358E-02   0.15798077E+02   0.41698429E+08   0.11369526E+17   0.72289135E-03   0.15752828E+02   0.19098510E+09   0.44870843E+01   0.13359774E+16   0.19284365E+09   0.45450872E+01   0.12979889E+16   0.13418187E+10
   0.32000000E+01   0.25118864E+09   0.47254599E+01   0.11709154E+16   0.37136014E-02   0.17058371E+02   0.52759203E+08   0.11196605E+17   0.78587090E-03   0.16994512E+02   0.24039816E+09   0.44565275E+01   0.13359774E+16   0.24274657E+09   0.45141913E+01   0.12979889E+16   0.13418187E+10
   0.32000000E+01   0.31622777E+09   0.46937484E+01   0.11709154E+16   0.40098546E-02   0.18419205E+02   0.66752459E+08   0.11027640E+17   0.85429688E-03   0.18334304E+02   0.30259722E+09   0.44263958E+01   0.13359774E+16   0.30556271E+09   0.44837159E+01   0.12979889E+16   0.13418187E+10
   0.32000000E+01   0.39810717E+09   0.46623259E+01   0.11709154E+16   0.43297414E-02   0.19888600E+02   0.84457214E+08   0.10861768E+17   0.92866554E-03   0.19779892E+02   0.38088730E+09   0.43965322E+01   0.13359774E+16   0.38463435E+09   0.44535208E+01   0.12979889E+16   0.13418187E+10
   0.32000000E+01   0.50118723E+09   0.46317960E+01   0.11709154E+16   0.46751472E-02   0.21475217E+02   0.10684745E+09   0.10702084E+17   0.10093595E-02   0.21339997E+02   0.47943696E+09   0.43675250E+01   0.13359774E+16   0.48416821E+09   0.44241824E+01   0.12979889E+16   0.13418187E+10
   0.32000000E+01   0.63095734E+09   0.46012986E+01   0.11709154E+16   0.50481078E-02   0.23188406E+02   0.13517890E+09   0.10544016E+17   0.10971050E-02   0.23023193E+02   0.60348083E+09   0.43385410E+01   0.13359774E+16   0.60945877E+09   0.43948767E+01   0.12979889E+16   0.13418187E+10
   0.32000000E+01   0.79432823E+09   0.45714918E+01   0.11709154E+16   0.54508215E-02   0.25038265E+02   0.17101109E+09   0.10390920E+17   0.11923507E-02   0.24839642E+02   0.75962016E+09   0.43102147E+01   0.13359774E+16   0.76717208E+09   0.43662344E+01   0.12979889E+16   0.13418187E+10
   0.32000000E+01   0.10000000E+10   0.45421038E+01   0.11709154E+16   0.58856616E-02   0.27035696E+02   0.21633601E+09   0.10241318E+17   0.12958008E-02   0.26799734E+02   0.95616241E+09   0.42822933E+01   0.13359774E+16   0.96569853E+09   0.43379953E+01   0.12979889E+16   0.13418187E+10
   0.32000000E+01   0.12589254E+10   0.45137367E+01   0.11709154E+16   0.63551913E-02   0.29192473E+02   0.27363917E+09   0.10098173E+17   0.14079668E-02   0.28915329E+02   0.12035554E+10   0.42553347E+01   0.13359774E+16   0.12156026E+10   0.43107378E+01   0.12979889E+16   0.13418187E+10
   0.32000000E+01   0.15848932E+10   0.44854103E+01   0.11709154E+16   0.68621777E-02   0.31521308E+02   0.34613280E+09   0.99564649E+16   0.15298885E-02   0.31197995E+02   0.15149654E+10   0.42284241E+01   0.13359774E+16   0.15301750E+10   0.42835192E+01   0.12979889E+16   0.13418187E+10
   0.32000000E+01   0.19952623E+10   0.44580926E+01   0.11709154E+16   0.74096090E-02   0.34035925E+02   0.43777502E+09   0.98209638E+16   0.16620581E-02   0.33661819E+02   0.19069446E+10   0.42024631E+01   0.13359774E+16   0.19261581E+10   0.42572703E+01   0.12979889E+16   0.13418187E+10
   0.32000000E+01   0.25118864E+10   0.44313805E+01   0.11709154E+16   0.80007118E-02   0.36751146E+02   0.55364490E+09   0.96895656E+16   0.18054671E-02   0.36320855E+02   0.24003645E+10   0.41770875E+01   0.13359774E+16   0.24246184E+10   0.42316039E+01   0.12979889E+16   0.13418187E+10
   0.32000000E+01   0.31622777E+10   0.44055507E+01   0.11709154E+16   0.86389698E-02   0.39682975E+02   0.70010323E+09   0.95635380E+16   0.19609285E-02   0.39190912E+02   0.30214446E+10   0.41525406E+01   0.13359774E+16   0.30520798E+10   0.42067852E+01   0.12979889E+16   0.13418187E+10
   0.32000000E+01   0.39810717E+10   0.43801809E+01   0.11709154E+16   0.93281451E-02   0.42848691E+02   0.88526618E+09   0.94407369E+16   0.21296255E-02   0.42288328E+02   0.38032580E+10   0.41284412E+01   0.13359774E+16   0.38419259E+10   0.41824094E+01   0.12979889E+16   0.13418187E+10
   0.32000000E+01   0.50118723E+10   0.43558712E+01   0.11709154E+16   0.10072299E-01   0.46266952E+02   0.11192324E+10   0.93239783E+16   0.23123501E-02   0.45631899E+02   0.47873539E+10   0.41053388E+01   0.13359774E+16   0.48361898E+10   0.41590516E+01   0.12979889E+16   0.13418187E+10
   0.32000000E+01   0.63095734E+10   0.43323943E+01   0.11709154E+16   0.10875819E-01   0.49957906E+02   0.14148718E+10   0.92120635E+16   0.25103483E-02   0.49240989E+02   0.60261528E+10   0.40830387E+01   0.13359774E+16   0.60877833E+10   0.41364954E+01   0.12979889E+16   0.13418187E+10
   0.32000000E+01   0.79432823E+10   0.43095507E+01   0.11709154E+16   0.11743439E-01   0.53943306E+02   0.17884570E+10   0.91039604E+16   0.27249799E-02   0.53136483E+02   0.75854656E+10   0.40613293E+01   0.13359774E+16   0.76632930E+10   0.41145465E+01   0.12979889E+16   0.13418187E+10
   0.32000000E+01   0.10000000E+11   0.42877470E+01   0.11709154E+16   0.12680274E-01   0.58246642E+02   0.22603301E+10   0.90015067E+16   0.29573279E-02   0.57341811E+02   0.95483856E+10   0.40406193E+01   0.13359774E+16   0.96465884E+10   0.40935984E+01   0.12979889E+16   0.13418187E+10
   0.32000000E+01   0.12589254E+11   0.42668633E+01   0.11709154E+16   0.13691844E-01   0.62893277E+02   0.28563082E+10   0.89040409E+16   0.32088782E-02   0.61881541E+02   0.12019220E+11   0.40207737E+01   0.13359774E+16   0.12143210E+11   0.40735345E+01   0.12979889E+16   0.13418187E+10
   0.32000000E+01   0.15848932E+11   0.42468079E+01   0.11709154E+16   0.14784114E-01   0.67910598E+02   0.36089759E+10   0.88110513E+16   0.34812296E-02   0.66782221E+02   0.15129582E+11   0.40017233E+01   0.13359774E+16   0.15286006E+11   0.40542650E+01   0.12979889E+16   0.13418187E+10
   0.32000000E+01   0.19952623E+11   0.42276144E+01   0.11709154E+16   0.15963519E-01   0.73328177E+02   0.45593696E+10   0.87226165E+16   0.37760111E-02   0.72072730E+02   0.19044954E+11   0.39834938E+01   0.13359774E+16   0.19242283E+11   0.40358257E+01   0.12979889E+16   0.13418187E+10
   0.32000000E+01   0.25118864E+11   0.42096480E+01   0.11709154E+16   0.17237011E-01   0.79177945E+02   0.57588678E+10   0.86403301E+16   0.40946443E-02   0.77784966E+02   0.23973508E+11   0.39664177E+01   0.13359774E+16   0.24222585E+11   0.40185630E+01   0.12979889E+16   0.13418187E+10
   0.32000000E+01   0.31622777E+11   0.41923012E+01   0.11709154E+16   0.18612096E-01   0.85494378E+02   0.72732431E+10   0.85613339E+16   0.44395894E-02   0.83951382E+02   0.30177866E+11   0.39499426E+01   0.13359774E+16   0.30492017E+11   0.40018982E+01   0.12979889E+16   0.13418187E+10
   0.32000000E+01   0.39810717E+11   0.41760297E+01   0.11709154E+16   0.20096879E-01   0.92314706E+02   0.91841757E+10   0.84876371E+16   0.48124369E-02   0.90609299E+02   0.37988086E+11   0.39344876E+01   0.13359774E+16   0.38384317E+11   0.39862667E+01   0.12979889E+16   0.13418187E+10
   0.32000000E+01   0.50118723E+11   0.41607616E+01   0.11709154E+16   0.21700111E-01   0.99679127E+02   0.11595189E+11   0.84188394E+16   0.52154180E-02   0.97797906E+02   0.47819533E+11   0.39199761E+01   0.13359774E+16   0.48319485E+11   0.39715964E+01   0.12979889E+16   0.13418187E+10
   0.32000000E+01   0.63095734E+11   0.41461813E+01   0.11709154E+16   0.23431241E-01   0.10763105E+03   0.14637457E+11   0.83534598E+16   0.56512823E-02   0.10555882E+03   0.60196120E+11   0.39061290E+01   0.13359774E+16   0.60826516E+11   0.39575897E+01   0.12979889E+16   0.13418187E+10
   0.32000000E+01   0.79432823E+11   0.41327767E+01   0.11709154E+16   0.25300472E-01   0.11621733E+03   0.18474079E+11   0.82936273E+16   0.61219063E-02   0.11393923E+03   0.75776497E+11   0.38933990E+01   0.13359774E+16   0.76571271E+11   0.39447129E+01   0.12979889E+16   0.13418187E+10
   0.32000000E+01   0.10000000E+12   0.41201156E+01   0.11709154E+16   0.27318821E-01   0.12548859E+03   0.23313295E+11   0.82373546E+16   0.66305958E-02   0.12298744E+03   0.95388890E+11   0.38813619E+01   0.13359774E+16   0.96391568E+11   0.39325470E+01   0.12979889E+16   0.13418187E+10
   0.32000000E+01   0.12589254E+12   0.41083096E+01   0.11709154E+16   0.29498185E-01   0.13549946E+03   0.29415637E+11   0.81850932E+16   0.71801270E-02   0.13275726E+03   0.12007912E+12   0.38701500E+01   0.13359774E+16   0.12134305E+12   0.39212058E+01   0.12979889E+16   0.13418187E+10
   0.32000000E+01   0.15848932E+12   0.40974613E+01   0.11709154E+16   0.31851407E-01   0.14630895E+03   0.37108826E+11   0.81372505E+16   0.77734492E-02   0.14330684E+03   0.15116095E+12   0.38598479E+01   0.13359774E+16   0.15275403E+12   0.39107848E+01   0.12979889E+16   0.13418187E+10
   0.32000000E+01   0.19952623E+12   0.40872487E+01   0.11709154E+16   0.34392358E-01   0.15798077E+03   0.46808695E+11   0.80923678E+16   0.84145500E-02   0.15469740E+03   0.19028882E+12   0.38501497E+01   0.13359774E+16   0.19229663E+12   0.39009746E+01   0.12979889E+16   0.13418187E+10
   0.32000000E+01   0.25118864E+12   0.40779461E+01   0.11709154E+16   0.37136014E-01   0.17058371E+03   0.59034072E+11   0.80516164E+16   0.91065486E-02   0.16699738E+03   0.23954475E+12   0.38413083E+01   0.13359774E+16   0.24207643E+12   0.38920387E+01   0.12979889E+16   0.13418187E+10
   0.32000000E+01   0.31622777E+12   0.40693585E+01   0.11709154E+16   0.40098546E-01   0.18419205E+03   0.74442592E+11   0.80141086E+16   0.98537757E-02   0.18027878E+03   0.30155196E+12   0.38331469E+01   0.13359774E+16   0.30474277E+12   0.38837857E+01   0.12979889E+16   0.13418187E+10
   0.32000000E+01   0.39810717E+12   0.40614376E+01   0.11709154E+16   0.43297414E-01   0.19888600E+03   0.93861243E+11   0.79796075E+16   0.10660613E-01   0.19461991E+03   0.37961334E+12   0.38256250E+01   0.13359774E+16   0.38363386E+12   0.38761769E+01   0.12979889E+16   0.13418187E+10
   0.32000000E+01   0.50118723E+12   0.40542916E+01   0.11709154E+16   0.46751472E-01   0.21475217E+03   0.11832803E+12   0.79485599E+16   0.11531354E-01   0.21010620E+03   0.47788431E+12   0.38188392E+01   0.13359774E+16   0.48294984E+12   0.38693127E+01   0.12979889E+16   0.13418187E+10
   0.32000000E+01   0.63095734E+12   0.40477525E+01   0.11709154E+16   0.50481078E-01   0.23188406E+03   0.14915547E+12   0.79202139E+16   0.12471385E-01   0.22682841E+03   0.60159697E+12   0.38126297E+01   0.13359774E+16   0.60797871E+12   0.38630315E+01   0.12979889E+16   0.13418187E+10
   0.32000000E+01   0.79432823E+12   0.40418339E+01   0.11709154E+16   0.54508215E-01   0.25038265E+03   0.18799204E+12   0.78946110E+16   0.13486010E-01   0.24488556E+03   0.75733863E+12   0.38070096E+01   0.13359774E+16   0.76537803E+12   0.38573463E+01   0.12979889E+16   0.13418187E+10
   0.32000000E+01   0.10000000E+13   0.40365346E+01   0.11709154E+16   0.58856616E-01   0.27035696E+03   0.23691265E+12   0.78717297E+16   0.14580977E-01   0.26438452E+03   0.95340227E+12   0.38019774E+01   0.13359774E+16   0.96352923E+12   0.38522560E+01   0.12979889E+16   0.13418187E+10
   0.32000000E+01   0.12589254E+13   0.40318138E+01   0.11709154E+16   0.63551913E-01   0.29192473E+03   0.29853052E+12   0.78513809E+16   0.15762611E-01   0.28544044E+03   0.12002211E+13   0.37974876E+01   0.13359774E+16   0.12129838E+13   0.38477216E+01   0.12979889E+16   0.13418187E+10
   0.32000000E+01   0.15848932E+13   0.40275876E+01   0.11709154E+16   0.68621777E-01   0.31521308E+03   0.37613854E+12   0.78331909E+16   0.17037935E-01   0.30817730E+03   0.15109422E+13   0.37934679E+01   0.13359774E+16   0.15270205E+13   0.38436584E+01   0.12979889E+16   0.13418187E+10
   0.32000000E+01   0.19952623E+13   0.40239014E+01   0.11709154E+16   0.74096090E-01   0.34035925E+03   0.47387247E+12   0.78173462E+16   0.18413993E-01   0.33273000E+03   0.19021198E+13   0.37899669E+01   0.13359774E+16   0.19223694E+13   0.38401169E+01   0.12979889E+16   0.13418187E+10
   0.32000000E+01   0.25118864E+13   0.40206660E+01   0.11709154E+16   0.80007118E-01   0.36751146E+03   0.59694880E+12   0.78034555E+16   0.19898971E-01   0.35924310E+03   0.23945796E+13   0.37868946E+01   0.13359774E+16   0.24200816E+13   0.38370092E+01   0.12979889E+16   0.13418187E+10
   0.32000000E+01   0.31622777E+13   0.40178566E+01   0.11709154E+16   0.86389698E-01   0.39682975E+03   0.75192868E+12   0.77914060E+16   0.21501439E-01   0.38787319E+03   0.30145453E+13   0.37842269E+01   0.13359774E+16   0.30466605E+13   0.38343106E+01   0.12979889E+16   0.13418187E+10
   0.32000000E+01   0.39810717E+13   0.40154150E+01   0.11709154E+16   0.93281451E-01   0.42848691E+03   0.94707647E+12   0.77809432E+16   0.23230837E-01   0.41878903E+03   0.37950310E+13   0.37819084E+01   0.13359774E+16   0.38354726E+13   0.38319653E+01   0.12979889E+16   0.13418187E+10
   0.32000000E+01   0.50118723E+13   0.40133268E+01   0.11709154E+16   0.10072299E+00   0.46266952E+03   0.11927884E+13   0.77720017E+16   0.25097132E-01   0.45217325E+03   0.47775998E+13   0.37799256E+01   0.13359774E+16   0.48285248E+13   0.38299595E+01   0.12979889E+16   0.13418187E+10
   0.32000000E+01   0.63095734E+13   0.40115182E+01   0.11709154E+16   0.10875819E+00   0.49957906E+03   0.15021663E+13   0.77642622E+16   0.27111478E-01   0.48822230E+03   0.60145752E+13   0.37782082E+01   0.13359774E+16   0.60786988E+13   0.38282223E+01   0.12979889E+16   0.13418187E+10
   0.32000000E+01   0.79432823E+13   0.40099623E+01   0.11709154E+16   0.11743439E+00   0.53943306E+03   0.18916948E+13   0.77576083E+16   0.29285659E-01   0.52714883E+03   0.75718293E+13   0.37767308E+01   0.13359774E+16   0.76525703E+13   0.38267278E+01   0.12979889E+16   0.13418187E+10
   0.32000000E+01   0.10000000E+14   0.40086179E+01   0.11709154E+16   0.12680274E+00   0.58246642E+03   0.23821337E+13   0.77518611E+16   0.31632533E-01   0.56918216E+03   0.95322898E+13   0.37754542E+01   0.13359774E+16   0.96339519E+13   0.38254364E+01   0.12979889E+16   0.13418187E+10
   0.32000000E+01   0.12589254E+14   0.40074607E+01   0.11709154E+16   0.13691844E+00   0.62893277E+03   0.29996127E+13   0.77469169E+16   0.34165886E-01   0.61457014E+03   0.12000357E+14   0.37743554E+01   0.13359774E+16   0.12128358E+14   0.38243249E+01   0.12979889E+16   0.13418187E+10
   0.32000000E+01   0.15848932E+14   0.40064557E+01   0.11709154E+16   0.14784114E+00   0.67910598E+03   0.37770371E+13   0.77426241E+16   0.36900729E-01   0.66358011E+03   0.15107461E+14   0.37734011E+01   0.13359774E+16   0.15268623E+14   0.38233595E+01   0.12979889E+16   0.13418187E+10
   0.32000000E+01   0.19952623E+14   0.40055854E+01   0.11709154E+16   0.15963519E+00   0.73328177E+03   0.47558244E+13   0.77389082E+16   0.39853147E-01   0.71650099E+03   0.19019065E+14   0.37725747E+01   0.13359774E+16   0.19221976E+14   0.38225236E+01   0.12979889E+16   0.13418187E+10
   0.32000000E+01   0.25118864E+14   0.40048283E+01   0.11709154E+16   0.17237011E+00   0.79177945E+03   0.59881226E+13   0.77356763E+16   0.43040574E-01   0.77364464E+03   0.23943473E+14   0.37718558E+01   0.13359774E+16   0.24198945E+14   0.38217964E+01   0.12979889E+16   0.13418187E+10
   0.32000000E+01   0.31622777E+14   0.40041723E+01   0.11709154E+16   0.18612096E+00   0.85494378E+03   0.75395759E+13   0.77328763E+16   0.46481757E-01   0.83534791E+03   0.30142925E+14   0.37712328E+01   0.13359774E+16   0.30464568E+14   0.38211662E+01   0.12979889E+16   0.13418187E+10
   0.32000000E+01   0.39810717E+14   0.40036010E+01   0.11709154E+16   0.20096879E+00   0.92314706E+03   0.94928342E+13   0.77304387E+16   0.50197009E-01   0.90197444E+03   0.37947561E+14   0.37706904E+01   0.13359774E+16   0.38352512E+14   0.38206175E+01   0.12979889E+16   0.13418187E+10
   0.32000000E+01   0.50118723E+14   0.40031051E+01   0.11709154E+16   0.21700111E+00   0.99679127E+03   0.11951940E+14   0.77283234E+16   0.54208197E-01   0.97391696E+03   0.47773003E+14   0.37702196E+01   0.13359774E+16   0.48282835E+14   0.38201412E+01   0.12979889E+16   0.13418187E+10
   0.32000000E+01   0.63095734E+14   0.40026742E+01   0.11709154E+16   0.23431241E+00   0.10763105E+04   0.15047882E+14   0.77264850E+16   0.58538967E-01   0.10515995E+04   0.60142489E+14   0.37698103E+01   0.13359774E+16   0.60784360E+14   0.38197273E+01   0.12979889E+16   0.13418187E+10
   0.32000000E+01   0.79432823E+14   0.40023006E+01   0.11709154E+16   0.25300472E+00   0.11621733E+04   0.18945559E+14   0.77248917E+16   0.63214823E-01   0.11354799E+04   0.75714734E+14   0.37694556E+01   0.13359774E+16   0.76522835E+14   0.38193684E+01   0.12979889E+16   0.13418187E+10
   0.32000000E+01   0.10000000E+15   0.40019769E+01   0.11709154E+16   0.27318821E+00   0.12548859E+04   0.23852570E+14   0.77235114E+16   0.68263317E-01   0.12260526E+04   0.95319013E+14   0.37691482E+01   0.13359774E+16   0.96336389E+14   0.38190575E+01   0.12979889E+16   0.13418187E+10
   0.32000000E+01   0.12589254E+15   0.40016968E+01   0.11709154E+16   0.29498185E+00   0.13549946E+04   0.30030268E+14   0.77223172E+16   0.73714192E-01   0.13238514E+04   0.11999932E+15   0.37688823E+01   0.13359774E+16   0.12128016E+15   0.38187885E+01   0.12979889E+16   0.13418187E+10
   0.32000000E+01   0.15848932E+15   0.40014548E+01   0.11709154E+16   0.31851407E+00   0.14630895E+04   0.37807675E+14   0.77212856E+16   0.79599567E-01   0.14294529E+04   0.15106997E+15   0.37686526E+01   0.13359774E+16   0.15268250E+15   0.38185561E+01   0.12979889E+16   0.13418187E+10
   0.32000000E+01   0.19952623E+15   0.40012461E+01   0.11709154E+16   0.34392358E+00   0.15798077E+04   0.47599006E+14   0.77203957E+16   0.85954119E-01   0.15434793E+04   0.19018558E+15   0.37684544E+01   0.13359774E+16   0.19221568E+15   0.38183556E+01   0.12979889E+16   0.13418187E+10
   0.32000000E+01   0.25118864E+15   0.40010663E+01   0.11709154E+16   0.37136014E+00   0.17058371E+04   0.59925727E+14   0.77196293E+16   0.92815293E-01   0.16666027E+04   0.23942920E+15   0.37682836E+01   0.13359774E+16   0.24198499E+15   0.38181829E+01   0.12979889E+16   0.13418187E+10
   0.32000000E+01   0.31622777E+15   0.40009118E+01   0.11709154E+16   0.40098546E+00   0.18419205E+04   0.75444324E+14   0.77189704E+16   0.10022352E+00   0.17995489E+04   0.30142321E+15   0.37681369E+01   0.13359774E+16   0.30464082E+15   0.38180345E+01   0.12979889E+16   0.13418187E+10
   0.32000000E+01   0.39810717E+15   0.40007789E+01   0.11709154E+16   0.43297414E+00   0.19888600E+04   0.94981270E+14   0.77184043E+16   0.10822246E+00   0.19431015E+04   0.37946903E+15   0.37680108E+01   0.13359774E+16   0.38351982E+15   0.38179069E+01   0.12979889E+16   0.13418187E+10
   0.32000000E+01   0.50118723E+15   0.40006652E+01   0.11709154E+16   0.46751472E+00   0.21475217E+04   0.11957702E+15   0.77179195E+16   0.11685925E+00   0.20981065E+04   0.47772287E+15   0.37679028E+01   0.13359774E+16   0.48282258E+15   0.38177976E+01   0.12979889E+16   0.13418187E+10
   0.32000000E+01   0.63095734E+15   0.40005677E+01   0.11709154E+16   0.50481078E+00   0.23188406E+04   0.15054145E+15   0.77175038E+16   0.12618479E+00   0.22654775E+04   0.60141710E+15   0.37678101E+01   0.13359774E+16   0.60783733E+15   0.38177039E+01   0.12979889E+16   0.13418187E+10
   0.32000000E+01   0.79432823E+15   0.40004844E+01   0.11709154E+16   0.54508215E+00   0.25038265E+04   0.18952358E+15   0.77171490E+16   0.13625404E+00   0.24462010E+04   0.75713889E+15   0.37677311E+01   0.13359774E+16   0.76522154E+15   0.38176240E+01   0.12979889E+16   0.13418187E+10
   0.32000000E+01   0.10000000E+16   0.40004132E+01   0.11709154E+16   0.58856616E+00   0.27035696E+04   0.23859941E+15   0.77168455E+16   0.14712634E+00   0.26413422E+04   0.95318097E+15   0.37676635E+01   0.13359774E+16   0.96335651E+15   0.38175556E+01   0.12979889E+16   0.13418187E+10
   0.32000000E+01   0.12589254E+16   0.40003526E+01   0.11709154E+16   0.63551913E+00   0.29192473E+04   0.30038246E+15   0.77165870E+16   0.15886578E+00   0.28520511E+04   0.11999833E+16   0.37676059E+01   0.13359774E+16   0.12127936E+16   0.38174973E+01   0.12979889E+16   0.13418187E+10
   0.32000000E+01   0.15848932E+16   0.40003008E+01   0.11709154E+16   0.68621777E+00   0.31521308E+04   0.37816298E+15   0.77163665E+16   0.17154154E+00   0.30795698E+04   0.15106890E+16   0.37675568E+01   0.13359774E+16   0.15268163E+16   0.38174476E+01   0.12979889E+16   0.13418187E+10
   0.32000000E+01   0.19952623E+16   0.40002568E+01   0.11709154E+16   0.74096090E+00   0.34035925E+04   0.47608313E+15   0.77161788E+16   0.18522833E+00   0.33252392E+04   0.19018442E+16   0.37675149E+01   0.13359774E+16   0.19221475E+16   0.38174053E+01   0.12979889E+16   0.13418187E+10
   0.32000000E+01   0.25118864E+16   0.40002194E+01   0.11709154E+16   0.80007118E+00   0.36751146E+04   0.59935758E+15   0.77160194E+16   0.20000682E+00   0.35905071E+04   0.23942795E+16   0.37674794E+01   0.13359774E+16   0.24198399E+16   0.38173694E+01   0.12979889E+16   0.13418187E+10
   0.32000000E+01   0.31622777E+16   0.40001875E+01   0.11709154E+16   0.86389698E+00   0.39682975E+04   0.75455124E+15   0.77158835E+16   0.21596412E+00   0.38769372E+04   0.30142187E+16   0.37674491E+01   0.13359774E+16   0.30463974E+16   0.38173388E+01   0.12979889E+16   0.13418187E+10
   0.32000000E+01   0.39810717E+16   0.40001605E+01   0.11709154E+16   0.93281451E+00   0.42848691E+04   0.94992879E+15   0.77157686E+16   0.23319427E+00   0.41862175E+04   0.37946759E+16   0.37674236E+01   0.13359774E+16   0.38351866E+16   0.38173129E+01   0.12979889E+16   0.13418187E+10
   0.32000000E+01   0.50118723E+16   0.40001375E+01   0.11709154E+16   0.10072299E+01   0.46266952E+04   0.11958949E+16   0.77156703E+16   0.25179883E+00   0.45201710E+04   0.47772132E+16   0.37674016E+01   0.13359774E+16   0.48282133E+16   0.38172907E+01   0.12979889E+16   0.13418187E+10
   0.32000000E+01   0.63095734E+16   0.40001181E+01   0.11709154E+16   0.10875819E+01   0.49957906E+04   0.15055483E+16   0.77155878E+16   0.27188744E+00   0.48807659E+04   0.60141544E+16   0.37673833E+01   0.13359774E+16   0.60783599E+16   0.38172721E+01   0.12979889E+16   0.13418187E+10
   0.32000000E+01   0.79432823E+16   0.40001014E+01   0.11709154E+16   0.11743439E+01   0.53943306E+04   0.18953793E+16   0.77155169E+16   0.29357853E+00   0.52701275E+04   0.75713711E+16   0.37673675E+01   0.13359774E+16   0.76522011E+16   0.38172561E+01   0.12979889E+16   0.13418187E+10
   0.32000000E+01   0.10000000E+17   0.40000875E+01   0.11709154E+16   0.12680274E+01   0.58246642E+04   0.23861477E+16   0.77154576E+16   0.31699990E+00   0.56905507E+04   0.95317906E+16   0.37673542E+01   0.13359774E+16   0.96335498E+16   0.38172428E+01   0.12979889E+16   0.13418187E+10
   0.32000000E+01   0.12589254E+17   0.40000755E+01   0.11709154E+16   0.13691844E+01   0.62893277E+04   0.30039891E+16   0.77154064E+16   0.34228965E+00   0.61445134E+04   0.11999813E+17   0.37673428E+01   0.13359774E+16   0.12127920E+17   0.38172312E+01   0.12979889E+16   0.13418187E+10
