         1        92   0.23000000E+01   0.31562220E+00   0.68437780E+00   0.82883870E+00   0.96580000E+00   0.22242000E-01  ---------------   0.27255000E+01  ---------------      0.67238290E+00                                 
   0.23000000E+01   0.10000000E+08   0.65925296E+01   0.57699860E+15   0.16053838E-02   0.51766138E+01   0.16666808E+07   0.11888138E+17   0.24351560E-03   0.54262279E+01   0.95981614E+07   0.61944586E+01   0.66758877E+15   0.97591020E+07   0.63517293E+01   0.62960032E+15   0.19169866E+10
   0.23000000E+01   0.12589254E+08   0.65396318E+01   0.57699860E+15   0.17334535E-02   0.55895790E+01   0.21092702E+07   0.11665336E+17   0.26506898E-03   0.58508889E+01   0.12081366E+08   0.61444153E+01   0.66758877E+15   0.12284801E+08   0.63005618E+01   0.62960032E+15   0.19169866E+10
   0.23000000E+01   0.15848932E+08   0.64856869E+01   0.57699860E+15   0.18717401E-02   0.60354886E+01   0.26698300E+07   0.11440808E+17   0.28859551E-03   0.63085889E+01   0.15207051E+08   0.60933981E+01   0.66758877E+15   0.15464123E+08   0.62483835E+01   0.62960032E+15   0.19169866E+10
   0.23000000E+01   0.19952623E+08   0.64317309E+01   0.57699860E+15   0.20210584E-02   0.65169707E+01   0.33795805E+07   0.11218932E+17   0.31423243E-03   0.68020700E+01   0.19141155E+08   0.60423492E+01   0.66758877E+15   0.19466124E+08   0.61961839E+01   0.62960032E+15   0.19169866E+10
   0.23000000E+01   0.25118864E+08   0.63779335E+01   0.57699860E+15   0.21822887E-02   0.70368631E+01   0.42782162E+07   0.11000383E+17   0.34216235E-03   0.73341612E+01   0.24092945E+08   0.59914489E+01   0.66758877E+15   0.24503786E+08   0.61441384E+01   0.62960032E+15   0.19169866E+10
   0.23000000E+01   0.31622777E+08   0.63242991E+01   0.57699860E+15   0.23563812E-02   0.75982300E+01   0.54160605E+07   0.10785142E+17   0.37259167E-03   0.79078858E+01   0.30325967E+08   0.59407216E+01   0.66758877E+15   0.30845389E+08   0.60922693E+01   0.62960032E+15   0.19169866E+10
   0.23000000E+01   0.39810717E+08   0.62697817E+01   0.57699860E+15   0.25443618E-02   0.82043800E+01   0.68576218E+07   0.10569050E+17   0.40581346E-03   0.85262633E+01   0.38171381E+08   0.58891637E+01   0.66758877E+15   0.38827817E+08   0.60395329E+01   0.62960032E+15   0.19169866E+10
   0.23000000E+01   0.50118723E+08   0.62151250E+01   0.57699860E+15   0.27473387E-02   0.88588857E+01   0.86836093E+07   0.10355117E+17   0.44204078E-03   0.91929346E+01   0.48045775E+08   0.58374546E+01   0.66758877E+15   0.48875820E+08   0.59866586E+01   0.62960032E+15   0.19169866E+10
   0.23000000E+01   0.63095734E+08   0.61607887E+01   0.57699860E+15   0.29665081E-02   0.95656048E+01   0.10996209E+08   0.10145117E+17   0.48151434E-03   0.99117896E+01   0.60474433E+08   0.57860497E+01   0.66758877E+15   0.61524019E+08   0.59340948E+01   0.62960032E+15   0.19169866E+10
   0.23000000E+01   0.79432823E+08   0.61064716E+01   0.57699860E+15   0.32031618E-02   0.10328702E+02   0.13925670E+08   0.99378456E+16   0.52455198E-03   0.10686832E+02   0.76118517E+08   0.57346778E+01   0.66758877E+15   0.77445773E+08   0.58815643E+01   0.62960032E+15   0.19169866E+10
   0.23000000E+01   0.10000000E+09   0.60512962E+01   0.57699860E+15   0.34586945E-02   0.11152676E+02   0.17638539E+08   0.97300034E+16   0.57156259E-03   0.11522179E+02   0.95809258E+08   0.56825006E+01   0.66758877E+15   0.97487348E+08   0.58281999E+01   0.62960032E+15   0.19169866E+10
   0.23000000E+01   0.12589254E+09   0.59963366E+01   0.57699860E+15   0.37346124E-02   0.12042383E+02   0.22342528E+08   0.95256686E+16   0.62281568E-03   0.12422860E+02   0.12059281E+09   0.56305185E+01   0.66758877E+15   0.12271460E+09   0.57750358E+01   0.62960032E+15   0.19169866E+10
   0.23000000E+01   0.15848932E+09   0.59414374E+01   0.57699860E+15   0.40325418E-02   0.13003066E+02   0.28303050E+08   0.93242293E+16   0.67871485E-03   0.13393934E+02   0.15178620E+09   0.55785869E+01   0.66758877E+15   0.15446976E+09   0.57219310E+01   0.62960032E+15   0.19169866E+10
   0.23000000E+01   0.19952623E+09   0.58865693E+01   0.57699860E+15   0.43542384E-02   0.14040388E+02   0.35856467E+08   0.91255577E+16   0.73969034E-03   0.14440891E+02   0.19104773E+09   0.55266861E+01   0.66758877E+15   0.19444194E+09   0.56688572E+01   0.62960032E+15   0.19169866E+10
   0.23000000E+01   0.25118864E+09   0.58311074E+01   0.57699860E+15   0.47015985E-02   0.15160462E+02   0.45432598E+08   0.89274172E+16   0.80629599E-03   0.15569395E+02   0.24046520E+09   0.54742383E+01   0.66758877E+15   0.24475867E+09   0.56152230E+01   0.62960032E+15   0.19169866E+10
   0.23000000E+01   0.31622777E+09   0.57757601E+01   0.57699860E+15   0.50766693E-02   0.16369890E+02   0.57570366E+08   0.87323589E+16   0.87896124E-03   0.16786101E+02   0.30266471E+09   0.54219019E+01   0.66758877E+15   0.30809532E+09   0.55616987E+01   0.62960032E+15   0.19169866E+10
   0.23000000E+01   0.39810717E+09   0.57205315E+01   0.57699860E+15   0.54816614E-02   0.17675801E+02   0.72956196E+08   0.85403658E+16   0.95824337E-03   0.18097908E+02   0.38095177E+09   0.53696786E+01   0.66758877E+15   0.38781877E+09   0.55082790E+01   0.62960032E+15   0.19169866E+10
   0.23000000E+01   0.50118723E+09   0.56653984E+01   0.57699860E+15   0.59189618E-02   0.19085891E+02   0.92461089E+08   0.83513272E+16   0.10447565E-02   0.19512241E+02   0.47948366E+09   0.53175343E+01   0.66758877E+15   0.48817075E+09   0.54549525E+01   0.62960032E+15   0.19169866E+10
   0.23000000E+01   0.63095734E+09   0.56097896E+01   0.57699860E+15   0.63911480E-02   0.20608471E+02   0.11719816E+09   0.81632977E+16   0.11392848E-02   0.21036789E+02   0.60349706E+09   0.52649413E+01   0.66758877E+15   0.61448790E+09   0.54011672E+01   0.62960032E+15   0.19169866E+10
   0.23000000E+01   0.79432823E+09   0.55544705E+01   0.57699860E+15   0.69010029E-02   0.22252515E+02   0.14856206E+09   0.79788634E+16   0.12424232E-02   0.22680592E+02   0.75958328E+09   0.52126237E+01   0.66758877E+15   0.77348922E+09   0.53476629E+01   0.62960032E+15   0.19169866E+10
   0.23000000E+01   0.10000000E+10   0.54996878E+01   0.57699860E+15   0.74515315E-02   0.24027713E+02   0.18832462E+09   0.77987743E+16   0.13549008E-02   0.24453161E+02   0.95604057E+09   0.51608201E+01   0.66758877E+15   0.97363498E+09   0.52946838E+01   0.62960032E+15   0.19169866E+10
   0.23000000E+01   0.12589254E+10   0.54440530E+01   0.57699860E+15   0.80459786E-02   0.25944528E+02   0.23877880E+09   0.76184732E+16   0.14779391E-02   0.26363607E+02   0.12033037E+10   0.51082171E+01   0.66758877E+15   0.12255677E+10   0.52408861E+01   0.62960032E+15   0.19169866E+10
   0.23000000E+01   0.15848932E+10   0.53890079E+01   0.57699860E+15   0.86878479E-02   0.28014256E+02   0.30275770E+09   0.74426363E+16   0.16121424E-02   0.28423733E+02   0.15145149E+10   0.50561728E+01   0.66758877E+15   0.15426879E+10   0.51876593E+01   0.62960032E+15   0.19169866E+10
   0.23000000E+01   0.19952623E+10   0.53344213E+01   0.57699860E+15   0.93809223E-02   0.30249098E+02   0.38389512E+09   0.72707576E+16   0.17585642E-02   0.30645195E+02   0.19062107E+10   0.50045634E+01   0.66758877E+15   0.19418517E+10   0.51348678E+01   0.62960032E+15   0.19169866E+10
   0.23000000E+01   0.25118864E+10   0.52793961E+01   0.57699860E+15   0.10129287E-01   0.32662225E+02   0.48685570E+09   0.70999967E+16   0.19186450E-02   0.33039847E+02   0.23991946E+10   0.49525400E+01   0.66758877E+15   0.24442884E+10   0.50816530E+01   0.62960032E+15   0.19169866E+10
   0.23000000E+01   0.31622777E+10   0.52250095E+01   0.57699860E+15   0.10937352E-01   0.35267859E+02   0.61744272E+09   0.69336683E+16   0.20932694E-02   0.35622220E+02   0.30196609E+10   0.49011168E+01   0.66758877E+15   0.30767234E+10   0.50290564E+01   0.62960032E+15   0.19169866E+10
   0.23000000E+01   0.39810717E+10   0.51710050E+01   0.57699860E+15   0.11809882E-01   0.38081359E+02   0.78309914E+09   0.67709057E+16   0.22838658E-02   0.38406814E+02   0.38005725E+10   0.48500537E+01   0.66758877E+15   0.38727888E+10   0.49768304E+01   0.62960032E+15   0.19169866E+10
   0.23000000E+01   0.50118723E+10   0.51171522E+01   0.57699860E+15   0.12752017E-01   0.41119305E+02   0.99328689E+09   0.66109646E+16   0.24920144E-02   0.41409242E+02   0.47834182E+10   0.47991357E+01   0.66758877E+15   0.48748165E+10   0.49247519E+01   0.62960032E+15   0.19169866E+10
   0.23000000E+01   0.63095734E+10   0.50636909E+01   0.57699860E+15   0.13769311E-01   0.44399604E+02   0.12599592E+10   0.64545088E+16   0.27192242E-02   0.44646862E+02   0.60204168E+10   0.47485894E+01   0.66758877E+15   0.61360948E+10   0.48730532E+01   0.62960032E+15   0.19169866E+10
   0.23000000E+01   0.79432823E+10   0.50109601E+01   0.57699860E+15   0.14867760E-01   0.47941590E+02   0.15982363E+10   0.63024438E+16   0.29670481E-02   0.48138594E+02   0.75772966E+10   0.46987351E+01   0.66758877E+15   0.77237032E+10   0.48220615E+01   0.62960032E+15   0.19169866E+10
   0.23000000E+01   0.10000000E+11   0.49585946E+01   0.57699860E+15   0.16053838E-01   0.51766138E+02   0.20274525E+10   0.61536337E+16   0.32375782E-02   0.51903950E+02   0.95367944E+10   0.46492331E+01   0.66758877E+15   0.97220972E+10   0.47714297E+01   0.62960032E+15   0.19169866E+10
   0.23000000E+01   0.12589254E+11   0.49066657E+01   0.57699860E+15   0.17334535E-01   0.55895790E+02   0.25720604E+10   0.60082183E+16   0.35328544E-02   0.55964537E+02   0.12003001E+11   0.46001465E+01   0.66758877E+15   0.12237538E+11   0.47212220E+01   0.62960032E+15   0.19169866E+10
   0.23000000E+01   0.15848932E+11   0.48561585E+01   0.57699860E+15   0.18717401E-01   0.60354886E+02   0.32626301E+10   0.58688300E+16   0.38543637E-02   0.60345206E+02   0.15107011E+11   0.45524056E+01   0.66758877E+15   0.15403842E+11   0.46723906E+01   0.62960032E+15   0.19169866E+10
   0.23000000E+01   0.19952623E+11   0.48056162E+01   0.57699860E+15   0.20210584E-01   0.65169707E+02   0.41390889E+10   0.57313527E+16   0.42056177E-02   0.65068783E+02   0.19013635E+11   0.45046326E+01   0.66758877E+15   0.19389327E+11   0.46235256E+01   0.62960032E+15   0.19169866E+10
   0.23000000E+01   0.25118864E+11   0.47565305E+01   0.57699860E+15   0.21822887E-01   0.70368631E+02   0.52504022E+10   0.55997490E+16   0.45879843E-02   0.70165000E+02   0.23930580E+11   0.44582382E+01   0.66758877E+15   0.24405924E+11   0.45760627E+01   0.62960032E+15   0.19169866E+10
   0.23000000E+01   0.31622777E+11   0.47083153E+01   0.57699860E+15   0.23563812E-01   0.75982300E+02   0.66599103E+10   0.54723030E+16   0.50047225E-02   0.75662274E+02   0.30119063E+11   0.44126682E+01   0.66758877E+15   0.30720453E+11   0.45294418E+01   0.62960032E+15   0.19169866E+10
   0.23000000E+01   0.39810717E+11   0.46610897E+01   0.57699860E+15   0.25443618E-01   0.82043800E+02   0.84473895E+10   0.53492147E+16   0.54587275E-02   0.81592596E+02   0.37907826E+11   0.43680305E+01   0.66758877E+15   0.38668751E+11   0.44837781E+01   0.62960032E+15   0.19169866E+10
   0.23000000E+01   0.50118723E+11   0.46152383E+01   0.57699860E+15   0.27473387E-01   0.88588857E+02   0.10713371E+11   0.52313489E+16   0.59527559E-02   0.87991200E+02   0.47710730E+11   0.43246875E+01   0.66758877E+15   0.48673588E+11   0.44394434E+01   0.62960032E+15   0.19169866E+10
   0.23000000E+01   0.63095734E+11   0.45705876E+01   0.57699860E+15   0.29665081E-01   0.95656048E+02   0.13585911E+11   0.51181146E+16   0.64904305E-02   0.94894891E+02   0.60048769E+11   0.42824798E+01   0.66758877E+15   0.61267068E+11   0.43962698E+01   0.62960032E+15   0.19169866E+10
   0.23000000E+01   0.79432823E+11   0.45273199E+01   0.57699860E+15   0.32031618E-01   0.10328702E+03   0.17226406E+11   0.50098343E+16   0.70751833E-02   0.10234431E+03   0.75578342E+11   0.42415919E+01   0.66758877E+15   0.77119725E+11   0.43544463E+01   0.62960032E+15   0.19169866E+10
   0.23000000E+01   0.10000000E+12   0.44858043E+01   0.57699860E+15   0.34586945E-01   0.11152676E+03   0.21838053E+11   0.49072707E+16   0.77103108E-02   0.11038402E+03   0.95124781E+11   0.42023620E+01   0.66758877E+15   0.97074684E+11   0.43143190E+01   0.62960032E+15   0.19169866E+10
   0.23000000E+01   0.12589254E+12   0.44455439E+01   0.57699860E+15   0.37346124E-01   0.12042383E+03   0.27680837E+11   0.48090477E+16   0.84007998E-02   0.11905962E+03   0.11972690E+12   0.41643197E+01   0.66758877E+15   0.12219211E+12   0.42753916E+01   0.62960032E+15   0.19169866E+10
   0.23000000E+01   0.15848932E+12   0.44074323E+01   0.57699860E+15   0.40325418E-01   0.13003066E+03   0.35076875E+11   0.47171860E+16   0.91494127E-02   0.12842484E+03   0.15069209E+12   0.41282981E+01   0.66758877E+15   0.15380908E+12   0.42385396E+01   0.62960032E+15   0.19169866E+10
   0.23000000E+01   0.19952623E+12   0.43706189E+01   0.57699860E+15   0.43542384E-01   0.14040388E+03   0.44442495E+11   0.46294820E+16   0.99625213E-02   0.13853190E+03   0.18966674E+12   0.40935043E+01   0.66758877E+15   0.19360844E+12   0.42029508E+01   0.62960032E+15   0.19169866E+10
   0.23000000E+01   0.25118864E+12   0.43361165E+01   0.57699860E+15   0.47015985E-01   0.15160462E+03   0.56290009E+11   0.45481972E+16   0.10842879E-01   0.14944403E+03   0.23872661E+12   0.40609078E+01   0.66758877E+15   0.24371002E+12   0.41696091E+01   0.62960032E+15   0.19169866E+10
   0.23000000E+01   0.31622777E+12   0.43031379E+01   0.57699860E+15   0.50766693E-01   0.16369890E+03   0.71281250E+11   0.44713251E+16   0.11797598E-01   0.16122265E+03   0.30047771E+12   0.40297484E+01   0.66758877E+15   0.30677300E+12   0.41377183E+01   0.62960032E+15   0.19169866E+10
   0.23000000E+01   0.39810717E+12   0.42724898E+01   0.57699860E+15   0.54816614E-01   0.17675801E+03   0.90232701E+11   0.44006031E+16   0.12830133E-01   0.17394085E+03   0.37820288E+12   0.40007790E+01   0.66758877E+15   0.38615955E+12   0.41080895E+01   0.62960032E+15   0.19169866E+10
   0.23000000E+01   0.50118723E+12   0.42435892E+01   0.57699860E+15   0.59189618E-01   0.19085891E+03   0.11419270E+12   0.43345448E+16   0.13948009E-01   0.18767148E+03   0.47604414E+12   0.39734796E+01   0.66758877E+15   0.48609557E+12   0.40801597E+01   0.62960032E+15   0.19169866E+10
   0.23000000E+01   0.63095734E+12   0.42168012E+01   0.57699860E+15   0.63911480E-01   0.20608471E+03   0.14446606E+12   0.42738605E+16   0.15156389E-01   0.20249777E+03   0.59919503E+12   0.39481572E+01   0.66758877E+15   0.61188899E+12   0.40542508E+01   0.62960032E+15   0.19169866E+10
   0.23000000E+01   0.79432823E+12   0.41919811E+01   0.57699860E+15   0.69010029E-01   0.22252515E+03   0.18270644E+12   0.42181006E+16   0.16462390E-01   0.21850717E+03   0.75422482E+12   0.39247154E+01   0.66758877E+15   0.77025755E+12   0.40302740E+01   0.62960032E+15   0.19169866E+10
   0.23000000E+01   0.10000000E+13   0.41690474E+01   0.57699860E+15   0.74515315E-01   0.24027713E+03   0.23099650E+12   0.41669764E+16   0.17873463E-01   0.23579443E+03   0.94936210E+12   0.39030374E+01   0.66758877E+15   0.96959856E+12   0.40080897E+01   0.62960032E+15   0.19169866E+10
   0.23000000E+01   0.12589254E+13   0.41481912E+01   0.57699860E+15   0.80459786E-01   0.25944528E+03   0.29194535E+12   0.41208138E+16   0.19396354E-01   0.25446375E+03   0.11950201E+13   0.38833430E+01   0.66758877E+15   0.12205637E+13   0.39879422E+01   0.62960032E+15   0.19169866E+10
   0.23000000E+01   0.15848932E+13   0.41290890E+01   0.57699860E+15   0.86878479E-01   0.28014256E+03   0.36886335E+12   0.40788092E+16   0.21040592E-01   0.27462431E+03   0.15042391E+13   0.38652873E+01   0.66758877E+15   0.15364749E+13   0.39694714E+01   0.62960032E+15   0.19169866E+10
   0.23000000E+01   0.19952623E+13   0.41118957E+01   0.57699860E+15   0.93809223E-01   0.30249098E+03   0.46588830E+12   0.40412267E+16   0.22814106E-01   0.29639739E+03   0.18935150E+13   0.38490503E+01   0.66758877E+15   0.19341723E+13   0.39528507E+01   0.62960032E+15   0.19169866E+10
   0.23000000E+01   0.25118864E+13   0.40964761E+01   0.57699860E+15   0.10129287E+00   0.32662225E+03   0.58824605E+12   0.40077022E+16   0.24726830E-01   0.31991197E+03   0.23835415E+13   0.38344809E+01   0.66758877E+15   0.24348463E+13   0.39379562E+01   0.62960032E+15   0.19169866E+10
   0.23000000E+01   0.31622777E+13   0.40826274E+01   0.57699860E+15   0.10937352E+00   0.35267859E+03   0.74252628E+12   0.39777382E+16   0.26789985E-01   0.34530661E+03   0.30004036E+13   0.38213916E+01   0.66758877E+15   0.30650981E+13   0.39245615E+01   0.62960032E+15   0.19169866E+10
   0.23000000E+01   0.39810717E+13   0.40705602E+01   0.57699860E+15   0.11809882E+00   0.38081359E+03   0.93695943E+12   0.39517408E+16   0.29012915E-01   0.37273478E+03   0.37769716E+13   0.38099914E+01   0.66758877E+15   0.38585235E+13   0.39128917E+01   0.62960032E+15   0.19169866E+10
   0.23000000E+01   0.50118723E+13   0.40599060E+01   0.57699860E+15   0.12752017E+00   0.41119305E+03   0.11819934E+13   0.39288742E+16   0.31409636E-01   0.40235674E+03   0.47546088E+13   0.37999349E+01   0.66758877E+15   0.48574080E+13   0.39026006E+01   0.62960032E+15   0.19169866E+10
   0.23000000E+01   0.63095734E+13   0.40506754E+01   0.57699860E+15   0.13769311E+00   0.44399604E+03   0.14907077E+13   0.39091285E+16   0.33992630E-01   0.43434924E+03   0.59852968E+13   0.37912107E+01   0.66758877E+15   0.61149117E+13   0.38936846E+01   0.62960032E+15   0.19169866E+10
   0.23000000E+01   0.79432823E+13   0.40428007E+01   0.57699860E+15   0.14867760E+00   0.47941590E+03   0.18795664E+13   0.38923312E+16   0.36775892E-01   0.46890237E+03   0.75346106E+13   0.37837681E+01   0.66758877E+15   0.76979572E+13   0.38860713E+01   0.62960032E+15   0.19169866E+10
   0.23000000E+01   0.10000000E+14   0.40360560E+01   0.57699860E+15   0.16053838E+00   0.51766138E+03   0.23693478E+13   0.38779796E+16   0.39776053E-01   0.50621938E+03   0.94850465E+13   0.37773937E+01   0.66758877E+15   0.96908388E+13   0.38795461E+01   0.62960032E+15   0.19169866E+10
   0.23000000E+01   0.12589254E+14   0.40303529E+01   0.57699860E+15   0.17334535E+00   0.55895790E+03   0.29861582E+13   0.38658695E+16   0.43009969E-01   0.54652124E+03   0.11940469E+14   0.37720038E+01   0.66758877E+15   0.12199707E+14   0.38740286E+01   0.62960032E+15   0.19169866E+10
   0.23000000E+01   0.15848932E+14   0.40255574E+01   0.57699860E+15   0.18717401E+00   0.60354886E+03   0.37628814E+13   0.38557044E+16   0.46496420E-01   0.59004578E+03   0.15031662E+14   0.37674741E+01   0.66758877E+15   0.15358195E+14   0.38693916E+01   0.62960032E+15   0.19169866E+10
   0.23000000E+01   0.19952623E+14   0.40215192E+01   0.57699860E+15   0.20210584E+00   0.65169707E+03   0.47409390E+13   0.38471574E+16   0.50256093E-01   0.63704927E+03   0.18923275E+14   0.37636639E+01   0.66758877E+15   0.19334538E+14   0.38654912E+01   0.62960032E+15   0.19169866E+10
   0.23000000E+01   0.25118864E+14   0.40181231E+01   0.57699860E+15   0.21822887E+00   0.70368631E+03   0.59724692E+13   0.38399783E+16   0.54311146E-01   0.68780872E+03   0.23822497E+14   0.37604595E+01   0.66758877E+15   0.24340440E+14   0.38622109E+01   0.62960032E+15   0.19169866E+10
   0.23000000E+01   0.31622777E+14   0.40152610E+01   0.57699860E+15   0.23563812E+00   0.75982300E+03   0.75231237E+13   0.38339344E+16   0.58685629E-01   0.74262304E+03   0.29990197E+14   0.37577579E+01   0.66758877E+15   0.30642478E+14   0.38594464E+01   0.62960032E+15   0.19169866E+10
   0.23000000E+01   0.39810717E+14   0.40128547E+01   0.57699860E+15   0.25443618E+00   0.82043800E+03   0.94755355E+13   0.38288575E+16   0.63405282E-01   0.80181535E+03   0.37754751E+14   0.37554837E+01   0.66758877E+15   0.38576256E+14   0.38571222E+01   0.62960032E+15   0.19169866E+10
   0.23000000E+01   0.50118723E+14   0.40108181E+01   0.57699860E+15   0.27473387E+00   0.88588857E+03   0.11933776E+14   0.38245639E+16   0.68498212E-01   0.86573410E+03   0.47529700E+14   0.37535590E+01   0.66758877E+15   0.48564268E+14   0.38551551E+01   0.62960032E+15   0.19169866E+10
   0.23000000E+01   0.63095734E+14   0.40090976E+01   0.57699860E+15   0.29665081E+00   0.95656048E+03   0.15028826E+14   0.38209389E+16   0.73994410E-01   0.93475605E+03   0.59835588E+14   0.37519329E+01   0.66758877E+15   0.61138407E+14   0.38534933E+01   0.62960032E+15   0.19169866E+10
   0.23000000E+01   0.79432823E+14   0.40076450E+01   0.57699860E+15   0.32031618E+00   0.10328702E+04   0.18925589E+14   0.38178801E+16   0.79926285E-01   0.10092880E+04   0.75327733E+14   0.37505601E+01   0.66758877E+15   0.76968286E+14   0.38520903E+01   0.62960032E+15   0.19169866E+10
   0.23000000E+01   0.10000000E+15   0.40064147E+01   0.57699860E+15   0.34586945E+00   0.11152676E+04   0.23831686E+14   0.38152904E+16   0.86328921E-01   0.10897690E+04   0.94831136E+14   0.37493973E+01   0.66758877E+15   0.96896896E+14   0.38509019E+01   0.62960032E+15   0.19169866E+10
   0.23000000E+01   0.12589254E+15   0.40053765E+01   0.57699860E+15   0.37346124E+00   0.12042383E+04   0.30008460E+14   0.38131060E+16   0.93239985E-01   0.11766735E+04   0.11938441E+15   0.37484161E+01   0.66758877E+15   0.12198550E+15   0.38498992E+01   0.62960032E+15   0.19169866E+10
   0.23000000E+01   0.15848932E+15   0.40044995E+01   0.57699860E+15   0.40325418E+00   0.13003066E+04   0.37784951E+14   0.38112615E+16   0.10070027E+00   0.12705136E+04   0.15029509E+15   0.37475873E+01   0.66758877E+15   0.15357016E+15   0.38490521E+01   0.62960032E+15   0.19169866E+10
   0.23000000E+01   0.19952623E+15   0.40037604E+01   0.57699860E+15   0.43542384E+00   0.14040388E+04   0.47575375E+14   0.38097073E+16   0.10875372E+00   0.13718425E+04   0.18920928E+15   0.37468888E+01   0.66758877E+15   0.19333285E+15   0.38483383E+01   0.62960032E+15   0.19169866E+10
   0.23000000E+01   0.25118864E+15   0.40031390E+01   0.57699860E+15   0.47015985E+00   0.15160462E+04   0.59901197E+14   0.38084010E+16   0.11744779E+00   0.14812574E+04   0.23819927E+15   0.37463016E+01   0.66758877E+15   0.24339108E+15   0.38477381E+01   0.62960032E+15   0.19169866E+10
   0.23000000E+01   0.31622777E+15   0.40026165E+01   0.57699860E+15   0.50766693E+00   0.16369890E+04   0.75418922E+14   0.38073026E+16   0.12683377E+00   0.15994030E+04   0.29987396E+15   0.37458077E+01   0.66758877E+15   0.30641063E+15   0.38472333E+01   0.62960032E+15   0.19169866E+10
   0.23000000E+01   0.39810717E+15   0.40021785E+01   0.57699860E+15   0.54816614E+00   0.17675801E+04   0.94955010E+14   0.38063822E+16   0.13696694E+00   0.17269759E+04   0.37751773E+15   0.37453938E+01   0.66758877E+15   0.38574752E+15   0.38468103E+01   0.62960032E+15   0.19169866E+10
   0.23000000E+01   0.50118723E+15   0.40018119E+01   0.57699860E+15   0.59189618E+00   0.19085891E+04   0.11954993E+15   0.38056118E+16   0.14790705E+00   0.18647278E+04   0.47526537E+15   0.37450473E+01   0.66758877E+15   0.48562670E+15   0.38464562E+01   0.62960032E+15   0.19169866E+10
   0.23000000E+01   0.63095734E+15   0.40015056E+01   0.57699860E+15   0.63911480E+00   0.20608471E+04   0.15051355E+15   0.38049684E+16   0.15971858E+00   0.20134706E+04   0.59832230E+15   0.37447579E+01   0.66758877E+15   0.61136711E+15   0.38461604E+01   0.62960032E+15   0.19169866E+10
   0.23000000E+01   0.79432823E+15   0.40012501E+01   0.57699860E+15   0.69010029E+00   0.22252515E+04   0.18949490E+15   0.38044316E+16   0.17247117E+00   0.21740810E+04   0.75324172E+15   0.37445164E+01   0.66758877E+15   0.76966486E+15   0.38459136E+01   0.62960032E+15   0.19169866E+10
   0.23000000E+01   0.10000000E+16   0.40010374E+01   0.57699860E+15   0.74515315E+00   0.24027713E+04   0.23856998E+15   0.38039847E+16   0.18623999E+00   0.23475056E+04   0.94827365E+15   0.37443153E+01   0.66758877E+15   0.96894965E+15   0.38457078E+01   0.62960032E+15   0.19169866E+10
   0.23000000E+01   0.12589254E+16   0.40008606E+01   0.57699860E+15   0.80459786E+00   0.25944528E+04   0.30035230E+15   0.38036134E+16   0.20110620E+00   0.25347665E+04   0.11938042E+16   0.37441483E+01   0.66758877E+15   0.12198343E+16   0.38455368E+01   0.62960032E+15   0.19169866E+10
   0.23000000E+01   0.15848932E+16   0.40007138E+01   0.57699860E+15   0.86878479E+00   0.28014256E+04   0.37813212E+15   0.38033049E+16   0.21715745E+00   0.27369674E+04   0.15029088E+16   0.37440095E+01   0.66758877E+15   0.15356793E+16   0.38453947E+01   0.62960032E+15   0.19169866E+10
   0.23000000E+01   0.19952623E+16   0.40005920E+01   0.57699860E+15   0.93809223E+00   0.30249098E+04   0.47605158E+15   0.38030493E+16   0.23448835E+00   0.29553000E+04   0.18920484E+16   0.37438944E+01   0.66758877E+15   0.19333045E+16   0.38452770E+01   0.62960032E+15   0.19169866E+10
   0.23000000E+01   0.25118864E+16   0.40004913E+01   0.57699860E+15   0.10129287E+01   0.32662225E+04   0.59932536E+15   0.38028377E+16   0.25320107E+00   0.31910511E+04   0.23819461E+16   0.37437993E+01   0.66758877E+15   0.24338850E+16   0.38451795E+01   0.62960032E+15   0.19169866E+10
   0.23000000E+01   0.31622777E+16   0.40004078E+01   0.57699860E+15   0.10937352E+01   0.35267859E+04   0.75451838E+15   0.38026624E+16   0.27340594E+00   0.34456102E+04   0.29986906E+16   0.37437204E+01   0.66758877E+15   0.30640784E+16   0.38450987E+01   0.62960032E+15   0.19169866E+10
   0.23000000E+01   0.39810717E+16   0.40003390E+01   0.57699860E+15   0.11809882E+01   0.38081359E+04   0.94989529E+15   0.38025177E+16   0.29522202E+00   0.37204776E+04   0.37751259E+16   0.37436553E+01   0.66758877E+15   0.38574448E+16   0.38450321E+01   0.62960032E+15   0.19169866E+10
   0.23000000E+01   0.50118723E+16   0.40002821E+01   0.57699860E+15   0.12752017E+01   0.41119305E+04   0.11958608E+16   0.38023983E+16   0.31877794E+00   0.40172733E+04   0.47525999E+16   0.37436015E+01   0.66758877E+15   0.48562340E+16   0.38449771E+01   0.62960032E+15   0.19169866E+10
   0.23000000E+01   0.63095734E+16   0.40002349E+01   0.57699860E+15   0.13769311E+01   0.44399604E+04   0.15055135E+16   0.38022992E+16   0.34421256E+00   0.43377466E+04   0.59831667E+16   0.37435569E+01   0.66758877E+15   0.61136349E+16   0.38449314E+01   0.62960032E+15   0.19169866E+10
   0.23000000E+01   0.79432823E+16   0.40001962E+01   0.57699860E+15   0.14867760E+01   0.47941590E+04   0.18953437E+16   0.38022180E+16   0.37167576E+00   0.46837863E+04   0.75323584E+16   0.37435204E+01   0.66758877E+15   0.76966089E+16   0.38448940E+01   0.62960032E+15   0.19169866E+10
   0.23000000E+01   0.10000000E+17   0.40001642E+01   0.57699860E+15   0.16053838E+01   0.51766138E+04   0.23861115E+16   0.38021507E+16   0.40132947E+00   0.50574319E+04   0.94826752E+16   0.37434901E+01   0.66758877E+15   0.96894550E+16   0.38448630E+01   0.62960032E+15   0.19169866E+10
   0.23000000E+01   0.12589254E+17   0.40001377E+01   0.57699860E+15   0.17334535E+01   0.55895790E+04   0.30039522E+16   0.38020950E+16   0.43334847E+00   0.54608856E+04   0.11937978E+17   0.37434650E+01   0.66758877E+15   0.12198300E+17   0.38448374E+01   0.62960032E+15   0.19169866E+10
