         1        92   0.16000000E+01   0.31562220E+00   0.68437780E+00   0.82883870E+00   0.96580000E+00   0.22242000E-01  ---------------   0.27255000E+01  ---------------      0.67238290E+00                                 
   0.16000000E+01   0.10000000E+08   0.85714818E+01   0.29087271E+15   0.20171404E-02   0.46181405E+01   0.14167984E+07   0.11197193E+17   0.23533159E-03   0.50891954E+01   0.95791100E+07   0.79752322E+01   0.34591218E+15   0.98612395E+07   0.83711736E+01   0.30792374E+15   0.27142668E+10
   0.16000000E+01   0.12589254E+08   0.84958724E+01   0.29087271E+15   0.21780581E-02   0.49865534E+01   0.17929801E+07   0.10960561E+17   0.25636662E-03   0.54851966E+01   0.12057161E+08   0.79043964E+01   0.34591218E+15   0.12413829E+08   0.82971672E+01   0.30792374E+15   0.27142668E+10
   0.16000000E+01   0.15848932E+08   0.84203327E+01   0.29087271E+15   0.23518131E-02   0.53843565E+01   0.22691791E+07   0.10727287E+17   0.27930168E-03   0.59119781E+01   0.15176267E+08   0.78336340E+01   0.34591218E+15   0.15627180E+08   0.82232355E+01   0.30792374E+15   0.27142668E+10
   0.16000000E+01   0.19952623E+08   0.83448630E+01   0.29087271E+15   0.25394293E-02   0.58138944E+01   0.28720266E+07   0.10497345E+17   0.30431049E-03   0.63719297E+01   0.19102320E+08   0.77629531E+01   0.34591218E+15   0.19672256E+08   0.81493669E+01   0.30792374E+15   0.27142668E+10
   0.16000000E+01   0.25118864E+08   0.82682429E+01   0.29087271E+15   0.27420127E-02   0.62776987E+01   0.36355769E+07   0.10267067E+17   0.33163185E-03   0.68674222E+01   0.24043703E+08   0.76911755E+01   0.34591218E+15   0.24764349E+08   0.80743729E+01   0.30792374E+15   0.27142668E+10
   0.16000000E+01   0.31622777E+08   0.81913772E+01   0.29087271E+15   0.29607572E-02   0.67785032E+01   0.46025308E+07   0.10039240E+17   0.36144804E-03   0.74013444E+01   0.30263214E+08   0.76191698E+01   0.34591218E+15   0.31174475E+08   0.79991391E+01   0.30792374E+15   0.27142668E+10
   0.16000000E+01   0.39810717E+08   0.81145869E+01   0.29087271E+15   0.31969521E-02   0.73192594E+01   0.58270568E+07   0.98148090E+16   0.39397596E-03   0.79767314E+01   0.38091448E+08   0.75472364E+01   0.34591218E+15   0.39243795E+08   0.79239796E+01   0.30792374E+15   0.27142668E+10
   0.16000000E+01   0.50118723E+08   0.80379916E+01   0.29087271E+15   0.34519895E-02   0.79031545E+01   0.73778143E+07   0.95940884E+16   0.42945921E-03   0.85968253E+01   0.47944552E+08   0.74754902E+01   0.34591218E+15   0.49401820E+08   0.78490146E+01   0.30792374E+15   0.27142668E+10
   0.16000000E+01   0.63095734E+08   0.79600463E+01   0.29087271E+15   0.37273725E-02   0.85336299E+01   0.93429406E+07   0.93726789E+16   0.46826015E-03   0.92647434E+01   0.60346241E+08   0.74024937E+01   0.34591218E+15   0.62189075E+08   0.77727298E+01   0.30792374E+15   0.27142668E+10
   0.16000000E+01   0.79432823E+08   0.78821006E+01   0.29087271E+15   0.40247243E-02   0.92144016E+01   0.11832440E+08   0.91544778E+16   0.51061569E-03   0.99844759E+01   0.75955519E+08   0.73294963E+01   0.34591218E+15   0.78286008E+08   0.76964413E+01   0.30792374E+15   0.27142668E+10
   0.16000000E+01   0.10000000E+09   0.78042617E+01   0.29087271E+15   0.43457973E-02   0.99494820E+01   0.14986390E+08   0.89397603E+16   0.55684925E-03   0.10760065E+02   0.95601543E+08   0.72565886E+01   0.34591218E+15   0.98549347E+08   0.76202581E+01   0.30792374E+15   0.27142668E+10
   0.16000000E+01   0.12589254E+09   0.77260686E+01   0.29087271E+15   0.46924840E-02   0.10743204E+02   0.18983154E+08   0.87272501E+16   0.60735727E-03   0.11595708E+02   0.12032850E+09   0.71833513E+01   0.34591218E+15   0.12405741E+09   0.75437289E+01   0.30792374E+15   0.27142668E+10
   0.16000000E+01   0.15848932E+09   0.76468635E+01   0.29087271E+15   0.50668277E-02   0.11600244E+02   0.24049867E+08   0.85152235E+16   0.66260208E-03   0.12495831E+02   0.15145001E+09   0.71091686E+01   0.34591218E+15   0.15616754E+09   0.74662099E+01   0.30792374E+15   0.27142668E+10
   0.16000000E+01   0.19952623E+09   0.75677779E+01   0.29087271E+15   0.54710347E-02   0.12525656E+02   0.30471395E+08   0.83067444E+16   0.72293805E-03   0.13465759E+02   0.19062004E+09   0.70351000E+01   0.34591218E+15   0.19658859E+09   0.73888086E+01   0.30792374E+15   0.27142668E+10
   0.16000000E+01   0.25118864E+09   0.74889995E+01   0.29087271E+15   0.59074873E-02   0.13524892E+02   0.38610147E+08   0.81022608E+16   0.78882197E-03   0.14510970E+02   0.23992000E+09   0.69613210E+01   0.34591218E+15   0.24747162E+09   0.73117086E+01   0.30792374E+15   0.27142668E+10
   0.16000000E+01   0.31622777E+09   0.74090782E+01   0.29087271E+15   0.63787581E-02   0.14603842E+02   0.48932051E+08   0.78980399E+16   0.86093815E-03   0.15636730E+02   0.30196817E+09   0.68864745E+01   0.34591218E+15   0.31152397E+09   0.72334909E+01   0.30792374E+15   0.27142668E+10
   0.16000000E+01   0.39810717E+09   0.73290074E+01   0.29087271E+15   0.68876246E-02   0.15768866E+02   0.62020380E+08   0.76966770E+16   0.93977591E-03   0.16849626E+02   0.38006160E+09   0.68114912E+01   0.34591218E+15   0.39215435E+09   0.71551286E+01   0.30792374E+15   0.27142668E+10
   0.16000000E+01   0.50118723E+09   0.72490887E+01   0.29087271E+15   0.74370859E-02   0.17026830E+02   0.78616649E+08   0.74989099E+16   0.10259339E-02   0.18156527E+02   0.47835001E+09   0.67366562E+01   0.34591218E+15   0.49365406E+09   0.70769195E+01   0.30792374E+15   0.27142668E+10
   0.16000000E+01   0.63095734E+09   0.71684910E+01   0.29087271E+15   0.80303807E-02   0.18385148E+02   0.99670444E+08   0.73026921E+16   0.11202331E-02   0.19564295E+02   0.60205254E+09   0.66611864E+01   0.34591218E+15   0.62142274E+09   0.69980450E+01   0.30792374E+15   0.27142668E+10
   0.16000000E+01   0.79432823E+09   0.70874698E+01   0.29087271E+15   0.86710056E-02   0.19851826E+02   0.12638123E+09   0.71086903E+16   0.12234275E-02   0.21080813E+02   0.75773980E+09   0.65853212E+01   0.34591218E+15   0.78225857E+09   0.69187547E+01   0.30792374E+15   0.27142668E+10
   0.16000000E+01   0.10000000E+10   0.70067362E+01   0.29087271E+15   0.93627365E-02   0.21435509E+02   0.16026444E+09   0.69185938E+16   0.13362479E-02   0.22714871E+02   0.95368277E+09   0.65097272E+01   0.34591218E+15   0.98472027E+09   0.68397464E+01   0.30792374E+15   0.27142668E+10
   0.16000000E+01   0.12589254E+10   0.69255907E+01   0.29087271E+15   0.10109650E-01   0.23145530E+02   0.20326332E+09   0.67307403E+16   0.14597528E-02   0.24475133E+02   0.12002860E+10   0.64337489E+01   0.34591218E+15   0.12395796E+10   0.67603352E+01   0.30792374E+15   0.27142668E+10
   0.16000000E+01   0.15848932E+10   0.68436812E+01   0.29087271E+15   0.10916149E-01   0.24991969E+02   0.25784855E+09   0.65443630E+16   0.15950698E-02   0.26371067E+02   0.15106428E+10   0.63570566E+01   0.34591218E+15   0.15603942E+10   0.66801747E+01   0.30792374E+15   0.27142668E+10
   0.16000000E+01   0.19952623E+10   0.67620164E+01   0.29087271E+15   0.11786987E-01   0.26985707E+02   0.32712638E+09   0.63617644E+16   0.17431172E-02   0.28413825E+02   0.19012387E+10   0.62805953E+01   0.34591218E+15   0.19642349E+10   0.66002537E+01   0.30792374E+15   0.27142668E+10
   0.16000000E+01   0.25118864E+10   0.66802751E+01   0.29087271E+15   0.12727296E-01   0.29138496E+02   0.41507467E+09   0.61821942E+16   0.19052053E-02   0.30614518E+02   0.23928170E+10   0.62040680E+01   0.34591218E+15   0.24725903E+10   0.65202614E+01   0.30792374E+15   0.27142668E+10
   0.16000000E+01   0.31622777E+10   0.65978502E+01   0.29087271E+15   0.13742618E-01   0.31463025E+02   0.52677426E+09   0.60043398E+16   0.20828933E-02   0.32984809E+02   0.30114738E+10   0.61269056E+01   0.34591218E+15   0.31125049E+10   0.64396027E+01   0.30792374E+15   0.27142668E+10
   0.16000000E+01   0.39810717E+10   0.65157050E+01   0.29087271E+15   0.14838937E-01   0.33972993E+02   0.66860839E+09   0.58302801E+16   0.22774109E-02   0.35538609E+02   0.37900638E+10   0.60500081E+01   0.34591218E+15   0.39180252E+10   0.63592187E+01   0.30792374E+15   0.27142668E+10
   0.16000000E+01   0.50118723E+10   0.64330618E+01   0.29087271E+15   0.16022716E-01   0.36683194E+02   0.84879688E+09   0.56583565E+16   0.24906827E-02   0.38289340E+02   0.47699135E+10   0.59726482E+01   0.34591218E+15   0.49320024E+10   0.62783485E+01   0.30792374E+15   0.27142668E+10
   0.16000000E+01   0.63095734E+10   0.63503879E+01   0.29087271E+15   0.17300931E-01   0.39609601E+02   0.10777113E+10   0.54895479E+16   0.27243896E-02   0.41252647E+02   0.60030460E+10   0.58952631E+01   0.34591218E+15   0.62083818E+10   0.61974495E+01   0.30792374E+15   0.27142668E+10
   0.16000000E+01   0.79432823E+10   0.62680720E+01   0.29087271E+15   0.18681115E-01   0.42769464E+02   0.13685230E+10   0.53246050E+16   0.29803607E-02   0.44445403E+02   0.75549176E+10   0.58182127E+01   0.34591218E+15   0.78150688E+10   0.61169019E+01   0.30792374E+15   0.27142668E+10
   0.16000000E+01   0.10000000E+11   0.61848785E+01   0.29087271E+15   0.20171404E-01   0.46181405E+02   0.17382484E+10   0.51610579E+16   0.32614067E-02   0.47883804E+02   0.95078177E+10   0.57403340E+01   0.34591218E+15   0.98375233E+10   0.60354970E+01   0.30792374E+15   0.27142668E+10
   0.16000000E+01   0.12589254E+11   0.61021402E+01   0.29087271E+15   0.21780581E-01   0.49865534E+02   0.22081198E+10   0.50015263E+16   0.35693348E-02   0.51588498E+02   0.11965461E+11   0.56628845E+01   0.34591218E+15   0.12383328E+11   0.59545359E+01   0.30792374E+15   0.27142668E+10
   0.16000000E+01   0.15848932E+11   0.60197088E+01   0.29087271E+15   0.23518131E-01   0.53843565E+02   0.28053875E+10   0.48456570E+16   0.39068552E-02   0.55579927E+02   0.15058329E+11   0.55857323E+01   0.34591218E+15   0.15587870E+11   0.58738702E+01   0.30792374E+15   0.27142668E+10
   0.16000000E+01   0.19952623E+11   0.59366010E+01   0.29087271E+15   0.25394293E-01   0.58138944E+02   0.35651092E+10   0.46915872E+16   0.42775813E-02   0.59878717E+02   0.18950540E+11   0.55079599E+01   0.34591218E+15   0.19621698E+11   0.57925527E+01   0.30792374E+15   0.27142668E+10
   0.16000000E+01   0.25118864E+11   0.58542923E+01   0.29087271E+15   0.27420127E-01   0.62776987E+02   0.45309843E+10   0.45420210E+16   0.46837646E-02   0.64511027E+02   0.23848658E+11   0.54309370E+01   0.34591218E+15   0.24699363E+11   0.57120184E+01   0.30792374E+15   0.27142668E+10
   0.16000000E+01   0.31622777E+11   0.57718247E+01   0.29087271E+15   0.29607572E-01   0.67785032E+02   0.57597251E+10   0.43951582E+16   0.51296728E-02   0.69501031E+02   0.30012216E+11   0.53537514E+01   0.34591218E+15   0.31090930E+11   0.56313300E+01   0.30792374E+15   0.27142668E+10
   0.16000000E+01   0.39810717E+11   0.56896352E+01   0.29087271E+15   0.31969521E-01   0.73192594E+02   0.73228602E+10   0.42517465E+16   0.56189053E-02   0.74877221E+02   0.37768419E+11   0.52768296E+01   0.34591218E+15   0.39136150E+11   0.55509041E+01   0.30792374E+15   0.27142668E+10
   0.16000000E+01   0.50118723E+11   0.56080007E+01   0.29087271E+15   0.34519895E-01   0.79031545E+02   0.93114375E+10   0.41122005E+16   0.61554726E-02   0.80670151E+02   0.47529315E+11   0.52004504E+01   0.34591218E+15   0.49263329E+11   0.54710320E+01   0.30792374E+15   0.27142668E+10
   0.16000000E+01   0.63095734E+11   0.55265640E+01   0.29087271E+15   0.37273725E-01   0.85336299E+02   0.11842150E+11   0.39758457E+16   0.67444664E-02   0.86911386E+02   0.59812195E+11   0.51242561E+01   0.34591218E+15   0.62010988E+11   0.53913562E+01   0.30792374E+15   0.27142668E+10
   0.16000000E+01   0.79432823E+11   0.54459534E+01   0.29087271E+15   0.40247243E-01   0.92144016E+02   0.15062239E+11   0.38436574E+16   0.73903024E-02   0.93637297E+02   0.75268133E+11   0.50488215E+01   0.34591218E+15   0.78057177E+11   0.53124902E+01   0.30792374E+15   0.27142668E+10
   0.16000000E+01   0.10000000E+12   0.53655682E+01   0.29087271E+15   0.43457973E-01   0.99494820E+02   0.19161452E+11   0.37145733E+16   0.80994168E-02   0.10088406E+03   0.94717519E+11   0.49736078E+01   0.34591218E+15   0.98254525E+11   0.52338328E+01   0.30792374E+15   0.27142668E+10
   0.16000000E+01   0.12589254E+12   0.52864500E+01   0.29087271E+15   0.46924840E-01   0.10743204E+03   0.24377493E+11   0.35901682E+16   0.88764369E-02   0.10869521E+03   0.11919350E+12   0.48996008E+01   0.34591218E+15   0.12367874E+12   0.51564294E+01   0.30792374E+15   0.27142668E+10
   0.16000000E+01   0.15848932E+12   0.52075890E+01   0.29087271E+15   0.50668277E-01   0.11600244E+03   0.31019180E+11   0.34687562E+16   0.97296996E-02   0.11711180E+03   0.14999097E+12   0.48258163E+01   0.34591218E+15   0.15568127E+12   0.50792794E+01   0.30792374E+15   0.27142668E+10
   0.16000000E+01   0.19952623E+12   0.51304960E+01   0.29087271E+15   0.54710347E-01   0.12525656E+03   0.39469626E+11   0.33525435E+16   0.10663754E-01   0.12618614E+03   0.18874560E+12   0.47536880E+01   0.34591218E+15   0.19596325E+12   0.50038487E+01   0.30792374E+15   0.27142668E+10
   0.16000000E+01   0.25118864E+12   0.50539463E+01   0.29087271E+15   0.59074873E-01   0.13524892E+03   0.50229617E+11   0.32395531E+16   0.11688860E-01   0.13596560E+03   0.23751510E+12   0.46820934E+01   0.34591218E+15   0.24666873E+12   0.49289597E+01   0.30792374E+15   0.27142668E+10
   0.16000000E+01   0.31622777E+12   0.49794310E+01   0.29087271E+15   0.63787581E-01   0.14603842E+03   0.63918703E+11   0.31318466E+16   0.12810215E-01   0.14651125E+03   0.29888351E+12   0.46123907E+01   0.34591218E+15   0.31049485E+12   0.48560647E+01   0.30792374E+15   0.27142668E+10
   0.16000000E+01   0.39810717E+12   0.49060222E+01   0.29087271E+15   0.68876246E-01   0.15768866E+03   0.81343478E+11   0.30279216E+16   0.14039122E-01   0.15787981E+03   0.37610498E+12   0.45437202E+01   0.34591218E+15   0.39083494E+12   0.47842505E+01   0.30792374E+15   0.27142668E+10
   0.16000000E+01   0.50118723E+12   0.48347672E+01   0.29087271E+15   0.74370859E-01   0.17026830E+03   0.10350807E+12   0.29291006E+16   0.15382511E-01   0.17014089E+03   0.47328236E+12   0.44770786E+01   0.34591218E+15   0.49196041E+12   0.47145353E+01   0.30792374E+15   0.27142668E+10
   0.16000000E+01   0.63095734E+12   0.47652590E+01   0.29087271E+15   0.80303807E-01   0.18385148E+03   0.13170567E+12   0.28346365E+16   0.16851929E-01   0.18336339E+03   0.59557068E+12   0.44120794E+01   0.34591218E+15   0.61925594E+12   0.46465417E+01   0.30792374E+15   0.27142668E+10
   0.16000000E+01   0.79432823E+12   0.46982197E+01   0.29087271E+15   0.86710056E-01   0.19851826E+03   0.16755608E+12   0.27453235E+16   0.18455939E-01   0.19762743E+03   0.74945309E+12   0.43493783E+01   0.34591218E+15   0.77949067E+12   0.45809643E+01   0.30792374E+15   0.27142668E+10
   0.16000000E+01   0.10000000E+13   0.46334542E+01   0.29087271E+15   0.93627365E-01   0.21435509E+03   0.21313174E+12   0.26607013E+16   0.20206818E-01   0.21301506E+03   0.94310058E+12   0.42888079E+01   0.34591218E+15   0.98118720E+12   0.45176104E+01   0.30792374E+15   0.27142668E+10
   0.16000000E+01   0.12589254E+13   0.45716139E+01   0.29087271E+15   0.10109650E+00   0.23145530E+03   0.27102889E+12   0.25814135E+16   0.22113964E-01   0.22961999E+03   0.11867965E+13   0.42309770E+01   0.34591218E+15   0.12350672E+13   0.44571065E+01   0.30792374E+15   0.27142668E+10
   0.16000000E+01   0.15848932E+13   0.45124486E+01   0.29087271E+15   0.10916149E+00   0.24991969E+03   0.34456547E+12   0.25069283E+16   0.24191188E-01   0.24753834E+03   0.14934871E+13   0.41756601E+01   0.34591218E+15   0.15546547E+13   0.43992319E+01   0.30792374E+15   0.27142668E+10
   0.16000000E+01   0.19952623E+13   0.44565703E+01   0.29087271E+15   0.11786987E+00   0.26985707E+03   0.43788835E+12   0.24378054E+16   0.26448560E-01   0.26687991E+03   0.18794576E+13   0.41234176E+01   0.34591218E+15   0.19569486E+13   0.43445737E+01   0.30792374E+15   0.27142668E+10
   0.16000000E+01   0.25118864E+13   0.44039770E+01   0.29087271E+15   0.12727296E+00   0.29138496E+03   0.55626307E+12   0.23738251E+16   0.28899551E-01   0.28775957E+03   0.23652089E+13   0.40742460E+01   0.34591218E+15   0.24633540E+13   0.42931288E+01   0.30792374E+15   0.27142668E+10
   0.16000000E+01   0.31622777E+13   0.43548564E+01   0.29087271E+15   0.13742618E+00   0.31463025E+03   0.70631377E+12   0.23150083E+16   0.31556994E-01   0.31030318E+03   0.29765509E+13   0.40283202E+01   0.34591218E+15   0.31008196E+13   0.42450806E+01   0.30792374E+15   0.27142668E+10
   0.16000000E+01   0.39810717E+13   0.43094393E+01   0.29087271E+15   0.14838937E+00   0.33972993E+03   0.89636961E+12   0.22614281E+16   0.34433569E-01   0.33464763E+03   0.37459766E+13   0.39858550E+01   0.34591218E+15   0.39032717E+13   0.42006545E+01   0.30792374E+15   0.27142668E+10
   0.16000000E+01   0.50118723E+13   0.42676396E+01   0.29087271E+15   0.16022716E+00   0.36683194E+03   0.11369573E+13   0.22127927E+16   0.37544679E-01   0.36093840E+03   0.47143936E+13   0.39467722E+01   0.34591218E+15   0.49134285E+13   0.41597690E+01   0.30792374E+15   0.27142668E+10
   0.16000000E+01   0.63095734E+13   0.42295783E+01   0.29087271E+15   0.17300931E+00   0.39609601E+03   0.14412813E+13   0.21690688E+16   0.40904623E-01   0.38933494E+03   0.59333499E+13   0.39111947E+01   0.34591218E+15   0.61851040E+13   0.41225508E+01   0.30792374E+15   0.27142668E+10
   0.16000000E+01   0.79432823E+13   0.41955266E+01   0.29087271E+15   0.18681115E+00   0.42769464E+03   0.18258658E+13   0.21304026E+16   0.44526270E-01   0.42001178E+03   0.74676881E+13   0.38793675E+01   0.34591218E+15   0.77858910E+13   0.40892393E+01   0.30792374E+15   0.27142668E+10
   0.16000000E+01   0.10000000E+14   0.41650042E+01   0.29087271E+15   0.20171404E+00   0.46181405E+03   0.23117097E+13   0.20961047E+16   0.48430694E-01   0.45314950E+03   0.93989768E+13   0.38508329E+01   0.34591218E+15   0.98010510E+13   0.40593790E+01   0.30792374E+15   0.27142668E+10
   0.16000000E+01   0.12589254E+14   0.41383537E+01   0.29087271E+15   0.21780581E+00   0.49865534E+03   0.29248643E+13   0.20664358E+16   0.52631029E-01   0.48895302E+03   0.11830097E+14   0.38259218E+01   0.34591218E+15   0.12338035E+14   0.40333219E+01   0.30792374E+15   0.27142668E+10
   0.16000000E+01   0.15848932E+14   0.41152430E+01   0.29087271E+15   0.23518131E+00   0.53843565E+03   0.36983280E+13   0.20409165E+16   0.57148826E-01   0.52763581E+03   0.14890468E+14   0.38043223E+01   0.34591218E+15   0.15531632E+14   0.40107087E+01   0.30792374E+15   0.27142668E+10
   0.16000000E+01   0.19952623E+14   0.40953797E+01   0.29087271E+15   0.25394293E+00   0.58138944E+03   0.46735844E+13   0.20191379E+16   0.62007177E-01   0.56942859E+03   0.18742939E+14   0.37857545E+01   0.34591218E+15   0.19552257E+14   0.39912881E+01   0.30792374E+15   0.27142668E+10
   0.16000000E+01   0.25118864E+14   0.40787123E+01   0.29087271E+15   0.27420127E+00   0.62776987E+03   0.59025371E+13   0.20009733E+16   0.67227413E-01   0.61458416E+03   0.23592664E+14   0.37701715E+01   0.34591218E+15   0.24613686E+14   0.39749825E+01   0.30792374E+15   0.27142668E+10
   0.16000000E+01   0.31622777E+14   0.40647601E+01   0.29087271E+15   0.29607572E+00   0.67785032E+03   0.74508740E+13   0.19858450E+16   0.72839655E-01   0.66336854E+03   0.29698187E+14   0.37571391E+01   0.34591218E+15   0.30985588E+14   0.39613338E+01   0.30792374E+15   0.27142668E+10
   0.16000000E+01   0.39810717E+14   0.40531785E+01   0.29087271E+15   0.31969521E+00   0.73192594E+03   0.94011595E+13   0.19733403E+16   0.78875187E-01   0.71607039E+03   0.37384125E+14   0.37463112E+01   0.34591218E+15   0.39007469E+14   0.39500106E+01   0.30792374E+15   0.27142668E+10
   0.16000000E+01   0.50118723E+14   0.40436385E+01   0.29087271E+15   0.34519895E+00   0.79031545E+03   0.11857327E+14   0.19630761E+16   0.85368401E-01   0.77300096E+03   0.47060002E+14   0.37373922E+01   0.34591218E+15   0.49106375E+14   0.39406834E+01   0.30792374E+15   0.27142668E+10
   0.16000000E+01   0.63095734E+14   0.40357841E+01   0.29087271E+15   0.37273725E+00   0.85336299E+03   0.14950368E+14   0.19546500E+16   0.92358076E-01   0.83449493E+03   0.59241062E+14   0.37300493E+01   0.34591218E+15   0.61819910E+14   0.39330003E+01   0.30792374E+15   0.27142668E+10
   0.16000000E+01   0.79432823E+14   0.40293254E+01   0.29087271E+15   0.40247243E+00   0.92144016E+03   0.18845173E+14   0.19477378E+16   0.99885810E-01   0.90091406E+03   0.74575960E+14   0.37240114E+01   0.34591218E+15   0.77824841E+14   0.39266756E+01   0.30792374E+15   0.27142668E+10
   0.16000000E+01   0.10000000E+15   0.40240070E+01   0.29087271E+15   0.43457973E+00   0.99494820E+03   0.23749391E+14   0.19420572E+16   0.10799676E+00   0.97264884E+03   0.93881656E+14   0.37190443E+01   0.34591218E+15   0.97974158E+14   0.39214725E+01   0.30792374E+15   0.27142668E+10
   0.16000000E+01   0.12589254E+15   0.40196317E+01   0.29087271E+15   0.46924840E+00   0.10743204E+04   0.29924387E+14   0.19373915E+16   0.11673915E+00   0.10501215E+04   0.11818613E+15   0.37149600E+01   0.34591218E+15   0.12334085E+15   0.39171949E+01   0.30792374E+15   0.27142668E+10
   0.16000000E+01   0.15848932E+15   0.40160328E+01   0.29087271E+15   0.50668277E+00   0.11600244E+04   0.37699214E+14   0.19335590E+16   0.12616500E+00   0.11337881E+04   0.14878291E+15   0.37115955E+01   0.34591218E+15   0.15527558E+15   0.39136764E+01   0.30792374E+15   0.27142668E+10
   0.16000000E+01   0.19952623E+15   0.40130710E+01   0.29087271E+15   0.54710347E+00   0.12525656E+04   0.47488153E+14   0.19304083E+16   0.13633037E+00   0.12241412E+04   0.18730179E+15   0.37088266E+01   0.34591218E+15   0.19547897E+15   0.39107808E+01   0.30792374E+15   0.27142668E+10
   0.16000000E+01   0.25118864E+15   0.40106377E+01   0.29087271E+15   0.59074873E+00   0.13524892E+04   0.59812686E+14   0.19278222E+16   0.14729546E+00   0.13217130E+04   0.23579402E+15   0.37065518E+01   0.34591218E+15   0.24609199E+15   0.39084018E+01   0.30792374E+15   0.27142668E+10
   0.16000000E+01   0.31622777E+15   0.40086428E+01   0.29087271E+15   0.63787581E+00   0.14603842E+04   0.75329311E+14   0.19257036E+16   0.15912513E+00   0.14270783E+04   0.29684197E+15   0.37046868E+01   0.34591218E+15   0.30980997E+15   0.39064514E+01   0.30792374E+15   0.27142668E+10
   0.16000000E+01   0.39810717E+15   0.40070102E+01   0.29087271E+15   0.68876246E+00   0.15768866E+04   0.94864509E+14   0.19239708E+16   0.17188937E+00   0.15408579E+04   0.37369662E+15   0.37031606E+01   0.34591218E+15   0.39002609E+15   0.39048553E+01   0.30792374E+15   0.27142668E+10
   0.16000000E+01   0.50118723E+15   0.40056753E+01   0.29087271E+15   0.74370859E+00   0.17026830E+04   0.11945879E+15   0.19225546E+16   0.18566373E+00   0.16637219E+04   0.47045073E+15   0.37019126E+01   0.34591218E+15   0.49101217E+15   0.39035501E+01   0.30792374E+15   0.27142668E+10
   0.16000000E+01   0.63095734E+15   0.40045878E+01   0.29087271E+15   0.80303807E+00   0.18385148E+04   0.15042198E+15   0.19214015E+16   0.20052952E+00   0.17963944E+04   0.59225681E+15   0.37008961E+01   0.34591218E+15   0.61814606E+15   0.39024870E+01   0.30792374E+15   0.27142668E+10
   0.16000000E+01   0.79432823E+15   0.40037038E+01   0.29087271E+15   0.86710056E+00   0.19851826E+04   0.18940310E+15   0.19204644E+16   0.21657460E+00   0.19396572E+04   0.74560144E+15   0.37000696E+01   0.34591218E+15   0.77819812E+15   0.39016227E+01   0.30792374E+15   0.27142668E+10
   0.16000000E+01   0.10000000E+16   0.40029864E+01   0.29087271E+15   0.93627365E+00   0.21435509E+04   0.23847815E+15   0.19197041E+16   0.23389379E+00   0.20943543E+04   0.93865077E+15   0.36993989E+01   0.34591218E+15   0.97969168E+15   0.39009213E+01   0.30792374E+15   0.27142668E+10
   0.16000000E+01   0.12589254E+16   0.40024056E+01   0.29087271E+15   0.10109650E+01   0.23145530E+04   0.30026064E+15   0.19190887E+16   0.25258935E+00   0.22613974E+04   0.11816854E+16   0.36988560E+01   0.34591218E+15   0.12333570E+16   0.39003535E+01   0.30792374E+15   0.27142668E+10
   0.16000000E+01   0.15848932E+16   0.40019364E+01   0.29087271E+15   0.10916149E+01   0.24991969E+04   0.37804079E+15   0.19185917E+16   0.27277169E+00   0.24417708E+04   0.14876477E+16   0.36984173E+01   0.34591218E+15   0.15527027E+16   0.38998948E+01   0.30792374E+15   0.27142668E+10
   0.16000000E+01   0.19952623E+16   0.40015579E+01   0.29087271E+15   0.11786987E+01   0.26985707E+04   0.47596074E+15   0.19181908E+16   0.29455995E+00   0.26365373E+04   0.18728313E+16   0.36980635E+01   0.34591218E+15   0.19547351E+16   0.38995247E+01   0.30792374E+15   0.27142668E+10
   0.16000000E+01   0.25118864E+16   0.40012531E+01   0.29087271E+15   0.12727296E+01   0.29138496E+04   0.59923515E+15   0.19178680E+16   0.31808275E+00   0.28468448E+04   0.23577487E+16   0.36977786E+01   0.34591218E+15   0.24608639E+16   0.38992267E+01   0.30792374E+15   0.27142668E+10
   0.16000000E+01   0.31622777E+16   0.40010083E+01   0.29087271E+15   0.13742618E+01   0.31463025E+04   0.75442885E+15   0.19176088E+16   0.34347886E+00   0.30739326E+04   0.29682235E+16   0.36975498E+01   0.34591218E+15   0.30980422E+16   0.38989874E+01   0.30792374E+15   0.27142668E+10
   0.16000000E+01   0.39810717E+16   0.40008117E+01   0.29087271E+15   0.14838937E+01   0.33972993E+04   0.94980654E+15   0.19174006E+16   0.37089816E+00   0.33191390E+04   0.37367656E+16   0.36973660E+01   0.34591218E+15   0.39002022E+16   0.38987953E+01   0.30792374E+15   0.27142668E+10
   0.16000000E+01   0.50118723E+16   0.40006540E+01   0.29087271E+15   0.16022716E+01   0.36683194E+04   0.11957729E+16   0.19172336E+16   0.40050242E+00   0.35839091E+04   0.47043027E+16   0.36972185E+01   0.34591218E+15   0.49100618E+16   0.38986410E+01   0.30792374E+15   0.27142668E+10
   0.16000000E+01   0.63095734E+16   0.40005274E+01   0.29087271E+15   0.17300931E+01   0.39609601E+04   0.15054265E+16   0.19170996E+16   0.43246624E+00   0.38698032E+04   0.59223598E+16   0.36971002E+01   0.34591218E+15   0.61813997E+16   0.38985173E+01   0.30792374E+15   0.27142668E+10
   0.16000000E+01   0.79432823E+16   0.40004263E+01   0.29087271E+15   0.18681115E+01   0.42769464E+04   0.18952576E+16   0.19169925E+16   0.46697811E+00   0.41785063E+04   0.74558027E+16   0.36970057E+01   0.34591218E+15   0.77819192E+16   0.38984184E+01   0.30792374E+15   0.27142668E+10
   0.16000000E+01   0.10000000E+17   0.40003452E+01   0.29087271E+15   0.20171404E+01   0.46181405E+04   0.23860261E+16   0.19169067E+16   0.50424158E+00   0.45118377E+04   0.93862929E+16   0.36969299E+01   0.34591218E+15   0.97968539E+16   0.38983392E+01   0.30792374E+15   0.27142668E+10
   0.16000000E+01   0.12589254E+17   0.40002802E+01   0.29087271E+15   0.21780581E+01   0.49865534E+04   0.30038675E+16   0.19168379E+16   0.54447639E+00   0.48717620E+04   0.11816636E+17   0.36968691E+01   0.34591218E+15   0.12333506E+17   0.38982756E+01   0.30792374E+15   0.27142668E+10
