         1        92   0.14000000E+01   0.31562220E+00   0.68437780E+00   0.82883870E+00   0.96580000E+00   0.22242000E-01  ---------------   0.27255000E+01  ---------------      0.67238290E+00                                 
   0.14000000E+01   0.10000000E+08   0.93893158E+01   0.23229322E+15   0.21741606E-02   0.44482521E+01   0.13440714E+07   0.11150417E+17   0.23155687E-03   0.49970942E+01   0.95637461E+07   0.86904791E+01   0.28017880E+15   0.99026015E+07   0.92294739E+01   0.24219036E+15   0.30450557E+10
   0.14000000E+01   0.12589254E+08   0.93053439E+01   0.23229322E+15   0.23476046E-02   0.48031122E+01   0.17007621E+07   0.10909574E+17   0.25228563E-03   0.53853103E+01   0.12037791E+08   0.86122201E+01   0.28017880E+15   0.12466078E+08   0.91467950E+01   0.24219036E+15   0.30450557E+10
   0.14000000E+01   0.15848932E+08   0.92211885E+01   0.23229322E+15   0.25348851E-02   0.51862812E+01   0.21522738E+07   0.10671492E+17   0.27489787E-03   0.58036107E+01   0.15151694E+08   0.85337723E+01   0.28017880E+15   0.15693150E+08   0.90639363E+01   0.24219036E+15   0.30450557E+10
   0.14000000E+01   0.19952623E+08   0.91356720E+01   0.23229322E+15   0.27371060E-02   0.56000177E+01   0.27240627E+07   0.10432912E+17   0.29960642E-03   0.62541486E+01   0.19071085E+08   0.84540742E+01   0.28017880E+15   0.19755692E+08   0.89797549E+01   0.24219036E+15   0.30450557E+10
   0.14000000E+01   0.25118864E+08   0.90502751E+01   0.23229322E+15   0.29554590E-02   0.60467600E+01   0.34479700E+07   0.10198017E+17   0.32656013E-03   0.67396192E+01   0.24004298E+08   0.83744933E+01   0.28017880E+15   0.24869940E+08   0.88956958E+01   0.24219036E+15   0.30450557E+10
   0.14000000E+01   0.31622777E+08   0.89649935E+01   0.23229322E+15   0.31912313E-02   0.65291412E+01   0.43645284E+07   0.99667640E+16   0.35596582E-03   0.72627269E+01   0.30213521E+08   0.82950215E+01   0.28017880E+15   0.31308100E+08   0.88117489E+01   0.24219036E+15   0.30450557E+10
   0.14000000E+01   0.39810717E+08   0.88792581E+01   0.23229322E+15   0.34458123E-02   0.70500045E+01   0.55252935E+07   0.97376087E+16   0.38807434E-03   0.78262806E+01   0.38028721E+08   0.82151282E+01   0.28017880E+15   0.39412663E+08   0.87273389E+01   0.24219036E+15   0.30450557E+10
   0.14000000E+01   0.50118723E+08   0.87924547E+01   0.23229322E+15   0.37207025E-02   0.76124198E+01   0.69957860E+07   0.95089783E+16   0.42316994E-03   0.84332710E+01   0.47865032E+08   0.81342344E+01   0.28017880E+15   0.49615163E+08   0.86418790E+01   0.24219036E+15   0.30450557E+10
   0.14000000E+01   0.63095734E+08   0.87057848E+01   0.23229322E+15   0.40175221E-02   0.82197018E+01   0.88582467E+07   0.92840716E+16   0.46147731E-03   0.90872801E+01   0.60245190E+08   0.80534595E+01   0.28017880E+15   0.62458679E+08   0.85565513E+01   0.24219036E+15   0.30450557E+10
   0.14000000E+01   0.79432823E+08   0.86192356E+01   0.23229322E+15   0.43380206E-02   0.88754299E+01   0.11217347E+08   0.90628200E+16   0.50329528E-03   0.97919426E+01   0.75827463E+08   0.79728089E+01   0.28017880E+15   0.78627124E+08   0.84713530E+01   0.24219036E+15   0.30450557E+10
   0.14000000E+01   0.10000000E+09   0.85316432E+01   0.23229322E+15   0.46840869E-02   0.95834687E+01   0.14206900E+08   0.88422805E+16   0.54902518E-03   0.10550881E+02   0.95439556E+08   0.78911914E+01   0.28017880E+15   0.98981001E+08   0.83851312E+01   0.24219036E+15   0.30450557E+10
   0.14000000E+01   0.12589254E+09   0.84436167E+01   0.23229322E+15   0.50577607E-02   0.10347992E+02   0.17995291E+08   0.86240514E+16   0.59900406E-03   0.11368411E+02   0.12012352E+09   0.78091712E+01   0.28017880E+15   0.12460364E+09   0.82984818E+01   0.24219036E+15   0.30450557E+10
   0.14000000E+01   0.15848932E+09   0.83557407E+01   0.23229322E+15   0.54612444E-02   0.11173504E+02   0.22795669E+08   0.84095765E+16   0.65359189E-03   0.12249209E+02   0.15119103E+09   0.77272932E+01   0.28017880E+15   0.15685891E+09   0.82119806E+01   0.24219036E+15   0.30450557E+10
   0.14000000E+01   0.19952623E+09   0.82677679E+01   0.23229322E+15   0.58969160E-02   0.12064872E+02   0.28879403E+08   0.81982275E+16   0.71324161E-03   0.13198087E+02   0.19029267E+09   0.76453268E+01   0.28017880E+15   0.19746365E+09   0.81253841E+01   0.24219036E+15   0.30450557E+10
   0.14000000E+01   0.25118864E+09   0.81785430E+01   0.23229322E+15   0.63673435E-02   0.13027349E+02   0.36593537E+08   0.79872840E+16   0.77854253E-03   0.14219890E+02   0.23950501E+09   0.75621955E+01   0.28017880E+15   0.24857864E+09   0.80375516E+01   0.24219036E+15   0.30450557E+10
   0.14000000E+01   0.31622777E+09   0.80895059E+01   0.23229322E+15   0.68752993E-02   0.14066608E+02   0.46372152E+08   0.77801892E+16   0.84990350E-03   0.15320714E+02   0.30144312E+09   0.74792413E+01   0.28017880E+15   0.31292455E+09   0.79499020E+01   0.24219036E+15   0.30450557E+10
   0.14000000E+01   0.39810717E+09   0.80006440E+01   0.23229322E+15   0.74237775E-02   0.15188774E+02   0.58768969E+08   0.75768699E+16   0.92789749E-03   0.16506661E+02   0.37939737E+09   0.73964525E+01   0.28017880E+15   0.39392644E+09   0.78624257E+01   0.24219036E+15   0.30450557E+10
   0.14000000E+01   0.50118723E+09   0.79103801E+01   0.23229322E+15   0.80160105E-02   0.16400461E+02   0.74495542E+08   0.73737644E+16   0.10133534E-02   0.17783608E+02   0.47750648E+09   0.73123595E+01   0.28017880E+15   0.49589531E+09   0.77735712E+01   0.24219036E+15   0.30450557E+10
   0.14000000E+01   0.63095734E+09   0.78201457E+01   0.23229322E+15   0.86554891E-02   0.17708811E+02   0.94440636E+08   0.71741484E+16   0.11068194E-02   0.19159151E+02   0.60098278E+09   0.72282962E+01   0.28017880E+15   0.62425855E+09   0.76847470E+01   0.24219036E+15   0.30450557E+10
   0.14000000E+01   0.79432823E+09   0.77301132E+01   0.23229322E+15   0.93459821E-02   0.19121534E+02   0.11973725E+09   0.69783665E+16   0.12090356E-02   0.20640979E+02   0.75638473E+09   0.71444236E+01   0.28017880E+15   0.78584816E+09   0.75961226E+01   0.24219036E+15   0.30450557E+10
   0.14000000E+01   0.10000000E+10   0.76389644E+01   0.23229322E+15   0.10091559E-01   0.20646958E+02   0.15184081E+09   0.67835792E+16   0.13210638E-02   0.22236558E+02   0.95196186E+09   0.70595133E+01   0.28017880E+15   0.98926391E+09   0.75064012E+01   0.24219036E+15   0.30450557E+10
   0.14000000E+01   0.12589254E+10   0.75478220E+01   0.23229322E+15   0.10896615E-01   0.22294072E+02   0.19257509E+09   0.65922242E+16   0.14436768E-02   0.23955226E+02   0.11981022E+10   0.69746116E+01   0.28017880E+15   0.12453324E+10   0.74166873E+01   0.24219036E+15   0.30450557E+10
   0.14000000E+01   0.15848932E+10   0.74569310E+01   0.23229322E+15   0.11765894E-01   0.24072585E+02   0.24426245E+09   0.64047770E+16   0.15778467E-02   0.25806621E+02   0.15078772E+10   0.68899469E+01   0.28017880E+15   0.15676813E+10   0.73272210E+01   0.24219036E+15   0.30450557E+10
   0.14000000E+01   0.19952623E+10   0.73649501E+01   0.23229322E+15   0.12704521E-01   0.25992979E+02   0.30989086E+09   0.62184927E+16   0.17249975E-02   0.27800036E+02   0.18977274E+10   0.68042696E+01   0.28017880E+15   0.19734606E+10   0.72366771E+01   0.24219036E+15   0.30450557E+10
   0.14000000E+01   0.25118864E+10   0.72728472E+01   0.23229322E+15   0.13718026E-01   0.28066574E+02   0.39320937E+09   0.60353738E+16   0.18861974E-02   0.29947016E+02   0.23883542E+10   0.67184816E+01   0.28017880E+15   0.24842674E+10   0.71460131E+01   0.24219036E+15   0.30450557E+10
   0.14000000E+01   0.31622777E+10   0.71810347E+01   0.23229322E+15   0.14812383E-01   0.30305589E+02   0.49898594E+09   0.58562056E+16   0.20627088E-02   0.32259705E+02   0.30058079E+10   0.66329674E+01   0.28017880E+15   0.31272861E+10   0.70556354E+01   0.24219036E+15   0.30450557E+10
   0.14000000E+01   0.39810717E+10   0.70880439E+01   0.23229322E+15   0.15994044E-01   0.32723222E+02   0.63337412E+09   0.56781445E+16   0.22564820E-02   0.34749569E+02   0.37828483E+10   0.65463588E+01   0.28017880E+15   0.39367298E+10   0.69640974E+01   0.24219036E+15   0.30450557E+10
   0.14000000E+01   0.50118723E+10   0.69954284E+01   0.23229322E+15   0.17269971E-01   0.35333723E+02   0.80404994E+09   0.55041834E+16   0.24687510E-02   0.37431572E+02   0.47607437E+10   0.64601065E+01   0.28017880E+15   0.49556843E+10   0.68729327E+01   0.24219036E+15   0.30450557E+10
   0.14000000E+01   0.63095734E+10   0.69028311E+01   0.23229322E+15   0.18647686E-01   0.38152476E+02   0.10208738E+10   0.53336038E+16   0.27014547E-02   0.40320174E+02   0.59913885E+10   0.63738744E+01   0.28017880E+15   0.62383970E+10   0.67817975E+01   0.24219036E+15   0.30450557E+10
   0.14000000E+01   0.79432823E+10   0.68092153E+01   0.23229322E+15   0.20135308E-01   0.41196096E+02   0.12964988E+10   0.51645231E+16   0.29570673E-02   0.43430082E+02   0.75400506E+10   0.62866929E+01   0.28017880E+15   0.78531089E+10   0.66896619E+01   0.24219036E+15   0.30450557E+10
   0.14000000E+01   0.10000000E+11   0.67160198E+01   0.23229322E+15   0.21741606E-01   0.44482521E+02   0.16467501E+10   0.49995456E+16   0.32372754E-02   0.46779894E+02   0.94889529E+10   0.61999068E+01   0.28017880E+15   0.98857036E+10   0.65979304E+01   0.24219036E+15   0.30450557E+10
   0.14000000E+01   0.12589254E+11   0.66225739E+01   0.23229322E+15   0.23476046E-01   0.48031122E+02   0.20920347E+10   0.48374472E+16   0.35448522E-02   0.50387240E+02   0.11941485E+11   0.61128914E+01   0.28017880E+15   0.12444315E+11   0.65059449E+01   0.24219036E+15   0.30450557E+10
   0.14000000E+01   0.15848932E+11   0.65289529E+01   0.23229322E+15   0.25348851E-01   0.51862812E+02   0.26582484E+10   0.46783540E+16   0.38825293E-02   0.54271973E+02   0.15027785E+11   0.60257200E+01   0.28017880E+15   0.15665128E+11   0.64137902E+01   0.24219036E+15   0.30450557E+10
   0.14000000E+01   0.19952623E+11   0.64356746E+01   0.23229322E+15   0.27371060E-01   0.56000177E+02   0.33782203E+10   0.45231096E+16   0.42530211E-02   0.58456178E+02   0.18911565E+11   0.59388678E+01   0.28017880E+15   0.19719694E+11   0.63219933E+01   0.24219036E+15   0.30450557E+10
   0.14000000E+01   0.25118864E+11   0.63414333E+01   0.23229322E+15   0.29554590E-01   0.60467600E+02   0.42944452E+10   0.43695457E+16   0.46605537E-02   0.62960763E+02   0.23798754E+11   0.58511234E+01   0.28017880E+15   0.24823521E+11   0.62292408E+01   0.24219036E+15   0.30450557E+10
   0.14000000E+01   0.31622777E+11   0.62482431E+01   0.23229322E+15   0.31912313E-01   0.65291412E+02   0.54596598E+10   0.42209117E+16   0.51074057E-02   0.67813758E+02   0.29948757E+11   0.57643624E+01   0.28017880E+15   0.31248040E+11   0.61375082E+01   0.24219036E+15   0.30450557E+10
   0.14000000E+01   0.39810717E+11   0.61544977E+01   0.23229322E+15   0.34458123E-01   0.70500045E+02   0.69428754E+10   0.40745921E+16   0.55988521E-02   0.73039096E+02   0.37687534E+11   0.56770878E+01   0.28017880E+15   0.39335429E+11   0.60452437E+01   0.24219036E+15   0.30450557E+10
   0.14000000E+01   0.50118723E+11   0.60609933E+01   0.23229322E+15   0.37207025E-01   0.76124198E+02   0.88306986E+10   0.39318179E+16   0.61387669E-02   0.78666923E+02   0.47425577E+11   0.55900424E+01   0.28017880E+15   0.49516086E+11   0.59532274E+01   0.24219036E+15   0.30450557E+10
   0.14000000E+01   0.63095734E+11   0.59679117E+01   0.23229322E+15   0.40175221E-01   0.82197018E+02   0.11233794E+11   0.37928052E+16   0.67318726E-02   0.84728688E+02   0.59679317E+11   0.55033960E+01   0.28017880E+15   0.62330734E+11   0.58616026E+01   0.24219036E+15   0.30450557E+10
   0.14000000E+01   0.79432823E+11   0.58749306E+01   0.23229322E+15   0.43380206E-01   0.88754299E+02   0.14293943E+11   0.36570188E+16   0.73839521E-02   0.91257127E+02   0.75098179E+11   0.54168437E+01   0.28017880E+15   0.78462282E+11   0.57700949E+01   0.24219036E+15   0.30450557E+10
   0.14000000E+01   0.10000000E+12   0.57824875E+01   0.23229322E+15   0.46840869E-01   0.95834687E+02   0.18190843E+11   0.35250384E+16   0.81004705E-02   0.98289357E+02   0.94500028E+11   0.53308006E+01   0.28017880E+15   0.98768708E+11   0.56791201E+01   0.24219036E+15   0.30450557E+10
   0.14000000E+01   0.12589254E+12   0.56901998E+01   0.23229322E+15   0.50577607E-01   0.10347992E+03   0.23155334E+11   0.33962569E+16   0.88885467E-02   0.10586328E+03   0.11891284E+12   0.52449038E+01   0.28017880E+15   0.12432883E+12   0.55882784E+01   0.24219036E+15   0.30450557E+10
   0.14000000E+01   0.15848932E+12   0.55991034E+01   0.23229322E+15   0.54612444E-01   0.11173504E+03   0.29477769E+11   0.32720279E+16   0.97537838E-02   0.11402392E+03   0.14963152E+12   0.51601217E+01   0.28017880E+15   0.15650612E+12   0.54986427E+01   0.24219036E+15   0.30450557E+10
   0.14000000E+01   0.19952623E+12   0.55078151E+01   0.23229322E+15   0.58969160E-01   0.12064872E+03   0.37536998E+11   0.31503914E+16   0.10706453E-01   0.12281239E+03   0.18828351E+12   0.50751693E+01   0.28017880E+15   0.19700745E+12   0.54087901E+01   0.24219036E+15   0.30450557E+10
   0.14000000E+01   0.25118864E+12   0.54183431E+01   0.23229322E+15   0.63673435E-01   0.13027349E+03   0.47801108E+11   0.30339220E+16   0.11751459E-01   0.13228430E+03   0.23691776E+12   0.49919030E+01   0.28017880E+15   0.24799180E+12   0.53207417E+01   0.24219036E+15   0.30450557E+10
   0.14000000E+01   0.31622777E+12   0.53290793E+01   0.23229322E+15   0.68752993E-01   0.14066608E+03   0.60886366E+11   0.29204080E+16   0.12901477E-01   0.14248709E+03   0.29811244E+12   0.49088449E+01   0.28017880E+15   0.31216915E+12   0.52328956E+01   0.24219036E+15   0.30450557E+10
   0.14000000E+01   0.39810717E+12   0.52414402E+01   0.23229322E+15   0.74237775E-01   0.15188774E+03   0.77557919E+11   0.28115446E+16   0.14163621E-01   0.15348330E+03   0.37510915E+12   0.48272925E+01   0.28017880E+15   0.39295291E+12   0.51466429E+01   0.24219036E+15   0.30450557E+10
   0.14000000E+01   0.50118723E+12   0.51549427E+01   0.23229322E+15   0.80160105E-01   0.16400461E+03   0.98806045E+11   0.27065869E+16   0.15550145E-01   0.16533308E+03   0.47199256E+12   0.47468188E+01   0.28017880E+15   0.49464588E+12   0.50615307E+01   0.24219036E+15   0.30450557E+10
   0.14000000E+01   0.63095734E+12   0.50700984E+01   0.23229322E+15   0.86554891E-01   0.17708811E+03   0.12588113E+12   0.26060137E+16   0.17071639E-01   0.17810573E+03   0.59389176E+12   0.46678753E+01   0.28017880E+15   0.62264641E+12   0.49780216E+01   0.24219036E+15   0.30450557E+10
   0.14000000E+01   0.79432823E+12   0.49870534E+01   0.23229322E+15   0.93459821E-01   0.19121534E+03   0.16037844E+12   0.25098339E+16   0.18740489E-01   0.19187471E+03   0.74727713E+12   0.45906235E+01   0.28017880E+15   0.78378530E+12   0.48963181E+01   0.24219036E+15   0.30450557E+10
   0.14000000E+01   0.10000000E+13   0.49060517E+01   0.23229322E+15   0.10091559E+00   0.20646958E+03   0.20432468E+12   0.24181549E+16   0.20569615E-01   0.20672002E+03   0.94027434E+12   0.45152736E+01   0.28017880E+15   0.98660644E+12   0.48165936E+01   0.24219036E+15   0.30450557E+10
   0.14000000E+01   0.12589254E+13   0.48273487E+01   0.23229322E+15   0.10896615E+00   0.22294072E+03   0.26029388E+12   0.23310785E+16   0.22572670E-01   0.22272846E+03   0.11831118E+13   0.44420594E+01   0.28017880E+15   0.12419289E+13   0.47391539E+01   0.24219036E+15   0.30450557E+10
   0.14000000E+01   0.15848932E+13   0.47511938E+01   0.23229322E+15   0.11765894E+00   0.24072585E+03   0.33155294E+12   0.22486820E+16   0.24764080E-01   0.23999409E+03   0.14886820E+13   0.43712316E+01   0.28017880E+15   0.15633183E+13   0.46642138E+01   0.24219036E+15   0.30450557E+10
   0.14000000E+01   0.19952623E+13   0.46780205E+01   0.23229322E+15   0.12704521E+00   0.25992979E+03   0.42223149E+12   0.21712204E+16   0.27157898E-01   0.25862020E+03   0.18731639E+13   0.43031631E+01   0.28017880E+15   0.19678682E+13   0.45921989E+01   0.24219036E+15   0.30450557E+10
   0.14000000E+01   0.25118864E+13   0.46078100E+01   0.23229322E+15   0.13718026E+00   0.28066574E+03   0.53758772E+12   0.20984565E+16   0.29771248E-01   0.27871565E+03   0.23569915E+13   0.42378703E+01   0.28017880E+15   0.24771508E+13   0.45231253E+01   0.24219036E+15   0.30450557E+10
   0.14000000E+01   0.31622777E+13   0.45411367E+01   0.23229322E+15   0.14812383E+00   0.30305589E+03   0.68422413E+12   0.20307620E+16   0.32618229E-01   0.30040296E+03   0.29658308E+13   0.41758715E+01   0.28017880E+15   0.31182129E+13   0.44575175E+01   0.24219036E+15   0.30450557E+10
   0.14000000E+01   0.39810717E+13   0.44782051E+01   0.23229322E+15   0.15994044E+00   0.32723222E+03   0.87050401E+12   0.19681113E+16   0.35715299E-01   0.32381237E+03   0.37319855E+13   0.41173494E+01   0.28017880E+15   0.39251760E+13   0.43955875E+01   0.24219036E+15   0.30450557E+10
   0.14000000E+01   0.50118723E+13   0.44190942E+01   0.23229322E+15   0.17269971E+00   0.35333723E+03   0.11070003E+13   0.19103567E+16   0.39080341E-01   0.34908397E+03   0.46961198E+13   0.40623756E+01   0.28017880E+15   0.49409992E+13   0.43374195E+01   0.24219036E+15   0.30450557E+10
   0.14000000E+01   0.63095734E+13   0.43643965E+01   0.23229322E+15   0.18647686E+00   0.38152476E+03   0.14069256E+13   0.18578500E+16   0.42726837E-01   0.37637467E+03   0.59095013E+13   0.40115133E+01   0.28017880E+15   0.62197622E+13   0.42835979E+01   0.24219036E+15   0.30450557E+10
   0.14000000E+01   0.79432823E+13   0.43138993E+01   0.23229322E+15   0.20135308E+00   0.41196096E+03   0.17870726E+13   0.18101690E+16   0.46675425E-01   0.40584683E+03   0.74366007E+13   0.39645623E+01   0.28017880E+15   0.78295295E+13   0.42339116E+01   0.24219036E+15   0.30450557E+10
   0.14000000E+01   0.10000000E+14   0.42679312E+01   0.23229322E+15   0.21741606E+00   0.44482521E+03   0.22684086E+13   0.17674228E+16   0.50941790E-01   0.43768206E+03   0.93586092E+13   0.39218256E+01   0.28017880E+15   0.98559881E+13   0.41886818E+01   0.24219036E+15   0.30450557E+10
   0.14000000E+01   0.12589254E+14   0.42267740E+01   0.23229322E+15   0.23476046E+00   0.48031122E+03   0.28772103E+13   0.17296794E+16   0.55541285E-01   0.47207722E+03   0.11777816E+14   0.38835691E+01   0.28017880E+15   0.12407070E+14   0.41481902E+01   0.24219036E+15   0.30450557E+10
   0.14000000E+01   0.15848932E+14   0.41900681E+01   0.23229322E+15   0.25348851E+00   0.51862812E+03   0.36467648E+13   0.16964377E+16   0.60497468E-01   0.50923762E+03   0.14822848E+14   0.38494503E+01   0.28017880E+15   0.15618599E+14   0.41120811E+01   0.24219036E+15   0.30450557E+10
   0.14000000E+01   0.19952623E+14   0.41581611E+01   0.23229322E+15   0.27371060E+00   0.56000177E+03   0.46183758E+13   0.16678620E+16   0.65824915E-01   0.54939498E+03   0.18655627E+14   0.38197800E+01   0.28017880E+15   0.19661459E+14   0.40806855E+01   0.24219036E+15   0.30450557E+10
   0.14000000E+01   0.25118864E+14   0.41306170E+01   0.23229322E+15   0.29554590E+00   0.60467600E+03   0.58444014E+13   0.16434321E+16   0.71550062E-01   0.59278911E+03   0.23480488E+14   0.37941783E+01   0.28017880E+15   0.24750939E+14   0.40535798E+01   0.24219036E+15   0.30450557E+10
   0.14000000E+01   0.31622777E+14   0.41073110E+01   0.23229322E+15   0.31912313E+00   0.65291412E+03   0.73902795E+13   0.16229329E+16   0.77696363E-01   0.63968371E+03   0.29554119E+14   0.37725125E+01   0.28017880E+15   0.31158394E+14   0.40306570E+01   0.24219036E+15   0.30450557E+10
   0.14000000E+01   0.39810717E+14   0.40878000E+01   0.23229322E+15   0.34458123E+00   0.70500045E+03   0.93385750E+13   0.16058924E+16   0.84295030E-01   0.69035825E+03   0.37200163E+14   0.37543810E+01   0.28017880E+15   0.39224463E+14   0.40114545E+01   0.24219036E+15   0.30450557E+10
   0.14000000E+01   0.50118723E+14   0.40715963E+01   0.23229322E+15   0.37207025E+00   0.76124198E+03   0.11793263E+14   0.15918240E+16   0.91381910E-01   0.74511290E+03   0.46825041E+14   0.37393076E+01   0.28017880E+15   0.49378916E+14   0.39955061E+01   0.24219036E+15   0.30450557E+10
   0.14000000E+01   0.63095734E+14   0.40583153E+01   0.23229322E+15   0.40175221E+00   0.82197018E+03   0.14885001E+14   0.15803494E+16   0.98994826E-01   0.80427280E+03   0.58942594E+14   0.37269705E+01   0.28017880E+15   0.62163394E+14   0.39824523E+01   0.24219036E+15   0.30450557E+10
   0.14000000E+01   0.79432823E+14   0.40474390E+01   0.23229322E+15   0.43380206E+00   0.88754299E+03   0.18778705E+14   0.15709903E+16   0.10717939E+00   0.86818520E+03   0.74197465E+14   0.37168676E+01   0.28017880E+15   0.78257177E+14   0.39717473E+01   0.24219036E+15   0.30450557E+10
   0.14000000E+01   0.10000000E+15   0.40385326E+01   0.23229322E+15   0.46840869E+00   0.95834687E+03   0.23682031E+14   0.15633516E+16   0.11598487E+00   0.93722529E+03   0.93401129E+14   0.37085835E+01   0.28017880E+15   0.98517850E+14   0.39629793E+01   0.24219036E+15   0.30450557E+10
   0.14000000E+01   0.12589254E+15   0.40312618E+01   0.23229322E+15   0.50577607E+00   0.10347992E+04   0.29856275E+14   0.15571325E+16   0.12546346E+00   0.10117993E+04   0.11757668E+15   0.37018188E+01   0.28017880E+15   0.12402446E+15   0.39558215E+01   0.24219036E+15   0.30450557E+10
   0.14000000E+01   0.15848932E+15   0.40253284E+01   0.23229322E+15   0.54612444E+00   0.11173504E+04   0.37630502E+14   0.15520685E+16   0.13567202E+00   0.10923456E+04   0.14801197E+15   0.36963012E+01   0.28017880E+15   0.15613567E+15   0.39499833E+01   0.24219036E+15   0.30450557E+10
   0.14000000E+01   0.19952623E+15   0.40204872E+01   0.23229322E+15   0.58969160E+00   0.12064872E+04   0.47418992E+14   0.15479442E+16   0.14667168E+00   0.11793378E+04   0.18632826E+15   0.36918044E+01   0.28017880E+15   0.19656202E+15   0.39452251E+01   0.24219036E+15   0.30450557E+10
   0.14000000E+01   0.25118864E+15   0.40165383E+01   0.23229322E+15   0.63673435E+00   0.13027349E+04   0.59743292E+14   0.15445850E+16   0.15852814E+00   0.12732879E+04   0.23456539E+15   0.36881365E+01   0.28017880E+15   0.24745574E+15   0.39413439E+01   0.24219036E+15   0.30450557E+10
   0.14000000E+01   0.31622777E+15   0.40133236E+01   0.23229322E+15   0.68752993E+00   0.14066608E+04   0.75259909E+14   0.15418537E+16   0.17131186E+00   0.13747488E+04   0.29529213E+15   0.36851505E+01   0.28017880E+15   0.31152711E+15   0.39381842E+01   0.24219036E+15   0.30450557E+10
   0.14000000E+01   0.39810717E+15   0.40107133E+01   0.23229322E+15   0.74237775E+00   0.15188774E+04   0.94795308E+14   0.15396380E+16   0.18509868E+00   0.14843180E+04   0.37174238E+15   0.36827260E+01   0.28017880E+15   0.39218816E+15   0.39356187E+01   0.24219036E+15   0.30450557E+10
   0.14000000E+01   0.50118723E+15   0.40085982E+01   0.23229322E+15   0.80160105E+00   0.16400461E+04   0.11938996E+15   0.15378441E+16   0.19997042E+00   0.16026409E+04   0.46798738E+15   0.36807614E+01   0.28017880E+15   0.49373318E+15   0.39335366E+01   0.24219036E+15   0.30450557E+10
   0.14000000E+01   0.63095734E+15   0.40068878E+01   0.23229322E+15   0.86554891E+00   0.17708811E+04   0.15035374E+15   0.15363944E+16   0.21601526E+00   0.17304144E+04   0.58915248E+15   0.36791728E+01   0.28017880E+15   0.62157067E+15   0.39318528E+01   0.24219036E+15   0.30450557E+10
   0.14000000E+01   0.79432823E+15   0.40055080E+01   0.23229322E+15   0.93459821E+00   0.19121534E+04   0.18933567E+15   0.15352255E+16   0.23332826E+00   0.18683909E+04   0.74169017E+15   0.36778911E+01   0.28017880E+15   0.78250849E+15   0.39304945E+01   0.24219036E+15   0.30450557E+10
   0.14000000E+01   0.10000000E+16   0.40043983E+01   0.23229322E+15   0.10091559E+01   0.20646958E+04   0.23841169E+15   0.15342858E+16   0.25201188E+00   0.20173835E+04   0.93372364E+15   0.36768604E+01   0.28017880E+15   0.98511717E+15   0.39294020E+01   0.24219036E+15   0.30450557E+10
   0.14000000E+01   0.12589254E+16   0.40035079E+01   0.23229322E+15   0.10896615E+01   0.22294072E+04   0.30019529E+15   0.15335321E+16   0.27217669E+00   0.21782698E+04   0.11754793E+16   0.36760334E+01   0.28017880E+15   0.12401864E+16   0.39285254E+01   0.24219036E+15   0.30450557E+10
   0.14000000E+01   0.15848932E+16   0.40027949E+01   0.23229322E+15   0.11765894E+01   0.24072585E+04   0.37797669E+15   0.15329287E+16   0.29394198E+00   0.23519978E+04   0.14798317E+16   0.36753711E+01   0.28017880E+15   0.15612994E+16   0.39278235E+01   0.24219036E+15   0.30450557E+10
   0.14000000E+01   0.19952623E+16   0.40022252E+01   0.23229322E+15   0.12704521E+01   0.25992979E+04   0.47589800E+15   0.15324467E+16   0.31743642E+00   0.25395909E+04   0.18629885E+16   0.36748420E+01   0.28017880E+15   0.19655568E+16   0.39272627E+01   0.24219036E+15   0.30450557E+10
   0.14000000E+01   0.25118864E+16   0.40017711E+01   0.23229322E+15   0.13718026E+01   0.28066574E+04   0.59917383E+15   0.15320625E+16   0.34279886E+00   0.27421546E+04   0.23453544E+16   0.36744202E+01   0.28017880E+15   0.24744867E+16   0.39268157E+01   0.24219036E+15   0.30450557E+10
   0.14000000E+01   0.31622777E+16   0.40014096E+01   0.23229322E+15   0.14812383E+01   0.30305589E+04   0.75436903E+15   0.15317568E+16   0.37017914E+00   0.29608824E+04   0.29526170E+16   0.36740845E+01   0.28017880E+15   0.31151914E+16   0.39264598E+01   0.24219036E+15   0.30450557E+10
   0.14000000E+01   0.39810717E+16   0.40011222E+01   0.23229322E+15   0.15994044E+01   0.32723222E+04   0.94974828E+15   0.15315137E+16   0.39973895E+00   0.31970632E+04   0.37171153E+16   0.36738175E+01   0.28017880E+15   0.39217909E+16   0.39261768E+01   0.24219036E+15   0.30450557E+10
   0.14000000E+01   0.50118723E+16   0.40008939E+01   0.23229322E+15   0.17269971E+01   0.35333723E+04   0.11957162E+16   0.15313206E+16   0.43165282E+00   0.34520889E+04   0.46795616E+16   0.36736054E+01   0.28017880E+15   0.49372395E+16   0.39259521E+01   0.24219036E+15   0.30450557E+10
   0.14000000E+01   0.63095734E+16   0.40007129E+01   0.23229322E+15   0.18647686E+01   0.38152476E+04   0.15053713E+16   0.15311676E+16   0.46610908E+00   0.37274622E+04   0.58912098E+16   0.36734374E+01   0.28017880E+15   0.62156135E+16   0.39257739E+01   0.24219036E+15   0.30450557E+10
   0.14000000E+01   0.79432823E+16   0.40005696E+01   0.23229322E+15   0.20135308E+01   0.41196096E+04   0.18952039E+16   0.15310464E+16   0.50331104E+00   0.40248060E+04   0.74165845E+16   0.36733042E+01   0.28017880E+15   0.78249910E+16   0.39256328E+01   0.24219036E+15   0.30450557E+10
   0.14000000E+01   0.10000000E+17   0.40004559E+01   0.23229322E+15   0.21741606E+01   0.44482521E+04   0.23859739E+16   0.15309503E+16   0.54347820E+00   0.43458726E+04   0.93369175E+16   0.36731987E+01   0.28017880E+15   0.98510773E+16   0.39255209E+01   0.24219036E+15   0.30450557E+10
   0.14000000E+01   0.12589254E+17   0.40003657E+01   0.23229322E+15   0.23476046E+01   0.48031122E+04   0.30038168E+16   0.15308740E+16   0.58684748E+00   0.46925542E+04   0.11754474E+17   0.36731149E+01   0.28017880E+15   0.12401769E+17   0.39254322E+01   0.24219036E+15   0.30450557E+10
