         1        92   0.13000000E+01   0.31562220E+00   0.68437780E+00   0.82883870E+00   0.96580000E+00   0.22242000E-01  ---------------   0.27255000E+01  ---------------      0.67238290E+00                                 
   0.13000000E+01   0.10000000E+08   0.98600914E+01   0.20639089E+15   0.22615539E-02   0.43614583E+01   0.13075444E+07   0.11161438E+17   0.22936440E-03   0.49522255E+01   0.95533104E+07   0.90960322E+01   0.25114889E+15   0.99262872E+07   0.97305604E+01   0.21316045E+15   0.32354979E+10
   0.13000000E+01   0.12589254E+08   0.97701956E+01   0.20639089E+15   0.24419698E-02   0.47093944E+01   0.16545501E+07   0.10914670E+17   0.24994072E-03   0.53365017E+01   0.12024559E+08   0.90125164E+01   0.25114889E+15   0.12496051E+08   0.96417417E+01   0.21316045E+15   0.32354979E+10
   0.13000000E+01   0.15848932E+08   0.96804244E+01   0.20639089E+15   0.26367783E-02   0.50850871E+01   0.20937681E+07   0.10671677E+17   0.27238251E-03   0.57505566E+01   0.15135034E+08   0.89291193E+01   0.25114889E+15   0.15731163E+08   0.95530630E+01   0.21316045E+15   0.32354979E+10
   0.13000000E+01   0.19952623E+08   0.95907645E+01   0.20639089E+15   0.28471277E-02   0.54907507E+01   0.26497399E+07   0.10432391E+17   0.29686139E-03   0.61966928E+01   0.19050055E+08   0.88458260E+01   0.25114889E+15   0.19803704E+08   0.94644781E+01   0.21316045E+15   0.32354979E+10
   0.13000000E+01   0.25118864E+08   0.95003294E+01   0.20639089E+15   0.30742578E-02   0.59287763E+01   0.33537245E+07   0.10194462E+17   0.32359486E-03   0.66772569E+01   0.23977666E+08   0.87618146E+01   0.25114889E+15   0.24930542E+08   0.93751280E+01   0.21316045E+15   0.32354979E+10
   0.13000000E+01   0.31622777E+08   0.94090703E+01   0.20639089E+15   0.33195072E-02   0.64017454E+01   0.42452547E+07   0.99578323E+16   0.35279864E-03   0.71948812E+01   0.30179728E+08   0.86770396E+01   0.25114889E+15   0.31384606E+08   0.92849644E+01   0.21316045E+15   0.32354979E+10
   0.13000000E+01   0.39810717E+08   0.93179477E+01   0.20639089E+15   0.35843214E-02   0.69124456E+01   0.53741331E+07   0.97250117E+16   0.38466855E-03   0.77525767E+01   0.37985896E+08   0.85923933E+01   0.25114889E+15   0.39509490E+08   0.91949360E+01   0.21316045E+15   0.32354979E+10
   0.13000000E+01   0.50118723E+08   0.92269565E+01   0.20639089E+15   0.38702612E-02   0.74638871E+01   0.68036525E+07   0.94959509E+16   0.41945155E-03   0.83534401E+01   0.47811042E+08   0.85078724E+01   0.25114889E+15   0.49737751E+08   0.91050392E+01   0.21316045E+15   0.32354979E+10
   0.13000000E+01   0.63095734E+08   0.91346966E+01   0.20639089E+15   0.41790120E-02   0.80593199E+01   0.86147710E+07   0.92671678E+16   0.45748777E-03   0.90005143E+01   0.60177142E+08   0.84221777E+01   0.25114889E+15   0.62614111E+08   0.90139020E+01   0.21316045E+15   0.32354979E+10
   0.13000000E+01   0.79432823E+08   0.90421425E+01   0.20639089E+15   0.45123933E-02   0.87022535E+01   0.10909090E+08   0.90411458E+16   0.49904028E-03   0.96975419E+01   0.75741231E+08   0.83362082E+01   0.25114889E+15   0.78823613E+08   0.89224630E+01   0.21316045E+15   0.32354979E+10
   0.13000000E+01   0.10000000E+09   0.89497409E+01   0.20639089E+15   0.48723702E-02   0.93964772E+01   0.13815454E+08   0.88189618E+16   0.54441467E-03   0.10448474E+02   0.95330444E+08   0.82503826E+01   0.25114889E+15   0.99229304E+08   0.88311734E+01   0.21316045E+15   0.32354979E+10
   0.13000000E+01   0.12589254E+09   0.88570864E+01   0.20639089E+15   0.52610644E-02   0.10146083E+02   0.17497899E+08   0.85996243E+16   0.59399492E-03   0.11257366E+02   0.11998552E+09   0.81643244E+01   0.25114889E+15   0.12491749E+09   0.87396345E+01   0.21316045E+15   0.32354979E+10
   0.13000000E+01   0.15848932E+09   0.87631353E+01   0.20639089E+15   0.56807666E-02   0.10955488E+02   0.22165739E+08   0.83807266E+16   0.64825732E-03   0.12128374E+02   0.15101595E+09   0.80770643E+01   0.25114889E+15   0.15725559E+09   0.86468153E+01   0.21316045E+15   0.32354979E+10
   0.13000000E+01   0.19952623E+09   0.86693719E+01   0.20639089E+15   0.61339507E-02   0.11829464E+02   0.28081037E+08   0.81657665E+16   0.70754269E-03   0.13066686E+02   0.19007066E+09   0.79899810E+01   0.25114889E+15   0.19796512E+09   0.85541822E+01   0.21316045E+15   0.32354979E+10
   0.13000000E+01   0.25118864E+09   0.85757853E+01   0.20639089E+15   0.66232876E-02   0.12773161E+02   0.35577862E+08   0.79546752E+16   0.77232433E-03   0.14077491E+02   0.23922447E+09   0.79030644E+01   0.25114889E+15   0.24921318E+09   0.84617242E+01   0.21316045E+15   0.32354979E+10
   0.13000000E+01   0.31622777E+09   0.84807844E+01   0.20639089E+15   0.71516615E-02   0.13792142E+02   0.45084917E+08   0.77439094E+16   0.84327830E-03   0.15165802E+02   0.30108731E+09   0.78148371E+01   0.25114889E+15   0.31372765E+09   0.83678700E+01   0.21316045E+15   0.32354979E+10
   0.13000000E+01   0.39810717E+09   0.83858160E+01   0.20639089E+15   0.77221864E-02   0.14892413E+02   0.57138144E+08   0.75367313E+16   0.92086285E-03   0.16338071E+02   0.37894590E+09   0.77266426E+01   0.25114889E+15   0.39494287E+09   0.82740484E+01   0.21316045E+15   0.32354979E+10
   0.13000000E+01   0.50118723E+09   0.82910679E+01   0.20639089E+15   0.83382251E-02   0.16080457E+02   0.72420197E+08   0.73335125E+16   0.10056877E-02   0.17600844E+02   0.47693597E+09   0.76386554E+01   0.25114889E+15   0.49718210E+09   0.81804451E+01   0.21316045E+15   0.32354979E+10
   0.13000000E+01   0.63095734E+09   0.81953092E+01   0.20639089E+15   0.90034084E-02   0.17363278E+02   0.91806192E+08   0.71316319E+16   0.10986051E-02   0.18960526E+02   0.60026005E+09   0.75497328E+01   0.25114889E+15   0.62588736E+09   0.80858443E+01   0.21316045E+15   0.32354979E+10
   0.13000000E+01   0.79432823E+09   0.80991541E+01   0.20639089E+15   0.97216567E-02   0.18748437E+02   0.11639813E+09   0.69324368E+16   0.12003299E-02   0.20424804E+02   0.75546780E+09   0.74604451E+01   0.25114889E+15   0.78790972E+09   0.79908526E+01   0.21316045E+15   0.32354979E+10
   0.13000000E+01   0.10000000E+10   0.80032538E+01   0.20639089E+15   0.10497203E-01   0.20244096E+02   0.14759191E+09   0.67372587E+16   0.13116170E-02   0.22002041E+02   0.95080264E+09   0.73713970E+01   0.25114889E+15   0.99187382E+09   0.78961132E+01   0.21316045E+15   0.32354979E+10
   0.13000000E+01   0.12589254E+10   0.79064629E+01   0.20639089E+15   0.11334620E-01   0.21859072E+02   0.18718057E+09   0.65437754E+16   0.14335892E-02   0.23700267E+02   0.11966334E+10   0.72815254E+01   0.25114889E+15   0.12486360E+10   0.78004949E+01   0.21316045E+15   0.32354979E+10
   0.13000000E+01   0.15848932E+10   0.78092235E+01   0.20639089E+15   0.12238841E-01   0.23602883E+02   0.23742627E+09   0.63529179E+16   0.15672289E-02   0.25528975E+02   0.15060128E+10   0.71912408E+01   0.25114889E+15   0.15718635E+10   0.77044345E+01   0.21316045E+15   0.32354979E+10
   0.13000000E+01   0.19952623E+10   0.77122740E+01   0.20639089E+15   0.13215196E-01   0.25485807E+02   0.30119206E+09   0.61661175E+16   0.17135278E-02   0.27498651E+02   0.18953696E+10   0.71012288E+01   0.25114889E+15   0.19787616E+10   0.76086611E+01   0.21316045E+15   0.32354979E+10
   0.13000000E+01   0.25118864E+10   0.76143914E+01   0.20639089E+15   0.14269441E-01   0.27518942E+02   0.38216346E+09   0.59810256E+16   0.18740093E-02   0.29619240E+02   0.23853661E+10   0.70103543E+01   0.25114889E+15   0.24909873E+10   0.75119670E+01   0.21316045E+15   0.32354979E+10
   0.13000000E+01   0.31622777E+10   0.75164157E+01   0.20639089E+15   0.15407788E-01   0.29714270E+02   0.48497485E+09   0.57992590E+16   0.20498850E-02   0.31902893E+02   0.30020171E+10   0.69193973E+01   0.25114889E+15   0.31358054E+10   0.74151817E+01   0.21316045E+15   0.32354979E+10
   0.13000000E+01   0.39810717E+10   0.74187882E+01   0.20639089E+15   0.16636946E-01   0.32084730E+02   0.61551659E+09   0.56215956E+16   0.22425423E-02   0.34362501E+02   0.37780384E+10   0.68287548E+01   0.25114889E+15   0.39475203E+10   0.73187301E+01   0.21316045E+15   0.32354979E+10
   0.13000000E+01   0.50118723E+10   0.73197935E+01   0.20639089E+15   0.17964161E-01   0.34644295E+02   0.78140414E+09   0.54449400E+16   0.24541897E-02   0.37009992E+02   0.47546153E+10   0.67368526E+01   0.25114889E+15   0.49693507E+10   0.72209335E+01   0.21316045E+15   0.32354979E+10
   0.13000000E+01   0.63095734E+10   0.72210703E+01   0.20639089E+15   0.19397255E-01   0.37408049E+02   0.99213348E+09   0.52722469E+16   0.26862022E-02   0.39861249E+02   0.59836020E+10   0.66452128E+01   0.25114889E+15   0.62556964E+10   0.71234125E+01   0.21316045E+15   0.32354979E+10
   0.13000000E+01   0.79432823E+10   0.71222282E+01   0.20639089E+15   0.20944674E-01   0.40392283E+02   0.12599105E+10   0.51027968E+16   0.29407475E-02   0.42931513E+02   0.75301992E+10   0.65534672E+01   0.25114889E+15   0.78750108E+10   0.70257750E+01   0.21316045E+15   0.32354979E+10
   0.13000000E+01   0.10000000E+11   0.70227400E+01   0.20639089E+15   0.22615539E-01   0.43614583E+02   0.16003237E+10   0.49356974E+16   0.32203298E-02   0.46236925E+02   0.94764510E+10   0.64611266E+01   0.25114889E+15   0.99134772E+10   0.69275005E+01   0.21316045E+15   0.32354979E+10
   0.13000000E+01   0.12589254E+11   0.69238057E+01   0.20639089E+15   0.24419698E-01   0.47093944E+02   0.20329677E+10   0.47729403E+16   0.35269184E-02   0.49796949E+02   0.11925561E+11   0.63692882E+01   0.25114889E+15   0.12479532E+11   0.68297626E+01   0.21316045E+15   0.32354979E+10
   0.13000000E+01   0.15848932E+11   0.68239979E+01   0.20639089E+15   0.26367783E-01   0.50850871E+02   0.25832548E+10   0.46121648E+16   0.38639788E-02   0.53629218E+02   0.15007505E+11   0.62766533E+01   0.25114889E+15   0.15709801E+11   0.67311678E+01   0.21316045E+15   0.32354979E+10
   0.13000000E+01   0.19952623E+11   0.67242777E+01   0.20639089E+15   0.28471277E-01   0.54907507E+02   0.32830921E+10   0.44549303E+16   0.42341019E-02   0.57755864E+02   0.18885812E+11   0.61841111E+01   0.25114889E+15   0.19776242E+11   0.66326671E+01   0.21316045E+15   0.32354979E+10
   0.13000000E+01   0.25118864E+11   0.66246563E+01   0.20639089E+15   0.30742578E-01   0.59287763E+02   0.41733058E+10   0.43012152E+16   0.46406299E-02   0.62199492E+02   0.23766100E+11   0.60916612E+01   0.25114889E+15   0.24895238E+11   0.65342650E+01   0.21316045E+15   0.32354979E+10
   0.13000000E+01   0.31622777E+11   0.65247259E+01   0.20639089E+15   0.33195072E-01   0.64017454E+02   0.53061466E+10   0.41503715E+16   0.50875811E-02   0.66983703E+02   0.29906916E+11   0.59989131E+01   0.25114889E+15   0.31338951E+11   0.64355410E+01   0.21316045E+15   0.32354979E+10
   0.13000000E+01   0.39810717E+11   0.64254673E+01   0.20639089E+15   0.35843214E-01   0.69124456E+02   0.67474672E+10   0.40038320E+16   0.55783047E-02   0.72136402E+02   0.37634535E+11   0.59068144E+01   0.25114889E+15   0.39450794E+11   0.63374995E+01   0.21316045E+15   0.32354979E+10
   0.13000000E+01   0.50118723E+11   0.63251390E+01   0.20639089E+15   0.38702612E-01   0.74638871E+02   0.85831239E+10   0.38590154E+16   0.61188557E-02   0.77682428E+02   0.47357945E+11   0.58137200E+01   0.25114889E+15   0.49662218E+11   0.62384028E+01   0.21316045E+15   0.32354979E+10
   0.13000000E+01   0.63095734E+11   0.62258449E+01   0.20639089E+15   0.41790120E-01   0.80593199E+02   0.10919488E+11   0.37189307E+16   0.67123612E-02   0.83656306E+02   0.59592816E+11   0.57215807E+01   0.25114889E+15   0.62516145E+11   0.61403105E+01   0.21316045E+15   0.32354979E+10
   0.13000000E+01   0.79432823E+11   0.61262876E+01   0.20639089E+15   0.45123933E-01   0.87022535E+02   0.13895484E+11   0.35816797E+16   0.73656244E-02   0.90088066E+02   0.74988339E+11   0.56292220E+01   0.25114889E+15   0.78697563E+11   0.60419776E+01   0.21316045E+15   0.32354979E+10
   0.13000000E+01   0.10000000E+12   0.60272390E+01   0.20639089E+15   0.48723702E-01   0.93964772E+02   0.17685895E+11   0.34482853E+16   0.80839175E-02   0.97014755E+02   0.94358854E+11   0.55373127E+01   0.25114889E+15   0.99066367E+11   0.59441322E+01   0.21316045E+15   0.32354979E+10
   0.13000000E+01   0.12589254E+12   0.59282173E+01   0.20639089E+15   0.52610644E-01   0.10146083E+03   0.22515875E+11   0.33180435E+16   0.88746146E-02   0.10447319E+03   0.11873324E+12   0.54454608E+01   0.25114889E+15   0.12470775E+12   0.58463287E+01   0.21316045E+15   0.32354979E+10
   0.13000000E+01   0.15848932E+12   0.58301033E+01   0.20639089E+15   0.56807666E-01   0.10955488E+03   0.28669400E+11   0.31920396E+16   0.97438524E-02   0.11250690E+03   0.14940105E+12   0.53544379E+01   0.25114889E+15   0.15698535E+12   0.57494185E+01   0.21316045E+15   0.32354979E+10
   0.13000000E+01   0.19952623E+12   0.57322348E+01   0.20639089E+15   0.61339507E-01   0.11829464E+03   0.36513398E+11   0.30693406E+16   0.10700802E-01   0.12115830E+03   0.18798881E+12   0.52636587E+01   0.25114889E+15   0.19761631E+12   0.56527468E+01   0.21316045E+15   0.32354979E+10
   0.13000000E+01   0.25118864E+12   0.56350424E+01   0.20639089E+15   0.66232876E-01   0.12773161E+03   0.46512615E+11   0.29504158E+16   0.11753749E-01   0.13047652E+03   0.23653954E+12   0.51735048E+01   0.25114889E+15   0.24876415E+12   0.55567529E+01   0.21316045E+15   0.32354979E+10
   0.13000000E+01   0.31622777E+12   0.55388846E+01   0.20639089E+15   0.71516615E-01   0.13792142E+03   0.59259365E+11   0.28355993E+16   0.12911736E-01   0.14051458E+03   0.29762733E+12   0.50843215E+01   0.25114889E+15   0.31314773E+12   0.54617695E+01   0.21316045E+15   0.32354979E+10
   0.13000000E+01   0.39810717E+12   0.54435435E+01   0.20639089E+15   0.77221864E-01   0.14892413E+03   0.75513440E+11   0.27245217E+16   0.14185955E-01   0.15132756E+03   0.37448596E+12   0.49958950E+01   0.25114889E+15   0.39419660E+12   0.53676060E+01   0.21316045E+15   0.32354979E+10
   0.13000000E+01   0.50118723E+12   0.53492758E+01   0.20639089E+15   0.83382251E-01   0.16080457E+03   0.96240947E+11   0.26173739E+16   0.15587578E-01   0.16297682E+03   0.47119026E+12   0.49084780E+01   0.25114889E+15   0.49621869E+12   0.52744923E+01   0.21316045E+15   0.32354979E+10
   0.13000000E+01   0.63095734E+12   0.52566904E+01   0.20639089E+15   0.90034084E-01   0.17363278E+03   0.12266739E+12   0.25147061E+16   0.17127523E-01   0.17553046E+03   0.59285868E+12   0.48226145E+01   0.25114889E+15   0.62464741E+12   0.51830494E+01   0.21316045E+15   0.32354979E+10
   0.13000000E+01   0.79432823E+12   0.51649585E+01   0.20639089E+15   0.97216567E-01   0.18748437E+03   0.15637963E+12   0.24154698E+16   0.18822333E-01   0.18905518E+03   0.74594305E+12   0.47375647E+01   0.25114889E+15   0.78631180E+12   0.50924457E+01   0.21316045E+15   0.32354979E+10
   0.13000000E+01   0.10000000E+13   0.50760004E+01   0.20639089E+15   0.10497203E+00   0.20244096E+03   0.19934098E+12   0.23215736E+16   0.20680068E-01   0.20363739E+03   0.93854435E+12   0.46550712E+01   0.25114889E+15   0.98981725E+12   0.50045836E+01   0.21316045E+15   0.32354979E+10
   0.13000000E+01   0.12589254E+13   0.49881156E+01   0.20639089E+15   0.11334620E+00   0.21859072E+03   0.25414344E+12   0.22310503E+16   0.22723250E-01   0.21935091E+03   0.11808825E+13   0.45736033E+01   0.25114889E+15   0.12459915E+13   0.49177846E+01   0.21316045E+15   0.32354979E+10
   0.13000000E+01   0.15848932E+13   0.49031671E+01   0.20639089E+15   0.12238841E+00   0.23602883E+03   0.32397187E+12   0.21456472E+16   0.24961092E-01   0.23629638E+03   0.14857718E+13   0.44948356E+01   0.25114889E+15   0.15684638E+13   0.48338833E+01   0.21316045E+15   0.32354979E+10
   0.13000000E+01   0.19952623E+13   0.48205183E+01   0.20639089E+15   0.13215196E+00   0.25485807E+03   0.41296745E+12   0.20645145E+16   0.27414472E-01   0.25456763E+03   0.18694128E+13   0.44182324E+01   0.25114889E+15   0.19743984E+13   0.47522575E+01   0.21316045E+15   0.32354979E+10
   0.13000000E+01   0.25118864E+13   0.47408065E+01   0.20639089E+15   0.14269441E+00   0.27518942E+03   0.52632716E+12   0.19880779E+16   0.30099184E-01   0.27427469E+03   0.23520857E+13   0.43443322E+01   0.25114889E+15   0.24853977E+13   0.46735350E+01   0.21316045E+15   0.32354979E+10
   0.13000000E+01   0.31622777E+13   0.46646186E+01   0.20639089E+15   0.15407788E+00   0.29714270E+03   0.67062196E+12   0.19166689E+16   0.33031184E-01   0.29553711E+03   0.29594464E+13   0.42737199E+01   0.25114889E+15   0.31286374E+13   0.45982846E+01   0.21316045E+15   0.32354979E+10
   0.13000000E+01   0.39810717E+13   0.45915098E+01   0.20639089E+15   0.16636946E+00   0.32084730E+03   0.85428250E+12   0.18496475E+16   0.36234152E-01   0.31847615E+03   0.37236589E+13   0.42059610E+01   0.25114889E+15   0.39383910E+13   0.45260891E+01   0.21316045E+15   0.32354979E+10
   0.13000000E+01   0.50118723E+13   0.45226492E+01   0.20639089E+15   0.17964161E+00   0.34644295E+03   0.10877584E+13   0.17878540E+16   0.39720440E-01   0.34323724E+03   0.46852687E+13   0.41421341E+01   0.25114889E+15   0.49576925E+13   0.44580753E+01   0.21316045E+15   0.32354979E+10
   0.13000000E+01   0.63095734E+13   0.44578567E+01   0.20639089E+15   0.19397255E+00   0.37408049E+03   0.13844217E+13   0.17308827E+16   0.43512514E-01   0.36996642E+03   0.58953854E+13   0.40820965E+01   0.25114889E+15   0.62408448E+13   0.43940858E+01   0.21316045E+15   0.32354979E+10
   0.13000000E+01   0.79432823E+13   0.43974849E+01   0.20639089E+15   0.20944674E+00   0.40392283E+03   0.17610360E+13   0.16788126E+16   0.47628758E-01   0.39882713E+03   0.74182380E+13   0.40261600E+01   0.25114889E+15   0.78561592E+13   0.43344675E+01   0.21316045E+15   0.32354979E+10
   0.13000000E+01   0.10000000E+14   0.43419144E+01   0.20639089E+15   0.22615539E+00   0.43614583E+03   0.22386533E+13   0.16317422E+16   0.52086561E-01   0.42999735E+03   0.93346609E+13   0.39746650E+01   0.25114889E+15   0.98896008E+13   0.42795898E+01   0.21316045E+15   0.32354979E+10
   0.13000000E+01   0.12589254E+14   0.42913474E+01   0.20639089E+15   0.24419698E+00   0.47093944E+03   0.28437501E+13   0.15896202E+16   0.56904500E-01   0.46366852E+03   0.11746580E+14   0.39278109E+01   0.25114889E+15   0.12449418E+14   0.42296521E+01   0.21316045E+15   0.32354979E+10
   0.13000000E+01   0.15848932E+14   0.42457925E+01   0.20639089E+15   0.26367783E+00   0.50850871E+03   0.36096426E+13   0.15522491E+16   0.62103325E-01   0.50004591E+03   0.14782246E+14   0.38856051E+01   0.25114889E+15   0.15671884E+14   0.41846628E+01   0.21316045E+15   0.32354979E+10
   0.13000000E+01   0.19952623E+14   0.42053593E+01   0.20639089E+15   0.28471277E+00   0.54907507E+03   0.45780472E+13   0.15195342E+16   0.67702366E-01   0.53935339E+03   0.18603110E+14   0.38481445E+01   0.25114889E+15   0.19728563E+14   0.41447298E+01   0.21316045E+15   0.32354979E+10
   0.13000000E+01   0.25118864E+14   0.41703041E+01   0.20639089E+15   0.30742578E+00   0.59287763E+03   0.58010094E+13   0.14915151E+16   0.73717833E-01   0.58183616E+03   0.23412377E+14   0.38156569E+01   0.25114889E+15   0.24835494E+14   0.41101085E+01   0.21316045E+15   0.32354979E+10
   0.13000000E+01   0.31622777E+14   0.41401238E+01   0.20639089E+15   0.33195072E+00   0.64017454E+03   0.73444763E+13   0.14676474E+16   0.80178936E-01   0.62774820E+03   0.29466542E+14   0.37877049E+01   0.25114889E+15   0.31264896E+14   0.40803144E+01   0.21316045E+15   0.32354979E+10
   0.13000000E+01   0.39810717E+14   0.41146219E+01   0.20639089E+15   0.35843214E+00   0.69124456E+03   0.92908764E+13   0.14476628E+16   0.87111805E-01   0.67736857E+03   0.37087496E+14   0.37640801E+01   0.25114889E+15   0.39358438E+14   0.40551214E+01   0.21316045E+15   0.32354979E+10
   0.13000000E+01   0.50118723E+14   0.40933765E+01   0.20639089E+15   0.38702612E+00   0.74638871E+03   0.11744014E+14   0.14311414E+16   0.94549359E-01   0.73099464E+03   0.46681242E+14   0.37444001E+01   0.25114889E+15   0.49548110E+14   0.40341498E+01   0.21316045E+15   0.32354979E+10
   0.13000000E+01   0.63095734E+14   0.40758305E+01   0.20639089E+15   0.41790120E+00   0.80593199E+03   0.14834729E+14   0.14175842E+16   0.10253154E+00   0.78894415E+03   0.58758277E+14   0.37281401E+01   0.25114889E+15   0.62375319E+14   0.40168136E+01   0.21316045E+15   0.32354979E+10
   0.13000000E+01   0.79432823E+14   0.40615061E+01   0.20639089E+15   0.45123933E+00   0.87022535E+03   0.18727532E+14   0.14065747E+16   0.11110148E+00   0.85156059E+03   0.73963086E+14   0.37148836E+01   0.25114889E+15   0.78524356E+14   0.40026708E+01   0.21316045E+15   0.32354979E+10
   0.13000000E+01   0.10000000E+15   0.40497842E+01   0.20639089E+15   0.48723702E+00   0.93964772E+03   0.23630215E+14   0.13976043E+16   0.12031185E+00   0.91921021E+03   0.93103366E+14   0.37040209E+01   0.25114889E+15   0.98854931E+14   0.39911002E+01   0.21316045E+15   0.32354979E+10
   0.13000000E+01   0.12589254E+15   0.40402265E+01   0.20639089E+15   0.52610644E+00   0.10146083E+04   0.29804065E+14   0.13903161E+16   0.13021707E+00   0.99229088E+03   0.11719924E+15   0.36951641E+01   0.25114889E+15   0.12444957E+15   0.39816658E+01   0.21316045E+15   0.32354979E+10
   0.13000000E+01   0.15848932E+15   0.40324665E+01   0.20639089E+15   0.56807666E+00   0.10955488E+04   0.37577972E+14   0.13844158E+16   0.14087573E+00   0.10712326E+04   0.14753389E+15   0.36879734E+01   0.25114889E+15   0.15666992E+15   0.39739946E+01   0.21316045E+15   0.32354979E+10
   0.13000000E+01   0.19952623E+15   0.40261555E+01   0.20639089E+15   0.61339507E+00   0.11829464E+04   0.47366319E+14   0.13796286E+16   0.15235255E+00   0.11564987E+04   0.18572289E+15   0.36821271E+01   0.25114889E+15   0.19723300E+15   0.39677568E+01   0.21316045E+15   0.32354979E+10
   0.13000000E+01   0.25118864E+15   0.40210280E+01   0.20639089E+15   0.66232876E+00   0.12773161E+04   0.59690639E+14   0.13757466E+16   0.16471628E+00   0.12485906E+04   0.23380093E+15   0.36773836E+01   0.25114889E+15   0.24830011E+15   0.39626955E+01   0.21316045E+15   0.32354979E+10
   0.13000000E+01   0.31622777E+15   0.40168676E+01   0.20639089E+15   0.71516615E+00   0.13792142E+04   0.75207481E+14   0.13726016E+16   0.17804076E+00   0.13480500E+04   0.29432737E+15   0.36735348E+01   0.25114889E+15   0.31258975E+15   0.39585888E+01   0.21316045E+15   0.32354979E+10
   0.13000000E+01   0.39810717E+15   0.40135029E+01   0.20639089E+15   0.77221864E+00   0.14892413E+04   0.94743271E+14   0.13700614E+16   0.19240515E+00   0.14554626E+04   0.37052421E+15   0.36704181E+01   0.25114889E+15   0.39352558E+15   0.39552676E+01   0.21316045E+15   0.32354979E+10
   0.13000000E+01   0.50118723E+15   0.40107871E+01   0.20639089E+15   0.83382251E+00   0.16080457E+04   0.11933849E+15   0.13680132E+16   0.20789498E+00   0.15714605E+04   0.46644979E+15   0.36679016E+01   0.25114889E+15   0.49541772E+15   0.39525869E+01   0.21316045E+15   0.32354979E+10
   0.13000000E+01   0.63095734E+15   0.40086007E+01   0.20639089E+15   0.90034084E+00   0.17363278E+04   0.15030298E+15   0.13663655E+16   0.22460227E+00   0.16967268E+04   0.58721276E+15   0.36658755E+01   0.25114889E+15   0.62369231E+15   0.39504287E+01   0.21316045E+15   0.32354979E+10
   0.13000000E+01   0.79432823E+15   0.40068443E+01   0.20639089E+15   0.97216567E+00   0.18748437E+04   0.18928577E+15   0.13650429E+16   0.24262627E+00   0.18319992E+04   0.73924418E+15   0.36642480E+01   0.25114889E+15   0.78518044E+15   0.39486950E+01   0.21316045E+15   0.32354979E+10
   0.13000000E+01   0.10000000E+16   0.40054375E+01   0.20639089E+15   0.10497203E+01   0.20244096E+04   0.23836280E+15   0.13639840E+16   0.26207383E+00   0.19780744E+04   0.93064029E+15   0.36629444E+01   0.25114889E+15   0.98848192E+15   0.39473064E+01   0.21316045E+15   0.32354979E+10
   0.13000000E+01   0.12589254E+16   0.40043139E+01   0.20639089E+15   0.11334620E+01   0.21859072E+04   0.30014753E+15   0.13631387E+16   0.28306022E+00   0.21358127E+04   0.11715936E+16   0.36619033E+01   0.25114889E+15   0.12444233E+16   0.39461973E+01   0.21316045E+15   0.32354979E+10
   0.13000000E+01   0.15848932E+16   0.40034186E+01   0.20639089E+15   0.12238841E+01   0.23602883E+04   0.37793014E+15   0.13624653E+16   0.30570974E+00   0.23061435E+04   0.14749359E+16   0.36610737E+01   0.25114889E+15   0.15666344E+16   0.39453136E+01   0.21316045E+15   0.32354979E+10
   0.13000000E+01   0.19952623E+16   0.40027068E+01   0.20639089E+15   0.13215196E+01   0.25485807E+04   0.47585274E+15   0.13619301E+16   0.33015649E+00   0.24900701E+04   0.18568211E+16   0.36604141E+01   0.25114889E+15   0.19722742E+16   0.39446109E+01   0.21316045E+15   0.32354979E+10
   0.13000000E+01   0.25118864E+16   0.40021419E+01   0.20639089E+15   0.14269441E+01   0.27518942E+04   0.59912994E+15   0.13615055E+16   0.35654509E+00   0.26886761E+04   0.23375862E+16   0.36598907E+01   0.25114889E+15   0.24829444E+16   0.39440534E+01   0.21316045E+15   0.32354979E+10
   0.13000000E+01   0.31622777E+16   0.40016948E+01   0.20639089E+15   0.15407788E+01   0.29714270E+04   0.75432652E+15   0.13611695E+16   0.38503155E+00   0.29031317E+04   0.29428336E+16   0.36594765E+01   0.25114889E+15   0.31258401E+16   0.39436121E+01   0.21316045E+15   0.32354979E+10
   0.13000000E+01   0.39810717E+16   0.40013414E+01   0.20639089E+15   0.16636946E+01   0.32084730E+04   0.94970715E+15   0.13609038E+16   0.41578423E+00   0.31347005E+04   0.37047950E+16   0.36591489E+01   0.25114889E+15   0.39351979E+16   0.39432632E+01   0.21316045E+15   0.32354979E+10
   0.13000000E+01   0.50118723E+16   0.40010622E+01   0.20639089E+15   0.17964161E+01   0.34644295E+04   0.11956764E+16   0.13606941E+16   0.44898481E+00   0.33847470E+04   0.46640476E+16   0.36588902E+01   0.25114889E+15   0.49541190E+16   0.39429876E+01   0.21316045E+15   0.32354979E+10
   0.13000000E+01   0.63095734E+16   0.40008419E+01   0.20639089E+15   0.19397255E+01   0.37408049E+04   0.15053329E+16   0.13605285E+16   0.48482933E+00   0.36547447E+04   0.58716752E+16   0.36586861E+01   0.25114889E+15   0.62368646E+16   0.39427702E+01   0.21316045E+15   0.32354979E+10
   0.13000000E+01   0.79432823E+16   0.40006682E+01   0.20639089E+15   0.20944674E+01   0.40392283E+04   0.18951670E+16   0.13603980E+16   0.52352940E+00   0.39462846E+04   0.73919883E+16   0.36585252E+01   0.25114889E+15   0.78517457E+16   0.39425987E+01   0.21316045E+15   0.32354979E+10
   0.13000000E+01   0.10000000E+17   0.40005315E+01   0.20639089E+15   0.22615539E+01   0.43614583E+04   0.23859383E+16   0.13602953E+16   0.56531336E+00   0.42610848E+04   0.93059493E+16   0.36583985E+01   0.25114889E+15   0.98847605E+16   0.39424638E+01   0.21316045E+15   0.32354979E+10
   0.13000000E+01   0.12589254E+17   0.40004239E+01   0.20639089E+15   0.24419698E+01   0.47093944E+04   0.30037822E+16   0.13602145E+16   0.61042775E+00   0.46010006E+04   0.11715483E+17   0.36582988E+01   0.25114889E+15   0.12444175E+17   0.39423576E+01   0.21316045E+15   0.32354979E+10
