         1        92   0.15000000E+00   0.31562220E+00   0.68437780E+00   0.82883870E+00   0.96580000E+00   0.22242000E-01  ---------------   0.27255000E+01  ---------------      0.67238290E+00                                 
   0.15000000E+00   0.10000000E+08   0.21506285E+02   0.37482465E+14   0.39935680E-02   0.32821216E+01   0.89493466E+06   0.14396138E+17   0.18569307E-03   0.45533708E+01   0.91090636E+07   0.17385217E+02   0.64633499E+14   0.10561504E+08   0.24540184E+02   0.26645056E+14   0.79770865E+10
   0.15000000E+00   0.12589254E+08   0.21301658E+02   0.37482465E+14   0.43121555E-02   0.35439534E+01   0.11312296E+07   0.14045899E+17   0.20243285E-03   0.49030925E+01   0.11463496E+08   0.17217731E+02   0.64633499E+14   0.13298788E+08   0.24308301E+02   0.26645056E+14   0.79770865E+10
   0.15000000E+00   0.15848932E+08   0.21093347E+02   0.37482465E+14   0.46561584E-02   0.38266728E+01   0.14300961E+07   0.13694943E+17   0.22074062E-03   0.52793042E+01   0.14426307E+08   0.17047239E+02   0.64633499E+14   0.16745619E+08   0.24072234E+02   0.26645056E+14   0.79770865E+10
   0.15000000E+00   0.19952623E+08   0.20882052E+02   0.37482465E+14   0.50276042E-02   0.41319462E+01   0.18081326E+07   0.13344684E+17   0.24076198E-03   0.56840303E+01   0.18154671E+08   0.16874314E+02   0.64633499E+14   0.21085952E+08   0.23832782E+02   0.26645056E+14   0.79770865E+10
   0.15000000E+00   0.25118864E+08   0.20669751E+02   0.37482465E+14   0.54286821E-02   0.44615729E+01   0.22862819E+07   0.12998524E+17   0.26263897E-03   0.61195644E+01   0.22846450E+08   0.16700584E+02   0.64633499E+14   0.26551427E+08   0.23592196E+02   0.26645056E+14   0.79770865E+10
   0.15000000E+00   0.31622777E+08   0.20456395E+02   0.37482465E+14   0.58617561E-02   0.48174956E+01   0.28911136E+07   0.12656423E+17   0.28654884E-03   0.65882255E+01   0.28750520E+08   0.16526003E+02   0.64633499E+14   0.33433742E+08   0.23350414E+02   0.26645056E+14   0.79770865E+10
   0.15000000E+00   0.39810717E+08   0.20237360E+02   0.37482465E+14   0.63293787E-02   0.52018121E+01   0.36566243E+07   0.12311201E+17   0.31275713E-03   0.70920496E+01   0.36179687E+08   0.16346782E+02   0.64633499E+14   0.42100400E+08   0.23102187E+02   0.26645056E+14   0.79770865E+10
   0.15000000E+00   0.50118723E+08   0.20017355E+02   0.37482465E+14   0.68343059E-02   0.56167875E+01   0.46252375E+07   0.11970509E+17   0.34141904E-03   0.76341090E+01   0.45528126E+08   0.16166776E+02   0.64633499E+14   0.53013884E+08   0.22852851E+02   0.26645056E+14   0.79770865E+10
   0.15000000E+00   0.63095734E+08   0.19796417E+02   0.37482465E+14   0.73795137E-02   0.60648677E+01   0.58509591E+07   0.11634437E+17   0.37277017E-03   0.82172813E+01   0.57291540E+08   0.15986016E+02   0.64633499E+14   0.66756762E+08   0.22602450E+02   0.26645056E+14   0.79770865E+10
   0.15000000E+00   0.79432823E+08   0.19571107E+02   0.37482465E+14   0.79682157E-02   0.65486935E+01   0.74027650E+07   0.11297924E+17   0.40714179E-03   0.88442160E+01   0.72093107E+08   0.15801687E+02   0.64633499E+14   0.84062986E+08   0.22347082E+02   0.26645056E+14   0.79770865E+10
   0.15000000E+00   0.10000000E+09   0.19344630E+02   0.37482465E+14   0.86038814E-02   0.70711166E+01   0.93671189E+07   0.10965939E+17   0.44476847E-03   0.95185593E+01   0.90717720E+08   0.15616413E+02   0.64633499E+14   0.10585635E+09   0.22090382E+02   0.26645056E+14   0.79770865E+10
   0.15000000E+00   0.12589254E+09   0.19118734E+02   0.37482465E+14   0.92902574E-02   0.76352160E+01   0.11853518E+08   0.10641018E+17   0.48592430E-03   0.10244117E+02   0.11415294E+09   0.15431625E+02   0.64633499E+14   0.13330020E+09   0.21834331E+02   0.26645056E+14   0.79770865E+10
   0.15000000E+00   0.15848932E+09   0.18890923E+02   0.37482465E+14   0.10031389E-01   0.82443166E+01   0.15001813E+08   0.10319575E+17   0.53101635E-03   0.11024353E+02   0.14364028E+09   0.15245280E+02   0.64633499E+14   0.16786021E+09   0.21576100E+02   0.26645056E+14   0.79770865E+10
   0.15000000E+00   0.19952623E+09   0.18662122E+02   0.37482465E+14   0.10831645E-01   0.89020083E+01   0.18988380E+08   0.10002983E+17   0.58040799E-03   0.11863490E+02   0.18074245E+09   0.15058137E+02   0.64633499E+14   0.21138173E+09   0.21316735E+02   0.26645056E+14   0.79770865E+10
   0.15000000E+00   0.25118864E+09   0.18433984E+02   0.37482465E+14   0.11695741E-01   0.96121675E+01   0.24036101E+08   0.96934899E+16   0.63446627E-03   0.12766238E+02   0.22742611E+09   0.14871547E+02   0.64633499E+14   0.26618838E+09   0.21058111E+02   0.26645056E+14   0.79770865E+10
   0.15000000E+00   0.31622777E+09   0.18203950E+02   0.37482465E+14   0.12628771E-01   0.10378980E+02   0.30429877E+08   0.93876218E+16   0.69373796E-03   0.13736863E+02   0.28616339E+09   0.14683417E+02   0.64633499E+14   0.33520780E+09   0.20797326E+02   0.26645056E+14   0.79770865E+10
   0.15000000E+00   0.39810717E+09   0.17972993E+02   0.37482465E+14   0.13636233E-01   0.11206965E+02   0.38529032E+08   0.90867342E+16   0.75870686E-03   0.14780606E+02   0.36006669E+09   0.14494554E+02   0.64633499E+14   0.42212676E+09   0.20535496E+02   0.26645056E+14   0.79770865E+10
   0.15000000E+00   0.50118723E+09   0.17743009E+02   0.37482465E+14   0.14724066E-01   0.12101002E+02   0.48787504E+08   0.87932407E+16   0.82985166E-03   0.15903374E+02   0.45305235E+09   0.14306505E+02   0.64633499E+14   0.53158677E+09   0.20274765E+02   0.26645056E+14   0.79770865E+10
   0.15000000E+00   0.63095734E+09   0.17510186E+02   0.37482465E+14   0.15898680E-01   0.13066361E+02   0.61788177E+08   0.85022951E+16   0.90796754E-03   0.17110107E+02   0.57004008E+09   0.14116143E+02   0.64633499E+14   0.66943740E+09   0.20010806E+02   0.26645056E+14   0.79770865E+10
   0.15000000E+00   0.79432823E+09   0.17277402E+02   0.37482465E+14   0.17167000E-01   0.14108732E+02   0.78261578E+08   0.82175510E+16   0.99361007E-03   0.18407784E+02   0.71722566E+09   0.13925812E+02   0.64633499E+14   0.84304106E+09   0.19746881E+02   0.26645056E+14   0.79770865E+10
   0.15000000E+00   0.10000000E+10   0.17045249E+02   0.37482465E+14   0.18536500E-01   0.15234259E+02   0.99136329E+08   0.79396510E+16   0.10874878E-02   0.19803385E+02   0.90240487E+09   0.13736012E+02   0.64633499E+14   0.10616698E+10   0.19483651E+02   0.26645056E+14   0.79770865E+10
   0.15000000E+00   0.12589254E+10   0.16809831E+02   0.37482465E+14   0.20015253E-01   0.16449574E+02   0.12560461E+09   0.76639761E+16   0.11906873E-02   0.21302920E+02   0.11353705E+10   0.13543556E+02   0.64633499E+14   0.13370085E+10   0.19216689E+02   0.26645056E+14   0.79770865E+10
   0.15000000E+00   0.15848932E+10   0.16575687E+02   0.37482465E+14   0.21611973E-01   0.17761842E+02   0.15915334E+09   0.73958631E+16   0.13038358E-02   0.22915622E+02   0.14284678E+10   0.13352169E+02   0.64633499E+14   0.16837684E+10   0.18951175E+02   0.26645056E+14   0.79770865E+10
   0.15000000E+00   0.19952623E+10   0.16340078E+02   0.37482465E+14   0.23336071E-01   0.19178796E+02   0.20169636E+09   0.71321258E+16   0.14281493E-02   0.24648894E+02   0.17971943E+10   0.13159599E+02   0.64633499E+14   0.21204898E+10   0.18684007E+02   0.26645056E+14   0.79770865E+10
   0.15000000E+00   0.25118864E+10   0.16103565E+02   0.37482465E+14   0.25197710E-01   0.20708787E+02   0.25565153E+09   0.68734222E+16   0.15647287E-02   0.26511840E+02   0.22610526E+10   0.12966290E+02   0.64633499E+14   0.26705103E+10   0.18415801E+02   0.26645056E+14   0.79770865E+10
   0.15000000E+00   0.31622777E+10   0.15868005E+02   0.37482465E+14   0.27207862E-01   0.22360834E+02   0.32407504E+09   0.66217237E+16   0.17146366E-02   0.28514906E+02   0.28445967E+10   0.12773778E+02   0.64633499E+14   0.33632023E+10   0.18148629E+02   0.26645056E+14   0.79770865E+10
   0.15000000E+00   0.39810717E+10   0.15629267E+02   0.37482465E+14   0.29378373E-01   0.24144673E+02   0.41090852E+09   0.63726422E+16   0.18797025E-02   0.30666430E+02   0.35786666E+10   0.12578703E+02   0.64633499E+14   0.42356440E+10   0.17877863E+02   0.26645056E+14   0.79770865E+10
   0.15000000E+00   0.50118723E+10   0.15391941E+02   0.37482465E+14   0.31722038E-01   0.26070818E+02   0.52106331E+09   0.61309697E+16   0.20609511E-02   0.32979692E+02   0.45020888E+10   0.12384778E+02   0.64633499E+14   0.53344560E+10   0.17608699E+02   0.26645056E+14   0.79770865E+10
   0.15000000E+00   0.63095734E+10   0.15152753E+02   0.37482465E+14   0.34252669E-01   0.28150622E+02   0.66088757E+09   0.58933296E+16   0.22604915E-02   0.35464804E+02   0.56636547E+10   0.12189352E+02   0.64633499E+14   0.67183757E+10   0.17337380E+02   0.26645056E+14   0.79770865E+10
   0.15000000E+00   0.79432823E+10   0.14913707E+02   0.37482465E+14   0.36985181E-01   0.30396343E+02   0.83836397E+09   0.56617139E+16   0.24799456E-02   0.38135587E+02   0.71247938E+10   0.11994068E+02   0.64633499E+14   0.84614387E+10   0.17066226E+02   0.26645056E+14   0.79770865E+10
   0.15000000E+00   0.10000000E+11   0.14674169E+02   0.37482465E+14   0.39935680E-01   0.32821216E+02   0.10636952E+10   0.54354590E+16   0.27214952E-02   0.41005301E+02   0.89626698E+10   0.11798391E+02   0.64633499E+14   0.10656885E+11   0.16794514E+02   0.26645056E+14   0.79770865E+10
   0.15000000E+00   0.12589254E+11   0.14433533E+02   0.37482465E+14   0.43121555E-01   0.35439534E+02   0.13498748E+10   0.52139872E+16   0.29875953E-02   0.44088068E+02   0.11274375E+11   0.11601842E+02   0.64633499E+14   0.13422062E+11   0.16521503E+02   0.26645056E+14   0.79770865E+10
   0.15000000E+00   0.15848932E+11   0.14193633E+02   0.37482465E+14   0.46561584E-01   0.38266728E+02   0.17133193E+10   0.49989361E+16   0.32804556E-02   0.47400975E+02   0.14182029E+11   0.11405908E+02   0.64633499E+14   0.16905029E+11   0.16249353E+02   0.26645056E+14   0.79770865E+10
   0.15000000E+00   0.19952623E+11   0.13951686E+02   0.37482465E+14   0.50276042E-01   0.41319462E+02   0.21751874E+10   0.47877918E+16   0.36035819E-02   0.50958466E+02   0.17839036E+11   0.11208323E+02   0.64633499E+14   0.21292027E+11   0.15974828E+02   0.26645056E+14   0.79770865E+10
   0.15000000E+00   0.25118864E+11   0.13711215E+02   0.37482465E+14   0.54286821E-01   0.44615729E+02   0.27619708E+10   0.45835866E+16   0.39593005E-02   0.54781701E+02   0.22438615E+11   0.11011964E+02   0.64633499E+14   0.26817943E+11   0.15701999E+02   0.26645056E+14   0.79770865E+10
   0.15000000E+00   0.31622777E+11   0.13468582E+02   0.37482465E+14   0.58617561E-01   0.48174956E+02   0.35080514E+10   0.43831879E+16   0.43521703E-02   0.58886432E+02   0.28223169E+11   0.10813857E+02   0.64633499E+14   0.33778418E+11   0.15426668E+02   0.26645056E+14   0.79770865E+10
   0.15000000E+00   0.39810717E+11   0.13227408E+02   0.37482465E+14   0.63293787E-01   0.52018121E+02   0.44564004E+10   0.41895461E+16   0.47850483E-02   0.63297148E+02   0.35498255E+11   0.10616970E+02   0.64633499E+14   0.42546196E+11   0.15153007E+02   0.26645056E+14   0.79770865E+10
   0.15000000E+00   0.50118723E+11   0.12984227E+02   0.37482465E+14   0.68343059E-01   0.56167875E+02   0.56628457E+10   0.39998297E+16   0.52635449E-02   0.68032025E+02   0.44646903E+11   0.10418456E+02   0.64633499E+14   0.53590588E+11   0.14877025E+02   0.26645056E+14   0.79770865E+10
   0.15000000E+00   0.63095734E+11   0.12742712E+02   0.37482465E+14   0.73795137E-01   0.60648677E+02   0.71971574E+10   0.38168506E+16   0.57911641E-02   0.73119425E+02   0.56152119E+11   0.10221330E+02   0.64633499E+14   0.67502907E+11   0.14602925E+02   0.26645056E+14   0.79770865E+10
   0.15000000E+00   0.79432823E+11   0.12499577E+02   0.37482465E+14   0.79682157E-01   0.65486935E+02   0.91500614E+10   0.36380484E+16   0.63747883E-02   0.78580416E+02   0.70619561E+11   0.10022909E+02   0.64633499E+14   0.85028857E+11   0.14326978E+02   0.26645056E+14   0.79770865E+10
   0.15000000E+00   0.10000000E+12   0.12257519E+02   0.37482465E+14   0.86038814E-01   0.70711166E+02   0.11635416E+11   0.34653581E+16   0.70192685E-02   0.84446225E+02   0.88811649E+11   0.98253801E+01   0.64633499E+14   0.10710646E+12   0.14052220E+02   0.26645056E+14   0.79770865E+10
   0.15000000E+00   0.12589254E+12   0.12014742E+02   0.37482465E+14   0.92902574E-01   0.76352160E+02   0.14800361E+11   0.32974194E+16   0.77323818E-02   0.90743330E+02   0.11168587E+12   0.96272893E+01   0.64633499E+14   0.13491931E+12   0.13776630E+02   0.26645056E+14   0.79770865E+10
   0.15000000E+00   0.15848932E+12   0.11772714E+02   0.37482465E+14   0.10031389E+00   0.82443166E+02   0.18831020E+11   0.31351779E+16   0.85208805E-02   0.97505675E+02   0.14044758E+12   0.94298515E+01   0.64633499E+14   0.16995811E+12   0.13501885E+02   0.26645056E+14   0.79770865E+10
   0.15000000E+00   0.19952623E+12   0.11531051E+02   0.37482465E+14   0.10831645E+00   0.89020083E+02   0.23966204E+11   0.29782724E+16   0.93934588E-02   0.10476641E+03   0.17660927E+12   0.92327313E+01   0.64633499E+14   0.21410022E+12   0.13227520E+02   0.26645056E+14   0.79770865E+10
   0.15000000E+00   0.25118864E+12   0.11289017E+02   0.37482465E+14   0.11695741E+00   0.96121675E+02   0.30511922E+11   0.28261578E+16   0.10360283E-01   0.11256002E+03   0.22207141E+12   0.90353257E+01   0.64633499E+14   0.26971338E+12   0.12952714E+02   0.26645056E+14   0.79770865E+10
   0.15000000E+00   0.31622777E+12   0.11048599E+02   0.37482465E+14   0.12628771E+00   0.10378980E+03   0.38855354E+11   0.26799766E+16   0.11430201E-01   0.12092990E+03   0.27922645E+12   0.88392663E+01   0.64633499E+14   0.33977871E+12   0.12679723E+02   0.26645056E+14   0.79770865E+10
   0.15000000E+00   0.39810717E+12   0.10807143E+02   0.37482465E+14   0.13636233E+00   0.11206965E+03   0.49500012E+11   0.25380286E+16   0.12617796E-01   0.12991105E+03   0.35107381E+12   0.86423900E+01   0.64633499E+14   0.42805733E+12   0.12405531E+02   0.26645056E+14   0.79770865E+10
   0.15000000E+00   0.50118723E+12   0.10567191E+02   0.37482465E+14   0.14724066E+00   0.12101002E+03   0.63079224E+11   0.24017265E+16   0.13933755E-01   0.13955464E+03   0.44139044E+12   0.84467705E+01   0.64633499E+14   0.53928357E+12   0.12133026E+02   0.26645056E+14   0.79770865E+10
   0.15000000E+00   0.63095734E+12   0.10328208E+02   0.37482465E+14   0.15898680E+00   0.13066361E+03   0.80410367E+11   0.22706257E+16   0.15393454E-01   0.14990744E+03   0.55491680E+12   0.82519725E+01   0.64633499E+14   0.67942749E+12   0.11861598E+02   0.26645056E+14   0.79770865E+10
   0.15000000E+00   0.79432823E+12   0.10089374E+02   0.37482465E+14   0.17167000E+00   0.14108732E+03   0.10254376E+12   0.21441762E+16   0.17014930E-01   0.16101811E+03   0.69760592E+12   0.80573293E+01   0.64633499E+14   0.85601519E+12   0.11590315E+02   0.26645056E+14   0.79770865E+10
   0.15000000E+00   0.10000000E+13   0.98522297E+01   0.37482465E+14   0.18536500E+00   0.15234259E+03   0.13081266E+12   0.20230745E+16   0.18814523E-01   0.17294718E+03   0.87694536E+12   0.78640971E+01   0.64633499E+14   0.10785262E+13   0.11320925E+02   0.26645056E+14   0.79770865E+10
   0.15000000E+00   0.12589254E+13   0.96160429E+01   0.37482465E+14   0.20015253E+00   0.16449574E+03   0.16693945E+12   0.19068067E+16   0.20814438E-01   0.18575151E+03   0.11023301E+13   0.76716792E+01   0.64633499E+14   0.13589154E+13   0.11052598E+02   0.26645056E+14   0.79770865E+10
   0.15000000E+00   0.15848932E+13   0.93805508E+01   0.37482465E+14   0.21611973E+00   0.17761842E+03   0.21313408E+12   0.17951322E+16   0.23039130E-01   0.19949344E+03   0.13855519E+13   0.74798479E+01   0.64633499E+14   0.17122526E+13   0.10785032E+02   0.26645056E+14   0.79770865E+10
   0.15000000E+00   0.19952623E+13   0.91469228E+01   0.37482465E+14   0.23336071E+00   0.19178796E+03   0.27221386E+12   0.16884717E+16   0.25512483E-01   0.21424661E+03   0.17414474E+13   0.72895707E+01   0.64633499E+14   0.21575243E+13   0.10519556E+02   0.26645056E+14   0.79770865E+10
   0.15000000E+00   0.25118864E+13   0.89150459E+01   0.37482465E+14   0.25197710E+00   0.20708787E+03   0.34781004E+12   0.15866144E+16   0.28264252E-01   0.23008458E+03   0.21886322E+13   0.71007572E+01   0.64633499E+14   0.27186724E+13   0.10256040E+02   0.26645056E+14   0.79770865E+10
   0.15000000E+00   0.31622777E+13   0.86838652E+01   0.37482465E+14   0.27207862E+00   0.22360834E+03   0.44461935E+12   0.14889705E+16   0.31331511E-01   0.24708064E+03   0.27504772E+13   0.69125653E+01   0.64633499E+14   0.34259191E+13   0.99933081E+01   0.26645056E+14   0.79770865E+10
   0.15000000E+00   0.39810717E+13   0.84548126E+01   0.37482465E+14   0.29378373E+00   0.24144673E+03   0.56861524E+12   0.13960114E+16   0.34747516E-01   0.26532769E+03   0.34563061E+13   0.67261241E+01   0.64633499E+14   0.43172689E+13   0.97329431E+01   0.26645056E+14   0.79770865E+10
   0.15000000E+00   0.50118723E+13   0.82279296E+01   0.37482465E+14   0.31722038E+00   0.26070818E+03   0.72751240E+12   0.13075871E+16   0.38554095E-01   0.28491817E+03   0.43429848E+13   0.65414922E+01   0.64633499E+14   0.54407142E+13   0.94750107E+01   0.26645056E+14   0.79770865E+10
   0.15000000E+00   0.63095734E+13   0.80031428E+01   0.37482465E+14   0.34252669E+00   0.28150622E+03   0.93124977E+12   0.12235068E+16   0.42799022E-01   0.30595064E+03   0.54567549E+13   0.63586102E+01   0.64633499E+14   0.68568276E+13   0.92194597E+01   0.26645056E+14   0.79770865E+10
   0.15000000E+00   0.79432823E+13   0.77798548E+01   0.37482465E+14   0.36985181E+00   0.30396343E+03   0.11926880E+13   0.11434044E+16   0.47539680E-01   0.32852658E+03   0.68555967E+13   0.61769877E+01   0.64633499E+14   0.86418072E+13   0.89655482E+01   0.26645056E+14   0.79770865E+10
   0.15000000E+00   0.10000000E+14   0.75592827E+01   0.37482465E+14   0.39935680E+00   0.32821216E+03   0.15282462E+13   0.10675632E+16   0.52829986E-01   0.35276998E+03   0.86123761E+13   0.59976126E+01   0.64633499E+14   0.10891989E+14   0.87147209E+01   0.26645056E+14   0.79770865E+10
   0.15000000E+00   0.12589254E+14   0.73413003E+01   0.37482465E+14   0.43121555E+00   0.35439534E+03   0.19592056E+13   0.99576651E+15   0.58738307E-01   0.37880395E+03   0.10818530E+14   0.58203965E+01   0.64633499E+14   0.13728525E+14   0.84667769E+01   0.26645056E+14   0.79770865E+10
   0.15000000E+00   0.15848932E+14   0.71260090E+01   0.37482465E+14   0.46561584E+00   0.38266728E+03   0.25130098E+13   0.92787998E+15   0.65340338E-01   0.40676315E+03   0.13588600E+14   0.56454006E+01   0.64633499E+14   0.17304738E+14   0.82218940E+01   0.26645056E+14   0.79770865E+10
   0.15000000E+00   0.19952623E+14   0.69134933E+01   0.37482465E+14   0.50276042E+00   0.41319462E+03   0.32251047E+13   0.86376376E+15   0.72721618E-01   0.43679267E+03   0.17066430E+14   0.54727036E+01   0.64633499E+14   0.21813214E+14   0.79800926E+01   0.26645056E+14   0.79770865E+10
   0.15000000E+00   0.25118864E+14   0.67036103E+01   0.37482465E+14   0.54286821E+00   0.44615729E+03   0.41413953E+13   0.80321440E+15   0.80981470E-01   0.46904631E+03   0.21432574E+14   0.53022112E+01   0.64633499E+14   0.27498007E+14   0.77412839E+01   0.26645056E+14   0.79770865E+10
   0.15000000E+00   0.31622777E+14   0.64965699E+01   0.37482465E+14   0.58617561E+00   0.48174956E+03   0.53211690E+13   0.74613588E+15   0.90228477E-01   0.50369416E+03   0.26912990E+14   0.51340677E+01   0.64633499E+14   0.34666087E+14   0.75056716E+01   0.26645056E+14   0.79770865E+10
   0.15000000E+00   0.39810717E+14   0.62930332E+01   0.37482465E+14   0.63293787E+00   0.52018121E+03   0.68408156E+13   0.69254256E+15   0.10057755E+00   0.54092695E+03   0.33791413E+14   0.49688089E+01   0.64633499E+14   0.43704531E+14   0.72739896E+01   0.26645056E+14   0.79770865E+10
   0.15000000E+00   0.50118723E+14   0.60930828E+01   0.37482465E+14   0.68343059E+00   0.56167875E+03   0.87994440E+13   0.64228087E+15   0.11216499E+00   0.58094384E+03   0.42423682E+14   0.48065119E+01   0.64633499E+14   0.55102457E+14   0.70463557E+01   0.26645056E+14   0.79770865E+10
   0.15000000E+00   0.63095734E+14   0.58967677E+01   0.37482465E+14   0.73795137E+00   0.60648677E+03   0.11325480E+14   0.59519213E+15   0.12514506E+00   0.62395984E+03   0.53256033E+14   0.46472259E+01   0.64633499E+14   0.69477086E+14   0.68228379E+01   0.26645056E+14   0.79770865E+10
   0.15000000E+00   0.79432823E+14   0.57044506E+01   0.37482465E+14   0.79682157E+00   0.65486935E+03   0.14584888E+14   0.55119223E+15   0.13968419E+00   0.67021342E+03   0.66847583E+14   0.44912361E+01   0.64633499E+14   0.87606381E+14   0.66038354E+01   0.26645056E+14   0.79770865E+10
   0.15000000E+00   0.10000000E+15   0.55171708E+01   0.37482465E+14   0.86038814E+00   0.70711166E+03   0.18790808E+14   0.51033256E+15   0.15594734E+00   0.71997753E+03   0.83900451E+14   0.43393834E+01   0.64633499E+14   0.11047088E+15   0.63905200E+01   0.26645056E+14   0.79770865E+10
   0.15000000E+00   0.12589254E+15   0.53356304E+01   0.37482465E+14   0.92902574E+00   0.76352160E+03   0.24218267E+14   0.47256201E+15   0.17411733E+00   0.77354526E+03   0.10529542E+15   0.41922360E+01   0.64633499E+14   0.13930817E+15   0.61837004E+01   0.26645056E+14   0.79770865E+10
   0.15000000E+00   0.15848932E+15   0.51610461E+01   0.37482465E+14   0.10031389E+01   0.82443166E+03   0.31218762E+14   0.43791256E+15   0.19436736E+00   0.83124944E+03   0.13213918E+15   0.40507779E+01   0.64633499E+14   0.17567794E+15   0.59847679E+01   0.26645056E+14   0.79770865E+10
   0.15000000E+00   0.19952623E+15   0.49956875E+01   0.37482465E+14   0.10831645E+01   0.89020083E+03   0.40234749E+14   0.40657962E+15   0.21681990E+00   0.89348296E+03   0.16582589E+15   0.39168433E+01   0.64633499E+14   0.22154294E+15   0.57963118E+01   0.26645056E+14   0.79770865E+10
   0.15000000E+00   0.25118864E+15   0.48415849E+01   0.37482465E+14   0.11695741E+01   0.96121675E+03   0.51823297E+14   0.37865720E+15   0.24156844E+00   0.96067752E+03   0.20811123E+15   0.37920688E+01   0.64633499E+14   0.27937377E+15   0.56206507E+01   0.26645056E+14   0.79770865E+10
   0.15000000E+00   0.31622777E+15   0.47006781E+01   0.37482465E+14   0.12628771E+01   0.10378980E+04   0.66679379E+14   0.35418617E+15   0.26865849E+00   0.10333101E+04   0.26121326E+15   0.36780340E+01   0.64633499E+14   0.35227833E+15   0.54600043E+01   0.26645056E+14   0.79770865E+10
   0.15000000E+00   0.39810717E+15   0.45749046E+01   0.37482465E+14   0.13636233E+01   0.11206965E+04   0.85660599E+14   0.33318524E+15   0.29806595E+00   0.11119098E+04   0.32792290E+15   0.35762630E+01   0.64633499E+14   0.44416034E+15   0.53165814E+01   0.26645056E+14   0.79770865E+10
   0.15000000E+00   0.50118723E+15   0.44646346E+01   0.37482465E+14   0.14724066E+01   0.12101002E+04   0.10984201E+15   0.31541677E+15   0.32979330E+00   0.11970121E+04   0.41176968E+15   0.34870716E+01   0.64633499E+14   0.55993631E+15   0.51908200E+01   0.26645056E+14   0.79770865E+10
   0.15000000E+00   0.63095734E+15   0.43701358E+01   0.37482465E+14   0.15898680E+01   0.13066361E+04   0.14055138E+15   0.30066191E+15   0.36380290E+00   0.12891982E+04   0.51720292E+15   0.34106625E+01   0.64633499E+14   0.70578160E+15   0.50830245E+01   0.26645056E+14   0.79770865E+10
   0.15000000E+00   0.79432823E+15   0.42906512E+01   0.37482465E+14   0.17167000E+01   0.14108732E+04   0.17945090E+15   0.28858502E+15   0.40010244E+00   0.13890645E+04   0.64983181E+15   0.33464193E+01   0.64633499E+14   0.88947630E+15   0.49923517E+01   0.26645056E+14   0.79770865E+10
   0.15000000E+00   0.10000000E+16   0.42251082E+01   0.37482465E+14   0.18536500E+01   0.15234259E+04   0.22861466E+15   0.27885351E+15   0.43872250E+00   0.14972430E+04   0.81670372E+15   0.32934381E+01   0.64633499E+14   0.11207929E+16   0.49175652E+01   0.26645056E+14   0.79770865E+10
   0.15000000E+00   0.12589254E+16   0.41720785E+01   0.37482465E+14   0.20015253E+01   0.16449574E+04   0.29064300E+15   0.27112889E+15   0.47974296E+00   0.16143988E+04   0.10267316E+16   0.32505855E+01   0.64633499E+14   0.14120484E+16   0.48570528E+01   0.26645056E+14   0.79770865E+10
   0.15000000E+00   0.15848932E+16   0.41299810E+01   0.37482465E+14   0.21611973E+01   0.17761842E+04   0.36880114E+15   0.26509097E+15   0.52329473E+00   0.17412381E+04   0.12911209E+16   0.32165762E+01   0.64633499E+14   0.17787413E+16   0.48090151E+01   0.26645056E+14   0.79770865E+10
   0.15000000E+00   0.19952623E+16   0.40971436E+01   0.37482465E+14   0.23336071E+01   0.19178796E+04   0.46720082E+15   0.26043879E+15   0.56956929E+00   0.18785109E+04   0.16239784E+16   0.31900544E+01   0.64633499E+14   0.22403835E+16   0.47715462E+01   0.26645056E+14   0.79770865E+10
   0.15000000E+00   0.25118864E+16   0.40719439E+01   0.37482465E+14   0.25197710E+01   0.20708787E+04   0.59102367E+15   0.25690275E+15   0.61881281E+00   0.20270198E+04   0.20430363E+16   0.31696938E+01   0.64633499E+14   0.28215105E+16   0.47427785E+01   0.26645056E+14   0.79770865E+10
   0.15000000E+00   0.31622777E+16   0.40528609E+01   0.37482465E+14   0.27207862E+01   0.22360834E+04   0.74680668E+15   0.25424464E+15   0.67132484E+00   0.21876253E+04   0.25706794E+16   0.31542866E+01   0.64633499E+14   0.35531010E+16   0.47210077E+01   0.26645056E+14   0.79770865E+10
   0.15000000E+00   0.39810717E+16   0.40386017E+01   0.37482465E+14   0.29378373E+01   0.24144673E+04   0.94278593E+15   0.25226946E+15   0.72743924E+00   0.23612577E+04   0.32349873E+16   0.31427660E+01   0.64633499E+14   0.44740267E+16   0.47047264E+01   0.26645056E+14   0.79770865E+10
   0.15000000E+00   0.50118723E+16   0.40280541E+01   0.37482465E+14   0.31722038E+01   0.26070818E+04   0.11893459E+16   0.25081446E+15   0.78752760E+00   0.25489211E+04   0.40713881E+16   0.31342451E+01   0.64633499E+14   0.56333418E+16   0.46926824E+01   0.26645056E+14   0.79770865E+10
   0.15000000E+00   0.63095734E+16   0.40203160E+01   0.37482465E+14   0.34252669E+01   0.28150622E+04   0.14995706E+16   0.24975029E+15   0.85198947E+00   0.27517029E+04   0.51244887E+16   0.31280032E+01   0.64633499E+14   0.70928250E+16   0.46838585E+01   0.26645056E+14   0.79770865E+10
   0.15000000E+00   0.79432823E+16   0.40146763E+01   0.37482465E+14   0.36985181E+01   0.30396343E+04   0.18899405E+16   0.24897645E+15   0.92124938E+00   0.29707812E+04   0.64503275E+16   0.31234504E+01   0.64633499E+14   0.89301421E+16   0.46774285E+01   0.26645056E+14   0.79770865E+10
   0.15000000E+00   0.10000000E+17   0.40105865E+01   0.37482465E+14   0.39935680E+01   0.32821216E+04   0.23812100E+16   0.24841617E+15   0.99575660E+00   0.32074320E+04   0.81195279E+16   0.31201464E+01   0.64633499E+14   0.11243069E+17   0.46727586E+01   0.26645056E+14   0.79770865E+10
   0.15000000E+00   0.12589254E+17   0.40076331E+01   0.37482465E+14   0.43121555E+01   0.35439534E+04   0.29995108E+16   0.24801206E+15   0.10759856E+01   0.34630374E+04   0.10221013E+17   0.31177605E+01   0.64633499E+14   0.14154809E+17   0.46693861E+01   0.26645056E+14   0.79770865E+10
