# [0]-l  [1]-gg_1h  [2]-gg_2h  [3]-gy_1h  [4]-gy_2h
6.000000000000000000e+00 1.124373813035921149e-06 1.650155520574206293e-04 1.153789580044840292e-12 3.008119944454529355e-11
7.000000000000000000e+00 1.123505759065158805e-06 1.723452766901470759e-04 1.088912629147336323e-12 3.063304043199601730e-11
8.000000000000000000e+00 1.122682884830364634e-06 1.768284456426011040e-04 1.034269147095351148e-12 3.080271617947916489e-11
9.000000000000000000e+00 1.121913013798818022e-06 1.789177294878169764e-04 9.879296889328596179e-13 3.065852485587618170e-11
1.000000000000000000e+01 1.121198078291007881e-06 1.790125801871099301e-04 9.483282947057418510e-13 3.026161931297135690e-11
1.100000000000000000e+01 1.120536605670841432e-06 1.774691558251709135e-04 9.142107531459163298e-13 2.966601720103448068e-11
1.200000000000000000e+01 1.119925349162633515e-06 1.746063249528321409e-04 8.845799331388010066e-13 2.891906229772921825e-11
1.300000000000000000e+01 1.119360291610763360e-06 1.707092476316745600e-04 8.586449169418263743e-13 2.806177882752049984e-11
1.400000000000000000e+01 1.118837229706202958e-06 1.660315774470397254e-04 8.357776459478431739e-13 2.712943617573548572e-11
1.500000000000000000e+01 1.118352091831525806e-06 1.607968794011439156e-04 8.154739439299763183e-13 2.615190853474737733e-11
1.600000000000000000e+01 1.117901094372130025e-06 1.551998004207773903e-04 7.973386812557242871e-13 2.515411538528621388e-11
1.700000000000000000e+01 1.117480804189812384e-06 1.494071872596258298e-04 7.810431272407260128e-13 2.415644770540234406e-11
1.800000000000000000e+01 1.117088148817297496e-06 1.435592542471423813e-04 7.663225658535600168e-13 2.317519560820734089e-11
1.900000000000000000e+01 1.116717753636766718e-06 1.377709185811593290e-04 7.529596425992608558e-13 2.222298040332348580e-11
2.100000000000000000e+01 1.116047902896366162e-06 1.267165713900115294e-04 7.296172278050361896e-13 2.044034073883741791e-11
2.200000000000000000e+01 1.115741617542532491e-06 1.215712217410509685e-04 7.193622250129103066e-13 1.962067915704846605e-11
2.300000000000000000e+01 1.115452134995509099e-06 1.167324889679850454e-04 7.099025388845003003e-13 1.885240418051249388e-11
2.500000000000000000e+01 1.114911212715529095e-06 1.080508317377567494e-04 6.930248191778773112e-13 1.747093936417917130e-11
2.700000000000000000e+01 1.114429110945723093e-06 1.007145563658175643e-04 6.783968355054551027e-13 1.628602699243846748e-11
2.800000000000000000e+01 1.114204817615814408e-06 9.752229449887745230e-05 6.717883593346779442e-13 1.576023612953383720e-11
3.000000000000000000e+01 1.113785566189114696e-06 9.197205248728531712e-05 6.597631264703282754e-13 1.482347672880066862e-11
3.200000000000000000e+01 1.113400783040729565e-06 8.733911016114746871e-05 6.490937991782364373e-13 1.401306529920761176e-11
3.400000000000000000e+01 1.113045778715972190e-06 8.338271797254859696e-05 6.395544078423395976e-13 1.329804131969606754e-11
3.700000000000000000e+01 1.112560804212672248e-06 7.823256159185604589e-05 6.269822522159014541e-13 1.234613222833014079e-11
3.900000000000000000e+01 1.112264647535261405e-06 7.505007705805262822e-05 6.195593132699686781e-13 1.176180178065083149e-11
4.200000000000000000e+01 1.111854859526906312e-06 7.032384143024943482e-05 6.095954652986542820e-13 1.092686983548382094e-11
4.400000000000000000e+01 1.111601626622767260e-06 6.710797152859571092e-05 6.036133065620245834e-13 1.038801372948767657e-11
4.700000000000000000e+01 1.111247442261738038e-06 6.216864237720953605e-05 5.954620284626457240e-13 9.602683204071099301e-12
5.000000000000000000e+01 1.110919835560921399e-06 5.720265096522966308e-05 5.881349641669660119e-13 8.851772437511698213e-12
5.300000000000000000e+01 1.110614854674397358e-06 5.240445851572886576e-05 5.814951861605271529e-13 8.148227873419192712e-12
5.700000000000000000e+01 1.110237845424849636e-06 4.659669405606655160e-05 5.735115350311755855e-13 7.304606195936686620e-12
6.100000000000000000e+01 1.109889019700654678e-06 4.172732184366534776e-05 5.663329728425951982e-13 6.582492144380484475e-12
6.500000000000000000e+01 1.109563356557693257e-06 3.785593378539190817e-05 5.597997816875689239e-13 5.979144988000177252e-12
6.900000000000000000e+01 1.109256800407541757e-06 3.483638728480012588e-05 5.537895802148829903e-13 5.477353459046752235e-12
7.300000000000000000e+01 1.108966039105077231e-06 3.241283706671109889e-05 5.482132093991641130e-13 5.053261634341346161e-12
7.800000000000000000e+01 1.108620684503132412e-06 2.982739542002553040e-05 5.417500828141777733e-13 4.597540591222112174e-12
8.300000000000000000e+01 1.108291431188783510e-06 2.741274964331570264e-05 5.357544147134993085e-13 4.194322380983576157e-12
8.900000000000000000e+01 1.107915068110204744e-06 2.458014014544535698e-05 5.290682064907445568e-13 3.757337959069592595e-12
9.400000000000000000e+01 1.107609700394719921e-06 2.234274751961940944e-05 5.238526691609967438e-13 3.428150809872067139e-12
1.010000000000000000e+02 1.107193697930771968e-06 1.960694867583625352e-05 5.170061033414244639e-13 3.023676309788082089e-12
1.070000000000000000e+02 1.106844541476282853e-06 1.771259940572409024e-05 5.114955010913170111e-13 2.729635354008002493e-12
1.140000000000000000e+02 1.106442468722902180e-06 1.594444748906027738e-05 5.054247550077207289e-13 2.440469795050249246e-12
1.220000000000000000e+02 1.105982129768873778e-06 1.427537246091535737e-05 4.988926902545210769e-13 2.164437842923939173e-12
1.300000000000000000e+02 1.105526469366723791e-06 1.279765186440197661e-05 4.927299642614521755e-13 1.929880735881305157e-12
1.380000000000000000e+02 1.105068077034174332e-06 1.146989731914457093e-05 4.868878278116531562e-13 1.726870504616737516e-12
1.470000000000000000e+02 1.104546390783602999e-06 1.018485688426312779e-05 4.806442842837029783e-13 1.530521421916016464e-12
1.560000000000000000e+02 1.104015959922264628e-06 9.118292943721241706e-06 4.747024177369534281e-13 1.363766723121879030e-12
1.670000000000000000e+02 1.103352895175186540e-06 8.037188064871960072e-06 4.677924382259343543e-13 1.192974459823508763e-12
1.770000000000000000e+02 1.102733757625071562e-06 7.199526358142705952e-06 4.618025018104523276e-13 1.062474826320406010e-12
1.890000000000000000e+02 1.101967773606496007e-06 6.339070279763412456e-06 4.549321849886447351e-13 9.301617827914760779e-13
2.010000000000000000e+02 1.101174524322750528e-06 5.618139370622867297e-06 4.483629179353829388e-13 8.192585358536863665e-13
2.140000000000000000e+02 1.100282357411251996e-06 4.964379709359443769e-06 4.415410380377453986e-13 7.185960973379325145e-13
2.280000000000000000e+02 1.099281496346172421e-06 4.373504745796677144e-06 4.344933687419114372e-13 6.282051424995179179e-13
2.430000000000000000e+02 1.098161494031956648e-06 3.843766675469608483e-06 4.272436324288422137e-13 5.476865532691683227e-13
2.590000000000000000e+02 1.096910197563189950e-06 3.373490123220794633e-06 4.198091856499231072e-13 4.764971892849922807e-13
2.760000000000000000e+02 1.095515607175045610e-06 2.957954843561555824e-06 4.122084369928899423e-13 4.139436052813574803e-13
2.940000000000000000e+02 1.093964763598342171e-06 2.592172824385871395e-06 4.044568532966678219e-13 3.592301912660282545e-13
3.130000000000000000e+02 1.092244139499509753e-06 2.271436303119063238e-06 3.965683836001950278e-13 3.115542642107012490e-13
3.330000000000000000e+02 1.090340701643992277e-06 1.990866718690990465e-06 3.885560368861354511e-13 2.701354652584784675e-13
3.540000000000000000e+02 1.088237451040136471e-06 1.745864922982632868e-06 3.804329359767605385e-13 2.342316552035583634e-13
3.770000000000000000e+02 1.085813305612719842e-06 1.523365967000442148e-06 3.718427683562618686e-13 2.018793957267442388e-13
4.020000000000000000e+02 1.083037342673843067e-06 1.324041413440374898e-06 3.628357475182431046e-13 1.731429061484805878e-13
4.280000000000000000e+02 1.079994767644861435e-06 1.153362780574484981e-06 3.538005683669537237e-13 1.487601166711296564e-13
4.560000000000000000e+02 1.076543711567194482e-06 1.002011402223246294e-06 3.444167549799518717e-13 1.273499575219315128e-13
4.850000000000000000e+02 1.072782182357414528e-06 8.728934109654745815e-07 3.350460183590257377e-13 1.092750591048433146e-13
5.170000000000000000e+02 1.068415405592583921e-06 7.557859716753124386e-07 3.250852861269552444e-13 9.306185986314909441e-14
5.500000000000000000e+02 1.063680987649866587e-06 6.567052769587706470e-07 3.151995545478076580e-13 7.950389176827618144e-14
5.860000000000000000e+02 1.058256907201962252e-06 5.680682195163431604e-07 3.048306038750214024e-13 6.752399699624570886e-14
6.240000000000000000e+02 1.052248760295804357e-06 4.915489268121774350e-07 2.943238347822001988e-13 5.731862105558627387e-14
6.650000000000000000e+02 1.045454618536016323e-06 4.241206678875027517e-07 2.834586807920017290e-13 4.845322066254766293e-14
7.080000000000000000e+02 1.037998714544667647e-06 3.664107852681507776e-07 2.725548497323932965e-13 4.098020349427605421e-14
7.530000000000000000e+02 1.029854436904790825e-06 3.170171116170452029e-07 2.616485341374158586e-13 3.468496573991289952e-14
8.020000000000000000e+02 1.020614916352754200e-06 2.731008324469739171e-07 2.503234846751395668e-13 2.918160733625793986e-14
8.540000000000000000e+02 1.010418395086697653e-06 2.351616487730269295e-07 2.388937578677728237e-13 2.451253311845667192e-14
9.100000000000000000e+02 9.990268817045864451e-07 2.019599067724123288e-07 2.272205606241666051e-13 2.050447685061994174e-14
9.690000000000000000e+02 9.866120513888709139e-07 1.735629012095299730e-07 2.155903012185368449e-13 1.714585161168471545e-14
1.031000000000000000e+03 9.731644688510619870e-07 1.493016612590663871e-07 2.040592104282167661e-13 1.433720336168950708e-14
1.098000000000000000e+03 9.582360386294065297e-07 1.280105356146866759e-07 1.923448701647398655e-13 1.192768585795055625e-14
1.170000000000000000e+03 9.418104425635942324e-07 1.094942355578782327e-07 1.805612502982197191e-13 9.882475529907823595e-15
1.245000000000000000e+03 9.243731061504809640e-07 9.387910649543689351e-08 1.691130513527100713e-13 8.201175514325586736e-15
1.326000000000000000e+03 9.052740870961187131e-07 8.022721139286285958e-08 1.576252467553002288e-13 6.770167814748361774e-15
1.412000000000000000e+03 8.847915388514871670e-07 6.851927983666892930e-08 1.463517522690420240e-13 5.577382219831546953e-15
1.503000000000000000e+03 8.630238283217905404e-07 5.851245657091219185e-08 1.353738537196384385e-13 4.587916304715099419e-15
1.601000000000000000e+03 8.396204349825699545e-07 4.982097232875604991e-08 1.245568508326842621e-13 3.755186343414299704e-15
1.705000000000000000e+03 8.149577957267997257e-07 4.239594206636766446e-08 1.141138902212834855e-13 3.067096873517766896e-15
1.815000000000000000e+03 7.892257128857367314e-07 3.607364179225233283e-08 1.041218202160132542e-13 2.501243714935440131e-15
1.933000000000000000e+03 7.621682441054783504e-07 3.062005602731745134e-08 9.448745502238770265e-14 2.030649946674129273e-15
2.058000000000000000e+03 7.342799715601031655e-07 2.598112725532855643e-08 8.537565179188252511e-14 1.645407755236899918e-15
2.191000000000000000e+03 7.055902830197298075e-07 2.201984612439371199e-08 7.677719525831061862e-14 1.329339918346344447e-15
2.333000000000000000e+03 6.762092163363279376e-07 1.863052458925535120e-08 6.870170980731853548e-14 1.069991756251868553e-15
2.485000000000000000e+03 6.462509691623286508e-07 1.572938269118829904e-08 6.115359342031700531e-14 8.575240786792328996e-16
2.646000000000000000e+03 6.162374831175236438e-07 1.327539290462630132e-08 5.422424884806906267e-14 6.858385334783056404e-16
2.817000000000000000e+03 5.862921525196537755e-07 1.119500947708647338e-08 4.789085385346881790e-14 5.470345509469653009e-16
3.000000000000000000e+03 5.563961068543874585e-07 9.421017321443513565e-09 4.210366303202191060e-14 4.343784764960258452e-16
